Datum;Uhrzeit;Fahrradbruecke;Fahrradbruecke stadteinwaerts;Fahrradbruecke stadtauswaerts
01/01/2019;00:00;3;3;0
01/01/2019;00:15;14;4;10
01/01/2019;00:30;14;8;6
01/01/2019;00:45;30;10;20
01/01/2019;01:00;25;12;13
01/01/2019;01:15;18;8;10
01/01/2019;01:30;20;6;14
01/01/2019;01:45;37;23;14
01/01/2019;02:00;49;24;25
01/01/2019;02:15;23;14;9
01/01/2019;02:30;36;16;20
01/01/2019;02:45;35;19;16
01/01/2019;03:00;38;21;17
01/01/2019;03:15;24;15;9
01/01/2019;03:30;13;8;5
01/01/2019;03:45;23;15;8
01/01/2019;04:00;22;13;9
01/01/2019;04:15;17;6;11
01/01/2019;04:30;19;12;7
01/01/2019;04:45;10;3;7
01/01/2019;05:00;11;8;3
01/01/2019;05:15;4;2;2
01/01/2019;05:30;13;6;7
01/01/2019;05:45;10;4;6
01/01/2019;06:00;11;4;7
01/01/2019;06:15;6;2;4
01/01/2019;06:30;6;4;2
01/01/2019;06:45;3;1;2
01/01/2019;07:00;1;0;1
01/01/2019;07:15;6;4;2
01/01/2019;07:30;6;3;3
01/01/2019;07:45;5;1;4
01/01/2019;08:00;7;2;5
01/01/2019;08:15;3;2;1
01/01/2019;08:30;2;0;2
01/01/2019;08:45;14;9;5
01/01/2019;09:00;4;3;1
01/01/2019;09:15;4;1;3
01/01/2019;09:30;7;4;3
01/01/2019;09:45;10;8;2
01/01/2019;10:00;10;5;5
01/01/2019;10:15;14;4;10
01/01/2019;10:30;10;7;3
01/01/2019;10:45;13;7;6
01/01/2019;11:00;12;8;4
01/01/2019;11:15;4;1;3
01/01/2019;11:30;10;6;4
01/01/2019;11:45;14;8;6
01/01/2019;12:00;20;9;11
01/01/2019;12:15;18;7;11
01/01/2019;12:30;23;17;6
01/01/2019;12:45;27;16;11
01/01/2019;13:00;21;10;11
01/01/2019;13:15;17;8;9
01/01/2019;13:30;26;15;11
01/01/2019;13:45;20;7;13
01/01/2019;14:00;23;10;13
01/01/2019;14:15;21;7;14
01/01/2019;14:30;15;8;7
01/01/2019;14:45;22;14;8
01/01/2019;15:00;37;23;14
01/01/2019;15:15;22;11;11
01/01/2019;15:30;35;11;24
01/01/2019;15:45;24;11;13
01/01/2019;16:00;37;13;24
01/01/2019;16:15;19;7;12
01/01/2019;16:30;22;17;5
01/01/2019;16:45;32;19;13
01/01/2019;17:00;27;12;15
01/01/2019;17:15;29;14;15
01/01/2019;17:30;23;10;13
01/01/2019;17:45;29;11;18
01/01/2019;18:00;21;6;15
01/01/2019;18:15;23;13;10
01/01/2019;18:30;14;6;8
01/01/2019;18:45;14;7;7
01/01/2019;19:00;19;8;11
01/01/2019;19:15;6;1;5
01/01/2019;19:30;11;5;6
01/01/2019;19:45;11;5;6
01/01/2019;20:00;20;15;5
01/01/2019;20:15;19;15;4
01/01/2019;20:30;11;7;4
01/01/2019;20:45;6;3;3
01/01/2019;21:00;8;5;3
01/01/2019;21:15;12;2;10
01/01/2019;21:30;7;3;4
01/01/2019;21:45;5;0;5
01/01/2019;22:00;12;4;8
01/01/2019;22:15;6;0;6
01/01/2019;22:30;12;9;3
01/01/2019;22:45;10;3;7
01/01/2019;23:00;8;2;6
01/01/2019;23:15;10;3;7
01/01/2019;23:30;11;8;3
01/01/2019;23:45;6;4;2
02/01/2019;00:00;2;1;1
02/01/2019;00:15;1;1;0
02/01/2019;00:30;4;0;4
02/01/2019;00:45;5;1;4
02/01/2019;01:00;0;0;0
02/01/2019;01:15;0;0;0
02/01/2019;01:30;4;4;0
02/01/2019;01:45;1;1;0
02/01/2019;02:00;0;0;0
02/01/2019;02:15;1;0;1
02/01/2019;02:30;1;0;1
02/01/2019;02:45;0;0;0
02/01/2019;03:00;0;0;0
02/01/2019;03:15;0;0;0
02/01/2019;03:30;0;0;0
02/01/2019;03:45;0;0;0
02/01/2019;04:00;0;0;0
02/01/2019;04:15;0;0;0
02/01/2019;04:30;1;1;0
02/01/2019;04:45;2;2;0
02/01/2019;05:00;0;0;0
02/01/2019;05:15;4;1;3
02/01/2019;05:30;7;3;4
02/01/2019;05:45;9;4;5
02/01/2019;06:00;9;2;7
02/01/2019;06:15;16;13;3
02/01/2019;06:30;16;10;6
02/01/2019;06:45;28;11;17
02/01/2019;07:00;26;10;16
02/01/2019;07:15;20;8;12
02/01/2019;07:30;33;21;12
02/01/2019;07:45;47;27;20
02/01/2019;08:00;23;17;6
02/01/2019;08:15;50;27;23
02/01/2019;08:30;44;25;19
02/01/2019;08:45;64;37;27
02/01/2019;09:00;58;39;19
02/01/2019;09:15;53;38;15
02/01/2019;09:30;54;30;24
02/01/2019;09:45;55;38;17
02/01/2019;10:00;52;31;21
02/01/2019;10:15;62;44;18
02/01/2019;10:30;62;35;27
02/01/2019;10:45;55;31;24
02/01/2019;11:00;53;39;14
02/01/2019;11:15;51;25;26
02/01/2019;11:30;66;34;32
02/01/2019;11:45;51;27;24
02/01/2019;12:00;70;43;27
02/01/2019;12:15;63;26;37
02/01/2019;12:30;68;28;40
02/01/2019;12:45;68;38;30
02/01/2019;13:00;69;32;37
02/01/2019;13:15;78;32;46
02/01/2019;13:30;48;29;19
02/01/2019;13:45;68;32;36
02/01/2019;14:00;77;47;30
02/01/2019;14:15;52;22;30
02/01/2019;14:30;78;39;39
02/01/2019;14:45;58;33;25
02/01/2019;15:00;67;30;37
02/01/2019;15:15;82;36;46
02/01/2019;15:30;63;25;38
02/01/2019;15:45;75;37;38
02/01/2019;16:00;82;35;47
02/01/2019;16:15;74;32;42
02/01/2019;16:30;82;35;47
02/01/2019;16:45;82;42;40
02/01/2019;17:00;71;31;40
02/01/2019;17:15;81;39;42
02/01/2019;17:30;70;27;43
02/01/2019;17:45;46;21;25
02/01/2019;18:00;71;39;32
02/01/2019;18:15;59;27;32
02/01/2019;18:30;49;17;32
02/01/2019;18:45;41;17;24
02/01/2019;19:00;36;8;28
02/01/2019;19:15;52;24;28
02/01/2019;19:30;41;15;26
02/01/2019;19:45;40;15;25
02/01/2019;20:00;37;18;19
02/01/2019;20:15;27;11;16
02/01/2019;20:30;25;13;12
02/01/2019;20:45;28;14;14
02/01/2019;21:00;22;11;11
02/01/2019;21:15;18;7;11
02/01/2019;21:30;15;8;7
02/01/2019;21:45;21;11;10
02/01/2019;22:00;26;9;17
02/01/2019;22:15;20;8;12
02/01/2019;22:30;23;12;11
02/01/2019;22:45;18;8;10
02/01/2019;23:00;12;5;7
02/01/2019;23:15;11;4;7
02/01/2019;23:30;7;1;6
02/01/2019;23:45;8;2;6
03/01/2019;00:00;9;4;5
03/01/2019;00:15;3;1;2
03/01/2019;00:30;7;3;4
03/01/2019;00:45;5;2;3
03/01/2019;01:00;7;2;5
03/01/2019;01:15;5;2;3
03/01/2019;01:30;4;0;4
03/01/2019;01:45;1;1;0
03/01/2019;02:00;3;2;1
03/01/2019;02:15;0;0;0
03/01/2019;02:30;0;0;0
03/01/2019;02:45;1;0;1
03/01/2019;03:00;2;0;2
03/01/2019;03:15;2;1;1
03/01/2019;03:30;2;0;2
03/01/2019;03:45;1;1;0
03/01/2019;04:00;2;0;2
03/01/2019;04:15;2;2;0
03/01/2019;04:30;3;2;1
03/01/2019;04:45;3;3;0
03/01/2019;05:00;5;5;0
03/01/2019;05:15;4;1;3
03/01/2019;05:30;8;3;5
03/01/2019;05:45;15;8;7
03/01/2019;06:00;9;5;4
03/01/2019;06:15;12;10;2
03/01/2019;06:30;17;9;8
03/01/2019;06:45;35;18;17
03/01/2019;07:00;27;14;13
03/01/2019;07:15;32;13;19
03/01/2019;07:30;26;11;15
03/01/2019;07:45;48;25;23
03/01/2019;08:00;36;19;17
03/01/2019;08:15;57;34;23
03/01/2019;08:30;45;22;23
03/01/2019;08:45;64;34;30
03/01/2019;09:00;45;30;15
03/01/2019;09:15;52;38;14
03/01/2019;09:30;48;27;21
03/01/2019;09:45;56;31;25
03/01/2019;10:00;51;24;27
03/01/2019;10:15;52;31;21
03/01/2019;10:30;46;26;20
03/01/2019;10:45;47;28;19
03/01/2019;11:00;57;30;27
03/01/2019;11:15;58;35;23
03/01/2019;11:30;37;23;14
03/01/2019;11:45;46;23;23
03/01/2019;12:00;60;29;31
03/01/2019;12:15;66;32;34
03/01/2019;12:30;71;35;36
03/01/2019;12:45;80;37;43
03/01/2019;13:00;53;24;29
03/01/2019;13:15;51;26;25
03/01/2019;13:30;61;32;29
03/01/2019;13:45;82;43;39
03/01/2019;14:00;74;39;35
03/01/2019;14:15;64;41;23
03/01/2019;14:30;71;29;42
03/01/2019;14:45;81;43;38
03/01/2019;15:00;67;39;28
03/01/2019;15:15;62;25;37
03/01/2019;15:30;82;51;31
03/01/2019;15:45;76;36;40
03/01/2019;16:00;85;39;46
03/01/2019;16:15;69;32;37
03/01/2019;16:30;96;46;50
03/01/2019;16:45;113;56;57
03/01/2019;17:00;66;31;35
03/01/2019;17:15;79;35;44
03/01/2019;17:30;70;29;41
03/01/2019;17:45;75;37;38
03/01/2019;18:00;76;34;42
03/01/2019;18:15;72;22;50
03/01/2019;18:30;64;29;35
03/01/2019;18:45;67;24;43
03/01/2019;19:00;50;20;30
03/01/2019;19:15;73;30;43
03/01/2019;19:30;40;15;25
03/01/2019;19:45;56;30;26
03/01/2019;20:00;46;18;28
03/01/2019;20:15;32;9;23
03/01/2019;20:30;30;13;17
03/01/2019;20:45;25;10;15
03/01/2019;21:00;18;7;11
03/01/2019;21:15;29;14;15
03/01/2019;21:30;13;4;9
03/01/2019;21:45;20;11;9
03/01/2019;22:00;14;7;7
03/01/2019;22:15;29;10;19
03/01/2019;22:30;22;10;12
03/01/2019;22:45;19;1;18
03/01/2019;23:00;15;8;7
03/01/2019;23:15;16;7;9
03/01/2019;23:30;10;2;8
03/01/2019;23:45;14;4;10
04/01/2019;00:00;7;5;2
04/01/2019;00:15;6;3;3
04/01/2019;00:30;3;2;1
04/01/2019;00:45;3;0;3
04/01/2019;01:00;6;1;5
04/01/2019;01:15;1;0;1
04/01/2019;01:30;4;0;4
04/01/2019;01:45;4;2;2
04/01/2019;02:00;7;5;2
04/01/2019;02:15;0;0;0
04/01/2019;02:30;5;2;3
04/01/2019;02:45;0;0;0
04/01/2019;03:00;1;1;0
04/01/2019;03:15;2;0;2
04/01/2019;03:30;2;1;1
04/01/2019;03:45;2;2;0
04/01/2019;04:00;1;1;0
04/01/2019;04:15;0;0;0
04/01/2019;04:30;0;0;0
04/01/2019;04:45;6;5;1
04/01/2019;05:00;1;0;1
04/01/2019;05:15;4;1;3
04/01/2019;05:30;4;1;3
04/01/2019;05:45;8;5;3
04/01/2019;06:00;6;1;5
04/01/2019;06:15;9;6;3
04/01/2019;06:30;13;8;5
04/01/2019;06:45;23;13;10
04/01/2019;07:00;28;17;11
04/01/2019;07:15;23;9;14
04/01/2019;07:30;31;16;15
04/01/2019;07:45;45;24;21
04/01/2019;08:00;39;19;20
04/01/2019;08:15;41;29;12
04/01/2019;08:30;42;26;16
04/01/2019;08:45;68;39;29
04/01/2019;09:00;44;22;22
04/01/2019;09:15;54;35;19
04/01/2019;09:30;43;26;17
04/01/2019;09:45;45;32;13
04/01/2019;10:00;39;21;18
04/01/2019;10:15;48;30;18
04/01/2019;10:30;54;30;24
04/01/2019;10:45;62;39;23
04/01/2019;11:00;55;29;26
04/01/2019;11:15;49;27;22
04/01/2019;11:30;64;35;29
04/01/2019;11:45;64;32;32
04/01/2019;12:00;66;31;35
04/01/2019;12:15;80;35;45
04/01/2019;12:30;66;23;43
04/01/2019;12:45;65;29;36
04/01/2019;13:00;73;38;35
04/01/2019;13:15;56;23;33
04/01/2019;13:30;57;28;29
04/01/2019;13:45;71;31;40
04/01/2019;14:00;79;35;44
04/01/2019;14:15;71;40;31
04/01/2019;14:30;78;31;47
04/01/2019;14:45;79;45;34
04/01/2019;15:00;65;31;34
04/01/2019;15:15;75;40;35
04/01/2019;15:30;59;31;28
04/01/2019;15:45;68;37;31
04/01/2019;16:00;67;34;33
04/01/2019;16:15;73;41;32
04/01/2019;16:30;84;38;46
04/01/2019;16:45;77;37;40
04/01/2019;17:00;83;34;49
04/01/2019;17:15;77;33;44
04/01/2019;17:30;66;25;41
04/01/2019;17:45;69;37;32
04/01/2019;18:00;84;38;46
04/01/2019;18:15;56;24;32
04/01/2019;18:30;65;30;35
04/01/2019;18:45;67;35;32
04/01/2019;19:00;56;29;27
04/01/2019;19:15;54;29;25
04/01/2019;19:30;52;23;29
04/01/2019;19:45;54;22;32
04/01/2019;20:00;51;29;22
04/01/2019;20:15;40;20;20
04/01/2019;20:30;27;14;13
04/01/2019;20:45;23;12;11
04/01/2019;21:00;17;9;8
04/01/2019;21:15;28;16;12
04/01/2019;21:30;15;7;8
04/01/2019;21:45;25;12;13
04/01/2019;22:00;14;9;5
04/01/2019;22:15;17;9;8
04/01/2019;22:30;16;6;10
04/01/2019;22:45;17;6;11
04/01/2019;23:00;23;9;14
04/01/2019;23:15;23;6;17
04/01/2019;23:30;15;4;11
04/01/2019;23:45;14;6;8
05/01/2019;00:00;20;9;11
05/01/2019;00:15;16;10;6
05/01/2019;00:30;16;10;6
05/01/2019;00:45;7;3;4
05/01/2019;01:00;13;3;10
05/01/2019;01:15;4;2;2
05/01/2019;01:30;8;4;4
05/01/2019;01:45;7;3;4
05/01/2019;02:00;7;4;3
05/01/2019;02:15;2;0;2
05/01/2019;02:30;9;2;7
05/01/2019;02:45;4;1;3
05/01/2019;03:00;2;0;2
05/01/2019;03:15;3;1;2
05/01/2019;03:30;1;0;1
05/01/2019;03:45;1;0;1
05/01/2019;04:00;8;2;6
05/01/2019;04:15;3;1;2
05/01/2019;04:30;2;0;2
05/01/2019;04:45;4;4;0
05/01/2019;05:00;2;1;1
05/01/2019;05:15;5;5;0
05/01/2019;05:30;6;2;4
05/01/2019;05:45;10;7;3
05/01/2019;06:00;1;0;1
05/01/2019;06:15;2;1;1
05/01/2019;06:30;7;5;2
05/01/2019;06:45;8;3;5
05/01/2019;07:00;4;3;1
05/01/2019;07:15;11;8;3
05/01/2019;07:30;4;2;2
05/01/2019;07:45;10;5;5
05/01/2019;08:00;16;8;8
05/01/2019;08:15;12;8;4
05/01/2019;08:30;19;13;6
05/01/2019;08:45;19;9;10
05/01/2019;09:00;22;14;8
05/01/2019;09:15;25;14;11
05/01/2019;09:30;20;15;5
05/01/2019;09:45;40;28;12
05/01/2019;10:00;31;17;14
05/01/2019;10:15;28;17;11
05/01/2019;10:30;26;19;7
05/01/2019;10:45;29;18;11
05/01/2019;11:00;29;14;15
05/01/2019;11:15;19;12;7
05/01/2019;11:30;29;20;9
05/01/2019;11:45;27;7;20
05/01/2019;12:00;28;14;14
05/01/2019;12:15;40;24;16
05/01/2019;12:30;23;11;12
05/01/2019;12:45;40;24;16
05/01/2019;13:00;27;15;12
05/01/2019;13:15;28;11;17
05/01/2019;13:30;24;13;11
05/01/2019;13:45;21;3;18
05/01/2019;14:00;30;16;14
05/01/2019;14:15;39;18;21
05/01/2019;14:30;35;14;21
05/01/2019;14:45;14;5;9
05/01/2019;15:00;25;14;11
05/01/2019;15:15;17;10;7
05/01/2019;15:30;36;17;19
05/01/2019;15:45;32;22;10
05/01/2019;16:00;26;10;16
05/01/2019;16:15;23;8;15
05/01/2019;16:30;23;5;18
05/01/2019;16:45;30;17;13
05/01/2019;17:00;26;11;15
05/01/2019;17:15;30;14;16
05/01/2019;17:30;21;13;8
05/01/2019;17:45;35;20;15
05/01/2019;18:00;37;16;21
05/01/2019;18:15;35;18;17
05/01/2019;18:30;26;11;15
05/01/2019;18:45;33;14;19
05/01/2019;19:00;34;12;22
05/01/2019;19:15;17;5;12
05/01/2019;19:30;21;12;9
05/01/2019;19:45;35;20;15
05/01/2019;20:00;34;9;25
05/01/2019;20:15;24;12;12
05/01/2019;20:30;20;6;14
05/01/2019;20:45;21;6;15
05/01/2019;21:00;18;8;10
05/01/2019;21:15;29;17;12
05/01/2019;21:30;18;7;11
05/01/2019;21:45;19;14;5
05/01/2019;22:00;15;7;8
05/01/2019;22:15;18;13;5
05/01/2019;22:30;17;9;8
05/01/2019;22:45;19;6;13
05/01/2019;23:00;21;9;12
05/01/2019;23:15;16;10;6
05/01/2019;23:30;14;7;7
05/01/2019;23:45;25;14;11
06/01/2019;00:00;29;15;14
06/01/2019;00:15;12;4;8
06/01/2019;00:30;10;8;2
06/01/2019;00:45;12;7;5
06/01/2019;01:00;11;8;3
06/01/2019;01:15;7;3;4
06/01/2019;01:30;5;0;5
06/01/2019;01:45;8;5;3
06/01/2019;02:00;11;2;9
06/01/2019;02:15;5;2;3
06/01/2019;02:30;4;2;2
06/01/2019;02:45;5;1;4
06/01/2019;03:00;14;3;11
06/01/2019;03:15;5;2;3
06/01/2019;03:30;13;2;11
06/01/2019;03:45;1;0;1
06/01/2019;04:00;0;0;0
06/01/2019;04:15;1;0;1
06/01/2019;04:30;5;1;4
06/01/2019;04:45;4;3;1
06/01/2019;05:00;3;1;2
06/01/2019;05:15;0;0;0
06/01/2019;05:30;5;3;2
06/01/2019;05:45;4;1;3
06/01/2019;06:00;0;0;0
06/01/2019;06:15;2;1;1
06/01/2019;06:30;4;2;2
06/01/2019;06:45;1;0;1
06/01/2019;07:00;0;0;0
06/01/2019;07:15;3;2;1
06/01/2019;07:30;3;1;2
06/01/2019;07:45;5;2;3
06/01/2019;08:00;6;2;4
06/01/2019;08:15;4;3;1
06/01/2019;08:30;4;2;2
06/01/2019;08:45;8;4;4
06/01/2019;09:00;8;2;6
06/01/2019;09:15;12;7;5
06/01/2019;09:30;19;10;9
06/01/2019;09:45;22;13;9
06/01/2019;10:00;17;11;6
06/01/2019;10:15;22;10;12
06/01/2019;10:30;12;4;8
06/01/2019;10:45;11;5;6
06/01/2019;11:00;18;11;7
06/01/2019;11:15;13;9;4
06/01/2019;11:30;22;5;17
06/01/2019;11:45;35;12;23
06/01/2019;12:00;19;6;13
06/01/2019;12:15;26;15;11
06/01/2019;12:30;28;15;13
06/01/2019;12:45;42;25;17
06/01/2019;13:00;23;9;14
06/01/2019;13:15;20;12;8
06/01/2019;13:30;27;23;4
06/01/2019;13:45;22;8;14
06/01/2019;14:00;27;13;14
06/01/2019;14:15;31;19;12
06/01/2019;14:30;31;16;15
06/01/2019;14:45;31;14;17
06/01/2019;15:00;39;19;20
06/01/2019;15:15;30;20;10
06/01/2019;15:30;37;16;21
06/01/2019;15:45;36;15;21
06/01/2019;16:00;43;20;23
06/01/2019;16:15;23;7;16
06/01/2019;16:30;27;10;17
06/01/2019;16:45;42;19;23
06/01/2019;17:00;40;16;24
06/01/2019;17:15;36;19;17
06/01/2019;17:30;52;22;30
06/01/2019;17:45;37;13;24
06/01/2019;18:00;39;17;22
06/01/2019;18:15;33;13;20
06/01/2019;18:30;31;12;19
06/01/2019;18:45;37;21;16
06/01/2019;19:00;32;15;17
06/01/2019;19:15;32;20;12
06/01/2019;19:30;44;23;21
06/01/2019;19:45;24;15;9
06/01/2019;20:00;37;17;20
06/01/2019;20:15;34;6;28
06/01/2019;20:30;18;13;5
06/01/2019;20:45;13;5;8
06/01/2019;21:00;16;12;4
06/01/2019;21:15;15;4;11
06/01/2019;21:30;18;10;8
06/01/2019;21:45;9;5;4
06/01/2019;22:00;15;11;4
06/01/2019;22:15;14;7;7
06/01/2019;22:30;14;8;6
06/01/2019;22:45;8;3;5
06/01/2019;23:00;8;2;6
06/01/2019;23:15;13;10;3
06/01/2019;23:30;11;7;4
06/01/2019;23:45;4;1;3
07/01/2019;00:00;8;5;3
07/01/2019;00:15;6;5;1
07/01/2019;00:30;12;9;3
07/01/2019;00:45;5;0;5
07/01/2019;01:00;0;0;0
07/01/2019;01:15;2;2;0
07/01/2019;01:30;2;2;0
07/01/2019;01:45;1;1;0
07/01/2019;02:00;3;3;0
07/01/2019;02:15;2;1;1
07/01/2019;02:30;1;0;1
07/01/2019;02:45;0;0;0
07/01/2019;03:00;1;0;1
07/01/2019;03:15;2;2;0
07/01/2019;03:30;0;0;0
07/01/2019;03:45;2;2;0
07/01/2019;04:00;1;0;1
07/01/2019;04:15;0;0;0
07/01/2019;04:30;2;2;0
07/01/2019;04:45;6;4;2
07/01/2019;05:00;3;3;0
07/01/2019;05:15;2;0;2
07/01/2019;05:30;15;14;1
07/01/2019;05:45;20;14;6
07/01/2019;06:00;16;10;6
07/01/2019;06:15;21;16;5
07/01/2019;06:30;34;20;14
07/01/2019;06:45;43;27;16
07/01/2019;07:00;64;43;21
07/01/2019;07:15;135;78;57
07/01/2019;07:30;309;192;117
07/01/2019;07:45;202;126;76
07/01/2019;08:00;129;59;70
07/01/2019;08:15;148;80;68
07/01/2019;08:30;114;76;38
07/01/2019;08:45;131;74;57
07/01/2019;09:00;99;62;37
07/01/2019;09:15;100;59;41
07/01/2019;09:30;154;123;31
07/01/2019;09:45;106;66;40
07/01/2019;10:00;53;25;28
07/01/2019;10:15;67;41;26
07/01/2019;10:30;52;30;22
07/01/2019;10:45;62;29;33
07/01/2019;11:00;81;35;46
07/01/2019;11:15;109;49;60
07/01/2019;11:30;75;35;40
07/01/2019;11:45;68;27;41
07/01/2019;12:00;80;40;40
07/01/2019;12:15;83;41;42
07/01/2019;12:30;97;41;56
07/01/2019;12:45;128;62;66
07/01/2019;13:00;200;48;152
07/01/2019;13:15;121;54;67
07/01/2019;13:30;104;57;47
07/01/2019;13:45;151;82;69
07/01/2019;14:00;86;37;49
07/01/2019;14:15;83;49;34
07/01/2019;14:30;92;45;47
07/01/2019;14:45;91;41;50
07/01/2019;15:00;93;40;53
07/01/2019;15:15;137;67;70
07/01/2019;15:30;278;129;149
07/01/2019;15:45;167;63;104
07/01/2019;16:00;130;63;67
07/01/2019;16:15;128;62;66
07/01/2019;16:30;143;56;87
07/01/2019;16:45;141;60;81
07/01/2019;17:00;156;61;95
07/01/2019;17:15;232;112;120
07/01/2019;17:30;168;70;98
07/01/2019;17:45;144;57;87
07/01/2019;18:00;142;54;88
07/01/2019;18:15;124;62;62
07/01/2019;18:30;136;66;70
07/01/2019;18:45;144;63;81
07/01/2019;19:00;124;55;69
07/01/2019;19:15;136;56;80
07/01/2019;19:30;83;29;54
07/01/2019;19:45;76;24;52
07/01/2019;20:00;80;40;40
07/01/2019;20:15;82;37;45
07/01/2019;20:30;47;22;25
07/01/2019;20:45;38;14;24
07/01/2019;21:00;32;15;17
07/01/2019;21:15;40;16;24
07/01/2019;21:30;36;19;17
07/01/2019;21:45;56;30;26
07/01/2019;22:00;53;19;34
07/01/2019;22:15;37;13;24
07/01/2019;22:30;31;10;21
07/01/2019;22:45;28;10;18
07/01/2019;23:00;18;6;12
07/01/2019;23:15;11;4;7
07/01/2019;23:30;20;10;10
07/01/2019;23:45;12;6;6
08/01/2019;00:00;12;9;3
08/01/2019;00:15;6;3;3
08/01/2019;00:30;4;0;4
08/01/2019;00:45;3;2;1
08/01/2019;01:00;6;2;4
08/01/2019;01:15;3;0;3
08/01/2019;01:30;2;2;0
08/01/2019;01:45;4;3;1
08/01/2019;02:00;3;2;1
08/01/2019;02:15;1;0;1
08/01/2019;02:30;4;2;2
08/01/2019;02:45;1;1;0
08/01/2019;03:00;0;0;0
08/01/2019;03:15;2;2;0
08/01/2019;03:30;0;0;0
08/01/2019;03:45;2;2;0
08/01/2019;04:00;0;0;0
08/01/2019;04:15;3;2;1
08/01/2019;04:30;1;1;0
08/01/2019;04:45;4;2;2
08/01/2019;05:00;3;3;0
08/01/2019;05:15;3;2;1
08/01/2019;05:30;7;6;1
08/01/2019;05:45;20;11;9
08/01/2019;06:00;15;13;2
08/01/2019;06:15;23;18;5
08/01/2019;06:30;25;20;5
08/01/2019;06:45;47;28;19
08/01/2019;07:00;51;29;22
08/01/2019;07:15;104;56;48
08/01/2019;07:30;292;187;105
08/01/2019;07:45;265;173;92
08/01/2019;08:00;144;82;62
08/01/2019;08:15;155;78;77
08/01/2019;08:30;119;70;49
08/01/2019;08:45;141;87;54
08/01/2019;09:00;107;72;35
08/01/2019;09:15;129;82;47
08/01/2019;09:30;193;141;52
08/01/2019;09:45;100;52;48
08/01/2019;10:00;67;37;30
08/01/2019;10:15;64;34;30
08/01/2019;10:30;60;30;30
08/01/2019;10:45;78;49;29
08/01/2019;11:00;105;38;67
08/01/2019;11:15;143;76;67
08/01/2019;11:30;87;46;41
08/01/2019;11:45;67;30;37
08/01/2019;12:00;85;40;45
08/01/2019;12:15;101;33;68
08/01/2019;12:30;103;37;66
08/01/2019;12:45;100;41;59
08/01/2019;13:00;201;45;156
08/01/2019;13:15;116;52;64
08/01/2019;13:30;109;46;63
08/01/2019;13:45;141;72;69
08/01/2019;14:00;89;45;44
08/01/2019;14:15;94;53;41
08/01/2019;14:30;69;35;34
08/01/2019;14:45;79;41;38
08/01/2019;15:00;74;34;40
08/01/2019;15:15;121;68;53
08/01/2019;15:30;314;135;179
08/01/2019;15:45;164;75;89
08/01/2019;16:00;130;61;69
08/01/2019;16:15;163;80;83
08/01/2019;16:30;141;51;90
08/01/2019;16:45;149;76;73
08/01/2019;17:00;197;70;127
08/01/2019;17:15;221;100;121
08/01/2019;17:30;166;79;87
08/01/2019;17:45;146;75;71
08/01/2019;18:00;136;52;84
08/01/2019;18:15;142;64;78
08/01/2019;18:30;108;44;64
08/01/2019;18:45;145;61;84
08/01/2019;19:00;128;49;79
08/01/2019;19:15;120;57;63
08/01/2019;19:30;86;52;34
08/01/2019;19:45;101;38;63
08/01/2019;20:00;64;26;38
08/01/2019;20:15;82;34;48
08/01/2019;20:30;61;28;33
08/01/2019;20:45;52;18;34
08/01/2019;21:00;45;17;28
08/01/2019;21:15;36;14;22
08/01/2019;21:30;39;9;30
08/01/2019;21:45;38;14;24
08/01/2019;22:00;63;17;46
08/01/2019;22:15;50;24;26
08/01/2019;22:30;28;7;21
08/01/2019;22:45;22;8;14
08/01/2019;23:00;30;18;12
08/01/2019;23:15;21;7;14
08/01/2019;23:30;12;5;7
08/01/2019;23:45;4;4;0
09/01/2019;00:00;8;3;5
09/01/2019;00:15;8;4;4
09/01/2019;00:30;14;10;4
09/01/2019;00:45;4;4;0
09/01/2019;01:00;3;3;0
09/01/2019;01:15;2;0;2
09/01/2019;01:30;4;1;3
09/01/2019;01:45;3;2;1
09/01/2019;02:00;7;6;1
09/01/2019;02:15;0;0;0
09/01/2019;02:30;2;1;1
09/01/2019;02:45;2;0;2
09/01/2019;03:00;1;1;0
09/01/2019;03:15;1;1;0
09/01/2019;03:30;1;1;0
09/01/2019;03:45;0;0;0
09/01/2019;04:00;1;1;0
09/01/2019;04:15;1;0;1
09/01/2019;04:30;1;1;0
09/01/2019;04:45;6;4;2
09/01/2019;05:00;2;1;1
09/01/2019;05:15;3;0;3
09/01/2019;05:30;14;9;5
09/01/2019;05:45;10;7;3
09/01/2019;06:00;11;8;3
09/01/2019;06:15;24;15;9
09/01/2019;06:30;30;20;10
09/01/2019;06:45;44;21;23
09/01/2019;07:00;57;31;26
09/01/2019;07:15;140;78;62
09/01/2019;07:30;291;174;117
09/01/2019;07:45;318;223;95
09/01/2019;08:00;146;97;49
09/01/2019;08:15;148;79;69
09/01/2019;08:30;110;59;51
09/01/2019;08:45;155;87;68
09/01/2019;09:00;108;72;36
09/01/2019;09:15;129;86;43
09/01/2019;09:30;157;100;57
09/01/2019;09:45;130;69;61
09/01/2019;10:00;70;39;31
09/01/2019;10:15;66;33;33
09/01/2019;10:30;76;35;41
09/01/2019;10:45;64;29;35
09/01/2019;11:00;85;41;44
09/01/2019;11:15;132;65;67
09/01/2019;11:30;105;53;52
09/01/2019;11:45;91;37;54
09/01/2019;12:00;80;40;40
09/01/2019;12:15;99;55;44
09/01/2019;12:30;108;49;59
09/01/2019;12:45;115;56;59
09/01/2019;13:00;296;95;201
09/01/2019;13:15;127;70;57
09/01/2019;13:30;93;48;45
09/01/2019;13:45;154;105;49
09/01/2019;14:00;103;55;48
09/01/2019;14:15;98;51;47
09/01/2019;14:30;88;42;46
09/01/2019;14:45;102;46;56
09/01/2019;15:00;83;47;36
09/01/2019;15:15;122;60;62
09/01/2019;15:30;181;61;120
09/01/2019;15:45;142;58;84
09/01/2019;16:00;136;57;79
09/01/2019;16:15;137;68;69
09/01/2019;16:30;110;47;63
09/01/2019;16:45;151;72;79
09/01/2019;17:00;168;72;96
09/01/2019;17:15;181;60;121
09/01/2019;17:30;150;67;83
09/01/2019;17:45;159;69;90
09/01/2019;18:00;165;76;89
09/01/2019;18:15;144;52;92
09/01/2019;18:30;111;51;60
09/01/2019;18:45;150;71;79
09/01/2019;19:00;134;52;82
09/01/2019;19:15;116;56;60
09/01/2019;19:30;92;42;50
09/01/2019;19:45;105;44;61
09/01/2019;20:00;99;53;46
09/01/2019;20:15;79;42;37
09/01/2019;20:30;56;26;30
09/01/2019;20:45;53;21;32
09/01/2019;21:00;43;15;28
09/01/2019;21:15;42;20;22
09/01/2019;21:30;49;17;32
09/01/2019;21:45;44;26;18
09/01/2019;22:00;79;37;42
09/01/2019;22:15;47;18;29
09/01/2019;22:30;41;24;17
09/01/2019;22:45;42;16;26
09/01/2019;23:00;31;9;22
09/01/2019;23:15;18;10;8
09/01/2019;23:30;13;8;5
09/01/2019;23:45;21;6;15
10/01/2019;00:00;16;5;11
10/01/2019;00:15;15;7;8
10/01/2019;00:30;10;3;7
10/01/2019;00:45;7;1;6
10/01/2019;01:00;2;0;2
10/01/2019;01:15;12;4;8
10/01/2019;01:30;7;2;5
10/01/2019;01:45;4;3;1
10/01/2019;02:00;6;4;2
10/01/2019;02:15;2;0;2
10/01/2019;02:30;5;0;5
10/01/2019;02:45;1;1;0
10/01/2019;03:00;0;0;0
10/01/2019;03:15;0;0;0
10/01/2019;03:30;2;2;0
10/01/2019;03:45;1;1;0
10/01/2019;04:00;1;1;0
10/01/2019;04:15;1;0;1
10/01/2019;04:30;1;1;0
10/01/2019;04:45;4;3;1
10/01/2019;05:00;2;2;0
10/01/2019;05:15;3;0;3
10/01/2019;05:30;11;6;5
10/01/2019;05:45;16;12;4
10/01/2019;06:00;7;6;1
10/01/2019;06:15;28;21;7
10/01/2019;06:30;20;12;8
10/01/2019;06:45;42;24;18
10/01/2019;07:00;52;28;24
10/01/2019;07:15;87;51;36
10/01/2019;07:30;211;118;93
10/01/2019;07:45;180;114;66
10/01/2019;08:00;94;55;39
10/01/2019;08:15;78;46;32
10/01/2019;08:30;72;38;34
10/01/2019;08:45;96;70;26
10/01/2019;09:00;87;58;29
10/01/2019;09:15;80;58;22
10/01/2019;09:30;102;72;30
10/01/2019;09:45;66;43;23
10/01/2019;10:00;34;21;13
10/01/2019;10:15;32;19;13
10/01/2019;10:30;35;27;8
10/01/2019;10:45;42;27;15
10/01/2019;11:00;48;28;20
10/01/2019;11:15;74;40;34
10/01/2019;11:30;56;27;29
10/01/2019;11:45;40;17;23
10/01/2019;12:00;40;19;21
10/01/2019;12:15;44;20;24
10/01/2019;12:30;42;9;33
10/01/2019;12:45;52;19;33
10/01/2019;13:00;143;34;109
10/01/2019;13:15;75;31;44
10/01/2019;13:30;73;40;33
10/01/2019;13:45;107;58;49
10/01/2019;14:00;70;39;31
10/01/2019;14:15;62;29;33
10/01/2019;14:30;58;37;21
10/01/2019;14:45;71;34;37
10/01/2019;15:00;59;30;29
10/01/2019;15:15;82;39;43
10/01/2019;15:30;192;78;114
10/01/2019;15:45;88;48;40
10/01/2019;16:00;93;46;47
10/01/2019;16:15;81;43;38
10/01/2019;16:30;89;42;47
10/01/2019;16:45;101;49;52
10/01/2019;17:00;104;61;43
10/01/2019;17:15;141;53;88
10/01/2019;17:30;120;48;72
10/01/2019;17:45;85;42;43
10/01/2019;18:00;107;53;54
10/01/2019;18:15;96;43;53
10/01/2019;18:30;84;35;49
10/01/2019;18:45;92;50;42
10/01/2019;19:00;96;46;50
10/01/2019;19:15;87;37;50
10/01/2019;19:30;55;20;35
10/01/2019;19:45;65;31;34
10/01/2019;20:00;66;30;36
10/01/2019;20:15;69;28;41
10/01/2019;20:30;40;14;26
10/01/2019;20:45;47;22;25
10/01/2019;21:00;48;21;27
10/01/2019;21:15;27;18;9
10/01/2019;21:30;20;10;10
10/01/2019;21:45;55;22;33
10/01/2019;22:00;47;17;30
10/01/2019;22:15;42;10;32
10/01/2019;22:30;32;11;21
10/01/2019;22:45;26;9;17
10/01/2019;23:00;20;9;11
10/01/2019;23:15;27;14;13
10/01/2019;23:30;16;9;7
10/01/2019;23:45;14;5;9
11/01/2019;00:00;14;8;6
11/01/2019;00:15;5;2;3
11/01/2019;00:30;8;6;2
11/01/2019;00:45;9;4;5
11/01/2019;01:00;6;3;3
11/01/2019;01:15;2;0;2
11/01/2019;01:30;2;1;1
11/01/2019;01:45;4;3;1
11/01/2019;02:00;5;2;3
11/01/2019;02:15;3;2;1
11/01/2019;02:30;1;1;0
11/01/2019;02:45;2;2;0
11/01/2019;03:00;0;0;0
11/01/2019;03:15;1;1;0
11/01/2019;03:30;1;0;1
11/01/2019;03:45;0;0;0
11/01/2019;04:00;2;0;2
11/01/2019;04:15;2;2;0
11/01/2019;04:30;1;1;0
11/01/2019;04:45;4;3;1
11/01/2019;05:00;1;1;0
11/01/2019;05:15;2;1;1
11/01/2019;05:30;10;7;3
11/01/2019;05:45;11;9;2
11/01/2019;06:00;19;11;8
11/01/2019;06:15;19;12;7
11/01/2019;06:30;21;12;9
11/01/2019;06:45;46;26;20
11/01/2019;07:00;46;26;20
11/01/2019;07:15;99;56;43
11/01/2019;07:30;253;156;97
11/01/2019;07:45;178;99;79
11/01/2019;08:00;108;64;44
11/01/2019;08:15;105;51;54
11/01/2019;08:30;110;71;39
11/01/2019;08:45;118;64;54
11/01/2019;09:00;102;66;36
11/01/2019;09:15;111;72;39
11/01/2019;09:30;129;89;40
11/01/2019;09:45;111;66;45
11/01/2019;10:00;65;37;28
11/01/2019;10:15;63;30;33
11/01/2019;10:30;65;30;35
11/01/2019;10:45;86;43;43
11/01/2019;11:00;63;36;27
11/01/2019;11:15;100;55;45
11/01/2019;11:30;77;32;45
11/01/2019;11:45;90;51;39
11/01/2019;12:00;100;45;55
11/01/2019;12:15;112;42;70
11/01/2019;12:30;115;60;55
11/01/2019;12:45;123;51;72
11/01/2019;13:00;229;63;166
11/01/2019;13:15;125;56;69
11/01/2019;13:30;125;67;58
11/01/2019;13:45;124;72;52
11/01/2019;14:00;96;44;52
11/01/2019;14:15;97;53;44
11/01/2019;14:30;109;61;48
11/01/2019;14:45;99;53;46
11/01/2019;15:00;96;50;46
11/01/2019;15:15;95;50;45
11/01/2019;15:30;105;48;57
11/01/2019;15:45;116;41;75
11/01/2019;16:00;117;58;59
11/01/2019;16:15;100;46;54
11/01/2019;16:30;114;48;66
11/01/2019;16:45;119;50;69
11/01/2019;17:00;102;48;54
11/01/2019;17:15;125;47;78
11/01/2019;17:30;98;47;51
11/01/2019;17:45;113;57;56
11/01/2019;18:00;91;40;51
11/01/2019;18:15;103;46;57
11/01/2019;18:30;89;40;49
11/01/2019;18:45;89;45;44
11/01/2019;19:00;90;42;48
11/01/2019;19:15;83;39;44
11/01/2019;19:30;64;35;29
11/01/2019;19:45;64;34;30
11/01/2019;20:00;56;20;36
11/01/2019;20:15;44;24;20
11/01/2019;20:30;43;23;20
11/01/2019;20:45;37;19;18
11/01/2019;21:00;26;7;19
11/01/2019;21:15;37;15;22
11/01/2019;21:30;31;13;18
11/01/2019;21:45;29;12;17
11/01/2019;22:00;39;11;28
11/01/2019;22:15;41;14;27
11/01/2019;22:30;17;6;11
11/01/2019;22:45;28;12;16
11/01/2019;23:00;28;13;15
11/01/2019;23:15;20;6;14
11/01/2019;23:30;29;10;19
11/01/2019;23:45;22;10;12
12/01/2019;00:00;30;11;19
12/01/2019;00:15;22;7;15
12/01/2019;00:30;14;3;11
12/01/2019;00:45;21;8;13
12/01/2019;01:00;12;8;4
12/01/2019;01:15;8;2;6
12/01/2019;01:30;12;4;8
12/01/2019;01:45;14;8;6
12/01/2019;02:00;15;9;6
12/01/2019;02:15;9;6;3
12/01/2019;02:30;5;3;2
12/01/2019;02:45;5;4;1
12/01/2019;03:00;6;2;4
12/01/2019;03:15;6;4;2
12/01/2019;03:30;5;3;2
12/01/2019;03:45;0;0;0
12/01/2019;04:00;2;1;1
12/01/2019;04:15;9;4;5
12/01/2019;04:30;2;1;1
12/01/2019;04:45;2;1;1
12/01/2019;05:00;1;1;0
12/01/2019;05:15;3;1;2
12/01/2019;05:30;9;7;2
12/01/2019;05:45;13;12;1
12/01/2019;06:00;6;4;2
12/01/2019;06:15;5;3;2
12/01/2019;06:30;4;2;2
12/01/2019;06:45;15;6;9
12/01/2019;07:00;9;2;7
12/01/2019;07:15;6;5;1
12/01/2019;07:30;10;8;2
12/01/2019;07:45;15;10;5
12/01/2019;08:00;20;11;9
12/01/2019;08:15;20;11;9
12/01/2019;08:30;26;14;12
12/01/2019;08:45;56;42;14
12/01/2019;09:00;34;30;4
12/01/2019;09:15;35;20;15
12/01/2019;09:30;38;23;15
12/01/2019;09:45;50;30;20
12/01/2019;10:00;45;30;15
12/01/2019;10:15;42;23;19
12/01/2019;10:30;39;31;8
12/01/2019;10:45;63;34;29
12/01/2019;11:00;64;36;28
12/01/2019;11:15;51;29;22
12/01/2019;11:30;65;34;31
12/01/2019;11:45;65;33;32
12/01/2019;12:00;73;36;37
12/01/2019;12:15;75;47;28
12/01/2019;12:30;70;45;25
12/01/2019;12:45;52;30;22
12/01/2019;13:00;68;38;30
12/01/2019;13:15;74;34;40
12/01/2019;13:30;72;32;40
12/01/2019;13:45;48;25;23
12/01/2019;14:00;60;35;25
12/01/2019;14:15;75;46;29
12/01/2019;14:30;56;23;33
12/01/2019;14:45;60;29;31
12/01/2019;15:00;61;20;41
12/01/2019;15:15;80;39;41
12/01/2019;15:30;51;23;28
12/01/2019;15:45;59;24;35
12/01/2019;16:00;55;24;31
12/01/2019;16:15;60;17;43
12/01/2019;16:30;63;25;38
12/01/2019;16:45;65;30;35
12/01/2019;17:00;62;24;38
12/01/2019;17:15;54;24;30
12/01/2019;17:30;63;32;31
12/01/2019;17:45;76;45;31
12/01/2019;18:00;66;28;38
12/01/2019;18:15;65;26;39
12/01/2019;18:30;56;26;30
12/01/2019;18:45;76;38;38
12/01/2019;19:00;29;11;18
12/01/2019;19:15;60;29;31
12/01/2019;19:30;55;34;21
12/01/2019;19:45;47;26;21
12/01/2019;20:00;64;31;33
12/01/2019;20:15;65;36;29
12/01/2019;20:30;40;23;17
12/01/2019;20:45;32;14;18
12/01/2019;21:00;29;16;13
12/01/2019;21:15;24;15;9
12/01/2019;21:30;42;24;18
12/01/2019;21:45;18;11;7
12/01/2019;22:00;26;13;13
12/01/2019;22:15;38;21;17
12/01/2019;22:30;31;6;25
12/01/2019;22:45;34;7;27
12/01/2019;23:00;31;11;20
12/01/2019;23:15;35;17;18
12/01/2019;23:30;34;10;24
12/01/2019;23:45;25;5;20
13/01/2019;00:00;25;9;16
13/01/2019;00:15;22;6;16
13/01/2019;00:30;31;6;25
13/01/2019;00:45;32;9;23
13/01/2019;01:00;12;8;4
13/01/2019;01:15;17;2;15
13/01/2019;01:30;12;2;10
13/01/2019;01:45;18;8;10
13/01/2019;02:00;12;1;11
13/01/2019;02:15;15;6;9
13/01/2019;02:30;7;4;3
13/01/2019;02:45;13;4;9
13/01/2019;03:00;10;2;8
13/01/2019;03:15;8;5;3
13/01/2019;03:30;7;1;6
13/01/2019;03:45;3;0;3
13/01/2019;04:00;2;0;2
13/01/2019;04:15;7;3;4
13/01/2019;04:30;14;8;6
13/01/2019;04:45;5;5;0
13/01/2019;05:00;3;1;2
13/01/2019;05:15;5;1;4
13/01/2019;05:30;4;1;3
13/01/2019;05:45;3;2;1
13/01/2019;06:00;3;3;0
13/01/2019;06:15;2;1;1
13/01/2019;06:30;2;2;0
13/01/2019;06:45;0;0;0
13/01/2019;07:00;4;3;1
13/01/2019;07:15;3;1;2
13/01/2019;07:30;5;1;4
13/01/2019;07:45;6;4;2
13/01/2019;08:00;9;5;4
13/01/2019;08:15;5;3;2
13/01/2019;08:30;11;4;7
13/01/2019;08:45;22;15;7
13/01/2019;09:00;12;3;9
13/01/2019;09:15;20;10;10
13/01/2019;09:30;17;15;2
13/01/2019;09:45;30;20;10
13/01/2019;10:00;21;11;10
13/01/2019;10:15;17;11;6
13/01/2019;10:30;27;11;16
13/01/2019;10:45;14;8;6
13/01/2019;11:00;34;15;19
13/01/2019;11:15;24;13;11
13/01/2019;11:30;16;9;7
13/01/2019;11:45;18;9;9
13/01/2019;12:00;18;13;5
13/01/2019;12:15;16;13;3
13/01/2019;12:30;26;17;9
13/01/2019;12:45;19;10;9
13/01/2019;13:00;26;16;10
13/01/2019;13:15;19;8;11
13/01/2019;13:30;19;10;9
13/01/2019;13:45;31;15;16
13/01/2019;14:00;25;10;15
13/01/2019;14:15;23;15;8
13/01/2019;14:30;30;18;12
13/01/2019;14:45;32;18;14
13/01/2019;15:00;23;20;3
13/01/2019;15:15;18;12;6
13/01/2019;15:30;28;14;14
13/01/2019;15:45;18;11;7
13/01/2019;16:00;36;12;24
13/01/2019;16:15;33;14;19
13/01/2019;16:30;35;19;16
13/01/2019;16:45;47;30;17
13/01/2019;17:00;32;8;24
13/01/2019;17:15;33;18;15
13/01/2019;17:30;25;10;15
13/01/2019;17:45;38;17;21
13/01/2019;18:00;31;14;17
13/01/2019;18:15;44;22;22
13/01/2019;18:30;30;11;19
13/01/2019;18:45;33;18;15
13/01/2019;19:00;30;18;12
13/01/2019;19:15;16;6;10
13/01/2019;19:30;23;10;13
13/01/2019;19:45;26;13;13
13/01/2019;20:00;26;10;16
13/01/2019;20:15;23;13;10
13/01/2019;20:30;27;14;13
13/01/2019;20:45;23;12;11
13/01/2019;21:00;16;8;8
13/01/2019;21:15;19;7;12
13/01/2019;21:30;17;7;10
13/01/2019;21:45;16;8;8
13/01/2019;22:00;13;6;7
13/01/2019;22:15;16;10;6
13/01/2019;22:30;13;9;4
13/01/2019;22:45;17;2;15
13/01/2019;23:00;13;7;6
13/01/2019;23:15;8;2;6
13/01/2019;23:30;2;1;1
13/01/2019;23:45;10;5;5
14/01/2019;00:00;6;2;4
14/01/2019;00:15;4;2;2
14/01/2019;00:30;1;0;1
14/01/2019;00:45;0;0;0
14/01/2019;01:00;8;3;5
14/01/2019;01:15;4;2;2
14/01/2019;01:30;2;1;1
14/01/2019;01:45;2;2;0
14/01/2019;02:00;3;2;1
14/01/2019;02:15;1;0;1
14/01/2019;02:30;1;1;0
14/01/2019;02:45;1;1;0
14/01/2019;03:00;0;0;0
14/01/2019;03:15;0;0;0
14/01/2019;03:30;1;1;0
14/01/2019;03:45;0;0;0
14/01/2019;04:00;0;0;0
14/01/2019;04:15;0;0;0
14/01/2019;04:30;1;1;0
14/01/2019;04:45;3;2;1
14/01/2019;05:00;2;2;0
14/01/2019;05:15;1;1;0
14/01/2019;05:30;9;6;3
14/01/2019;05:45;15;8;7
14/01/2019;06:00;11;6;5
14/01/2019;06:15;24;18;6
14/01/2019;06:30;33;14;19
14/01/2019;06:45;47;23;24
14/01/2019;07:00;58;27;31
14/01/2019;07:15;118;79;39
14/01/2019;07:30;293;180;113
14/01/2019;07:45;219;125;94
14/01/2019;08:00;127;63;64
14/01/2019;08:15;139;62;77
14/01/2019;08:30;112;75;37
14/01/2019;08:45;134;77;57
14/01/2019;09:00;92;60;32
14/01/2019;09:15;124;75;49
14/01/2019;09:30;159;106;53
14/01/2019;09:45;103;66;37
14/01/2019;10:00;91;52;39
14/01/2019;10:15;68;32;36
14/01/2019;10:30;75;41;34
14/01/2019;10:45;67;41;26
14/01/2019;11:00;99;53;46
14/01/2019;11:15;133;65;68
14/01/2019;11:30;65;26;39
14/01/2019;11:45;83;36;47
14/01/2019;12:00;90;44;46
14/01/2019;12:15;95;60;35
14/01/2019;12:30;90;40;50
14/01/2019;12:45;107;43;64
14/01/2019;13:00;192;44;148
14/01/2019;13:15;116;44;72
14/01/2019;13:30;105;51;54
14/01/2019;13:45;138;86;52
14/01/2019;14:00;90;48;42
14/01/2019;14:15;89;58;31
14/01/2019;14:30;85;43;42
14/01/2019;14:45;88;46;42
14/01/2019;15:00;86;48;38
14/01/2019;15:15;124;64;60
14/01/2019;15:30;251;119;132
14/01/2019;15:45;166;64;102
14/01/2019;16:00;114;57;57
14/01/2019;16:15;130;55;75
14/01/2019;16:30;135;54;81
14/01/2019;16:45;132;63;69
14/01/2019;17:00;154;61;93
14/01/2019;17:15;230;109;121
14/01/2019;17:30;148;79;69
14/01/2019;17:45;165;72;93
14/01/2019;18:00;149;71;78
14/01/2019;18:15;137;70;67
14/01/2019;18:30;129;62;67
14/01/2019;18:45;147;65;82
14/01/2019;19:00;125;55;70
14/01/2019;19:15;138;74;64
14/01/2019;19:30;109;35;74
14/01/2019;19:45;114;49;65
14/01/2019;20:00;75;31;44
14/01/2019;20:15;82;43;39
14/01/2019;20:30;55;19;36
14/01/2019;20:45;56;28;28
14/01/2019;21:00;44;13;31
14/01/2019;21:15;62;24;38
14/01/2019;21:30;43;20;23
14/01/2019;21:45;53;21;32
14/01/2019;22:00;54;19;35
14/01/2019;22:15;33;16;17
14/01/2019;22:30;40;15;25
14/01/2019;22:45;30;7;23
14/01/2019;23:00;36;12;24
14/01/2019;23:15;21;10;11
14/01/2019;23:30;10;4;6
14/01/2019;23:45;10;2;8
15/01/2019;00:00;16;5;11
15/01/2019;00:15;11;3;8
15/01/2019;00:30;3;2;1
15/01/2019;00:45;3;0;3
15/01/2019;01:00;3;1;2
15/01/2019;01:15;9;2;7
15/01/2019;01:30;2;0;2
15/01/2019;01:45;3;3;0
15/01/2019;02:00;0;0;0
15/01/2019;02:15;0;0;0
15/01/2019;02:30;3;3;0
15/01/2019;02:45;2;2;0
15/01/2019;03:00;1;1;0
15/01/2019;03:15;1;0;1
15/01/2019;03:30;0;0;0
15/01/2019;03:45;1;0;1
15/01/2019;04:00;0;0;0
15/01/2019;04:15;2;0;2
15/01/2019;04:30;1;1;0
15/01/2019;04:45;3;3;0
15/01/2019;05:00;0;0;0
15/01/2019;05:15;3;1;2
15/01/2019;05:30;6;4;2
15/01/2019;05:45;17;11;6
15/01/2019;06:00;16;11;5
15/01/2019;06:15;30;17;13
15/01/2019;06:30;29;18;11
15/01/2019;06:45;49;29;20
15/01/2019;07:00;48;28;20
15/01/2019;07:15;128;91;37
15/01/2019;07:30;276;176;100
15/01/2019;07:45;273;168;105
15/01/2019;08:00;149;80;69
15/01/2019;08:15;186;87;99
15/01/2019;08:30;141;90;51
15/01/2019;08:45;157;102;55
15/01/2019;09:00;113;74;39
15/01/2019;09:15;136;84;52
15/01/2019;09:30;191;123;68
15/01/2019;09:45;122;66;56
15/01/2019;10:00;90;47;43
15/01/2019;10:15;73;43;30
15/01/2019;10:30;84;40;44
15/01/2019;10:45;76;36;40
15/01/2019;11:00;93;48;45
15/01/2019;11:15;173;88;85
15/01/2019;11:30;104;59;45
15/01/2019;11:45;103;50;53
15/01/2019;12:00;93;36;57
15/01/2019;12:15;114;49;65
15/01/2019;12:30;108;41;67
15/01/2019;12:45;133;50;83
15/01/2019;13:00;206;59;147
15/01/2019;13:15;118;46;72
15/01/2019;13:30;108;43;65
15/01/2019;13:45;178;94;84
15/01/2019;14:00;122;56;66
15/01/2019;14:15;108;59;49
15/01/2019;14:30;94;43;51
15/01/2019;14:45;102;51;51
15/01/2019;15:00;95;42;53
15/01/2019;15:15;111;67;44
15/01/2019;15:30;296;124;172
15/01/2019;15:45;192;93;99
15/01/2019;16:00;166;73;93
15/01/2019;16:15;144;65;79
15/01/2019;16:30;160;66;94
15/01/2019;16:45;168;71;97
15/01/2019;17:00;194;97;97
15/01/2019;17:15;238;108;130
15/01/2019;17:30;175;72;103
15/01/2019;17:45;176;82;94
15/01/2019;18:00;152;61;91
15/01/2019;18:15;172;68;104
15/01/2019;18:30;150;74;76
15/01/2019;18:45;179;92;87
15/01/2019;19:00;151;64;87
15/01/2019;19:15;157;71;86
15/01/2019;19:30;107;44;63
15/01/2019;19:45;116;48;68
15/01/2019;20:00;76;31;45
15/01/2019;20:15;111;46;65
15/01/2019;20:30;84;42;42
15/01/2019;20:45;47;22;25
15/01/2019;21:00;57;18;39
15/01/2019;21:15;61;18;43
15/01/2019;21:30;51;21;30
15/01/2019;21:45;59;22;37
15/01/2019;22:00;60;22;38
15/01/2019;22:15;65;25;40
15/01/2019;22:30;36;12;24
15/01/2019;22:45;29;12;17
15/01/2019;23:00;26;10;16
15/01/2019;23:15;19;4;15
15/01/2019;23:30;26;10;16
15/01/2019;23:45;14;7;7
16/01/2019;00:00;13;6;7
16/01/2019;00:15;8;1;7
16/01/2019;00:30;5;2;3
16/01/2019;00:45;6;2;4
16/01/2019;01:00;11;5;6
16/01/2019;01:15;6;2;4
16/01/2019;01:30;1;1;0
16/01/2019;01:45;4;1;3
16/01/2019;02:00;3;3;0
16/01/2019;02:15;0;0;0
16/01/2019;02:30;0;0;0
16/01/2019;02:45;1;0;1
16/01/2019;03:00;1;1;0
16/01/2019;03:15;2;2;0
16/01/2019;03:30;1;0;1
16/01/2019;03:45;0;0;0
16/01/2019;04:00;1;1;0
16/01/2019;04:15;1;1;0
16/01/2019;04:30;1;1;0
16/01/2019;04:45;8;7;1
16/01/2019;05:00;1;1;0
16/01/2019;05:15;4;1;3
16/01/2019;05:30;9;6;3
16/01/2019;05:45;19;12;7
16/01/2019;06:00;22;12;10
16/01/2019;06:15;26;17;9
16/01/2019;06:30;30;18;12
16/01/2019;06:45;54;32;22
16/01/2019;07:00;55;31;24
16/01/2019;07:15;155;88;67
16/01/2019;07:30;325;205;120
16/01/2019;07:45;304;198;106
16/01/2019;08:00;178;100;78
16/01/2019;08:15;156;83;73
16/01/2019;08:30;128;75;53
16/01/2019;08:45;153;101;52
16/01/2019;09:00;93;47;46
16/01/2019;09:15;130;86;44
16/01/2019;09:30;186;125;61
16/01/2019;09:45;106;61;45
16/01/2019;10:00;67;36;31
16/01/2019;10:15;70;32;38
16/01/2019;10:30;61;35;26
16/01/2019;10:45;55;25;30
16/01/2019;11:00;84;43;41
16/01/2019;11:15;121;56;65
16/01/2019;11:30;88;40;48
16/01/2019;11:45;88;36;52
16/01/2019;12:00;113;50;63
16/01/2019;12:15;112;48;64
16/01/2019;12:30;100;40;60
16/01/2019;12:45;127;57;70
16/01/2019;13:00;260;83;177
16/01/2019;13:15;137;69;68
16/01/2019;13:30;124;57;67
16/01/2019;13:45;159;102;57
16/01/2019;14:00;118;54;64
16/01/2019;14:15;108;61;47
16/01/2019;14:30;114;52;62
16/01/2019;14:45;135;62;73
16/01/2019;15:00;89;39;50
16/01/2019;15:15;131;75;56
16/01/2019;15:30;225;77;148
16/01/2019;15:45;156;73;83
16/01/2019;16:00;148;57;91
16/01/2019;16:15;128;45;83
16/01/2019;16:30;141;75;66
16/01/2019;16:45;147;67;80
16/01/2019;17:00;183;84;99
16/01/2019;17:15;229;92;137
16/01/2019;17:30;183;76;107
16/01/2019;17:45;200;94;106
16/01/2019;18:00;183;77;106
16/01/2019;18:15;120;58;62
16/01/2019;18:30;137;47;90
16/01/2019;18:45;157;71;86
16/01/2019;19:00;158;55;103
16/01/2019;19:15;139;59;80
16/01/2019;19:30;104;43;61
16/01/2019;19:45;102;33;69
16/01/2019;20:00;128;59;69
16/01/2019;20:15;97;59;38
16/01/2019;20:30;85;37;48
16/01/2019;20:45;75;27;48
16/01/2019;21:00;59;24;35
16/01/2019;21:15;58;23;35
16/01/2019;21:30;61;30;31
16/01/2019;21:45;80;37;43
16/01/2019;22:00;70;25;45
16/01/2019;22:15;52;21;31
16/01/2019;22:30;43;17;26
16/01/2019;22:45;26;10;16
16/01/2019;23:00;28;8;20
16/01/2019;23:15;46;20;26
16/01/2019;23:30;27;15;12
16/01/2019;23:45;23;16;7
17/01/2019;00:00;39;11;28
17/01/2019;00:15;13;5;8
17/01/2019;00:30;19;7;12
17/01/2019;00:45;11;4;7
17/01/2019;01:00;22;1;21
17/01/2019;01:15;10;2;8
17/01/2019;01:30;8;1;7
17/01/2019;01:45;5;2;3
17/01/2019;02:00;3;2;1
17/01/2019;02:15;7;6;1
17/01/2019;02:30;4;4;0
17/01/2019;02:45;1;1;0
17/01/2019;03:00;3;3;0
17/01/2019;03:15;0;0;0
17/01/2019;03:30;1;1;0
17/01/2019;03:45;1;1;0
17/01/2019;04:00;1;0;1
17/01/2019;04:15;1;1;0
17/01/2019;04:30;2;2;0
17/01/2019;04:45;3;3;0
17/01/2019;05:00;2;2;0
17/01/2019;05:15;2;1;1
17/01/2019;05:30;6;4;2
17/01/2019;05:45;23;16;7
17/01/2019;06:00;16;10;6
17/01/2019;06:15;24;15;9
17/01/2019;06:30;30;14;16
17/01/2019;06:45;54;35;19
17/01/2019;07:00;57;31;26
17/01/2019;07:15;110;73;37
17/01/2019;07:30;327;208;119
17/01/2019;07:45;247;142;105
17/01/2019;08:00;145;77;68
17/01/2019;08:15;135;79;56
17/01/2019;08:30;108;59;49
17/01/2019;08:45;143;88;55
17/01/2019;09:00;116;68;48
17/01/2019;09:15;104;76;28
17/01/2019;09:30;197;138;59
17/01/2019;09:45;104;68;36
17/01/2019;10:00;66;31;35
17/01/2019;10:15;64;41;23
17/01/2019;10:30;60;38;22
17/01/2019;10:45;87;50;37
17/01/2019;11:00;74;34;40
17/01/2019;11:15;141;57;84
17/01/2019;11:30;86;49;37
17/01/2019;11:45;78;39;39
17/01/2019;12:00;90;42;48
17/01/2019;12:15;86;28;58
17/01/2019;12:30;103;43;60
17/01/2019;12:45;93;31;62
17/01/2019;13:00;183;51;132
17/01/2019;13:15;104;40;64
17/01/2019;13:30;84;38;46
17/01/2019;13:45;117;84;33
17/01/2019;14:00;93;44;49
17/01/2019;14:15;68;35;33
17/01/2019;14:30;72;29;43
17/01/2019;14:45;101;52;49
17/01/2019;15:00;98;47;51
17/01/2019;15:15;95;60;35
17/01/2019;15:30;276;99;177
17/01/2019;15:45;169;76;93
17/01/2019;16:00;102;50;52
17/01/2019;16:15;149;80;69
17/01/2019;16:30;160;76;84
17/01/2019;16:45;147;67;80
17/01/2019;17:00;174;74;100
17/01/2019;17:15;176;78;98
17/01/2019;17:30;167;75;92
17/01/2019;17:45;177;85;92
17/01/2019;18:00;139;51;88
17/01/2019;18:15;162;61;101
17/01/2019;18:30;155;81;74
17/01/2019;18:45;132;68;64
17/01/2019;19:00;122;51;71
17/01/2019;19:15;124;48;76
17/01/2019;19:30;81;34;47
17/01/2019;19:45;113;54;59
17/01/2019;20:00;78;29;49
17/01/2019;20:15;88;33;55
17/01/2019;20:30;40;14;26
17/01/2019;20:45;50;25;25
17/01/2019;21:00;48;23;25
17/01/2019;21:15;57;32;25
17/01/2019;21:30;48;22;26
17/01/2019;21:45;45;20;25
17/01/2019;22:00;59;23;36
17/01/2019;22:15;51;16;35
17/01/2019;22:30;47;19;28
17/01/2019;22:45;28;14;14
17/01/2019;23:00;41;13;28
17/01/2019;23:15;26;14;12
17/01/2019;23:30;20;12;8
17/01/2019;23:45;17;4;13
18/01/2019;00:00;23;9;14
18/01/2019;00:15;15;9;6
18/01/2019;00:30;11;8;3
18/01/2019;00:45;10;1;9
18/01/2019;01:00;14;3;11
18/01/2019;01:15;10;2;8
18/01/2019;01:30;0;0;0
18/01/2019;01:45;4;1;3
18/01/2019;02:00;1;1;0
18/01/2019;02:15;2;2;0
18/01/2019;02:30;1;1;0
18/01/2019;02:45;0;0;0
18/01/2019;03:00;0;0;0
18/01/2019;03:15;0;0;0
18/01/2019;03:30;1;0;1
18/01/2019;03:45;3;3;0
18/01/2019;04:00;4;0;4
18/01/2019;04:15;1;0;1
18/01/2019;04:30;1;1;0
18/01/2019;04:45;4;3;1
18/01/2019;05:00;0;0;0
18/01/2019;05:15;4;2;2
18/01/2019;05:30;13;8;5
18/01/2019;05:45;18;13;5
18/01/2019;06:00;13;6;7
18/01/2019;06:15;16;10;6
18/01/2019;06:30;17;6;11
18/01/2019;06:45;43;21;22
18/01/2019;07:00;48;28;20
18/01/2019;07:15;77;46;31
18/01/2019;07:30;224;143;81
18/01/2019;07:45;166;87;79
18/01/2019;08:00;130;76;54
18/01/2019;08:15;105;47;58
18/01/2019;08:30;109;66;43
18/01/2019;08:45;118;76;42
18/01/2019;09:00;93;64;29
18/01/2019;09:15;113;58;55
18/01/2019;09:30;123;87;36
18/01/2019;09:45;97;60;37
18/01/2019;10:00;54;38;16
18/01/2019;10:15;71;40;31
18/01/2019;10:30;62;41;21
18/01/2019;10:45;63;37;26
18/01/2019;11:00;73;41;32
18/01/2019;11:15;89;43;46
18/01/2019;11:30;82;55;27
18/01/2019;11:45;77;37;40
18/01/2019;12:00;75;30;45
18/01/2019;12:15;101;60;41
18/01/2019;12:30;109;43;66
18/01/2019;12:45;94;43;51
18/01/2019;13:00;194;56;138
18/01/2019;13:15;92;34;58
18/01/2019;13:30;97;51;46
18/01/2019;13:45;120;69;51
18/01/2019;14:00;78;32;46
18/01/2019;14:15;86;54;32
18/01/2019;14:30;76;37;39
18/01/2019;14:45;110;45;65
18/01/2019;15:00;100;50;50
18/01/2019;15:15;76;39;37
18/01/2019;15:30;94;45;49
18/01/2019;15:45;130;62;68
18/01/2019;16:00;119;58;61
18/01/2019;16:15;136;72;64
18/01/2019;16:30;107;54;53
18/01/2019;16:45;118;50;68
18/01/2019;17:00;107;47;60
18/01/2019;17:15;120;60;60
18/01/2019;17:30;128;56;72
18/01/2019;17:45;135;70;65
18/01/2019;18:00;108;53;55
18/01/2019;18:15;94;43;51
18/01/2019;18:30;104;44;60
18/01/2019;18:45;95;40;55
18/01/2019;19:00;109;46;63
18/01/2019;19:15;100;42;58
18/01/2019;19:30;61;28;33
18/01/2019;19:45;46;20;26
18/01/2019;20:00;64;24;40
18/01/2019;20:15;62;35;27
18/01/2019;20:30;57;33;24
18/01/2019;20:45;59;32;27
18/01/2019;21:00;41;14;27
18/01/2019;21:15;28;12;16
18/01/2019;21:30;51;15;36
18/01/2019;21:45;45;24;21
18/01/2019;22:00;34;17;17
18/01/2019;22:15;36;16;20
18/01/2019;22:30;34;19;15
18/01/2019;22:45;34;21;13
18/01/2019;23:00;56;22;34
18/01/2019;23:15;27;7;20
18/01/2019;23:30;32;16;16
18/01/2019;23:45;31;15;16
19/01/2019;00:00;22;12;10
19/01/2019;00:15;23;9;14
19/01/2019;00:30;6;1;5
19/01/2019;00:45;17;7;10
19/01/2019;01:00;21;10;11
19/01/2019;01:15;19;5;14
19/01/2019;01:30;11;4;7
19/01/2019;01:45;11;6;5
19/01/2019;02:00;11;4;7
19/01/2019;02:15;21;14;7
19/01/2019;02:30;8;2;6
19/01/2019;02:45;6;1;5
19/01/2019;03:00;7;4;3
19/01/2019;03:15;13;4;9
19/01/2019;03:30;8;6;2
19/01/2019;03:45;3;3;0
19/01/2019;04:00;0;0;0
19/01/2019;04:15;3;0;3
19/01/2019;04:30;7;2;5
19/01/2019;04:45;3;1;2
19/01/2019;05:00;2;0;2
19/01/2019;05:15;6;5;1
19/01/2019;05:30;2;1;1
19/01/2019;05:45;7;4;3
19/01/2019;06:00;7;4;3
19/01/2019;06:15;9;7;2
19/01/2019;06:30;6;5;1
19/01/2019;06:45;7;3;4
19/01/2019;07:00;6;2;4
19/01/2019;07:15;7;3;4
19/01/2019;07:30;11;6;5
19/01/2019;07:45;17;14;3
19/01/2019;08:00;12;3;9
19/01/2019;08:15;28;15;13
19/01/2019;08:30;22;10;12
19/01/2019;08:45;51;41;10
19/01/2019;09:00;41;29;12
19/01/2019;09:15;54;25;29
19/01/2019;09:30;64;34;30
19/01/2019;09:45;75;51;24
19/01/2019;10:00;51;36;15
19/01/2019;10:15;69;46;23
19/01/2019;10:30;58;39;19
19/01/2019;10:45;80;42;38
19/01/2019;11:00;81;44;37
19/01/2019;11:15;80;42;38
19/01/2019;11:30;63;31;32
19/01/2019;11:45;56;36;20
19/01/2019;12:00;76;47;29
19/01/2019;12:15;64;31;33
19/01/2019;12:30;70;43;27
19/01/2019;12:45;72;30;42
19/01/2019;13:00;74;38;36
19/01/2019;13:15;81;41;40
19/01/2019;13:30;83;44;39
19/01/2019;13:45;72;36;36
19/01/2019;14:00;68;36;32
19/01/2019;14:15;77;26;51
19/01/2019;14:30;75;30;45
19/01/2019;14:45;83;37;46
19/01/2019;15:00;67;28;39
19/01/2019;15:15;82;48;34
19/01/2019;15:30;60;24;36
19/01/2019;15:45;65;32;33
19/01/2019;16:00;56;25;31
19/01/2019;16:15;65;28;37
19/01/2019;16:30;59;25;34
19/01/2019;16:45;59;27;32
19/01/2019;17:00;58;31;27
19/01/2019;17:15;82;35;47
19/01/2019;17:30;72;24;48
19/01/2019;17:45;69;31;38
19/01/2019;18:00;87;43;44
19/01/2019;18:15;54;30;24
19/01/2019;18:30;56;32;24
19/01/2019;18:45;70;30;40
19/01/2019;19:00;60;27;33
19/01/2019;19:15;43;14;29
19/01/2019;19:30;45;24;21
19/01/2019;19:45;42;20;22
19/01/2019;20:00;46;19;27
19/01/2019;20:15;43;21;22
19/01/2019;20:30;32;19;13
19/01/2019;20:45;44;17;27
19/01/2019;21:00;46;30;16
19/01/2019;21:15;40;22;18
19/01/2019;21:30;21;10;11
19/01/2019;21:45;32;13;19
19/01/2019;22:00;27;12;15
19/01/2019;22:15;27;11;16
19/01/2019;22:30;31;11;20
19/01/2019;22:45;28;19;9
19/01/2019;23:00;27;7;20
19/01/2019;23:15;17;4;13
19/01/2019;23:30;38;21;17
19/01/2019;23:45;43;19;24
20/01/2019;00:00;24;9;15
20/01/2019;00:15;25;16;9
20/01/2019;00:30;22;10;12
20/01/2019;00:45;26;8;18
20/01/2019;01:00;21;6;15
20/01/2019;01:15;13;7;6
20/01/2019;01:30;8;0;8
20/01/2019;01:45;8;2;6
20/01/2019;02:00;19;3;16
20/01/2019;02:15;18;9;9
20/01/2019;02:30;8;1;7
20/01/2019;02:45;14;4;10
20/01/2019;03:00;15;8;7
20/01/2019;03:15;5;1;4
20/01/2019;03:30;5;1;4
20/01/2019;03:45;5;4;1
20/01/2019;04:00;12;8;4
20/01/2019;04:15;16;5;11
20/01/2019;04:30;8;1;7
20/01/2019;04:45;8;7;1
20/01/2019;05:00;0;0;0
20/01/2019;05:15;5;2;3
20/01/2019;05:30;4;2;2
20/01/2019;05:45;7;4;3
20/01/2019;06:00;10;7;3
20/01/2019;06:15;3;2;1
20/01/2019;06:30;6;1;5
20/01/2019;06:45;6;3;3
20/01/2019;07:00;3;1;2
20/01/2019;07:15;11;5;6
20/01/2019;07:30;7;2;5
20/01/2019;07:45;1;0;1
20/01/2019;08:00;7;1;6
20/01/2019;08:15;12;5;7
20/01/2019;08:30;9;3;6
20/01/2019;08:45;7;5;2
20/01/2019;09:00;15;8;7
20/01/2019;09:15;20;7;13
20/01/2019;09:30;28;20;8
20/01/2019;09:45;58;34;24
20/01/2019;10:00;22;14;8
20/01/2019;10:15;30;12;18
20/01/2019;10:30;31;20;11
20/01/2019;10:45;30;21;9
20/01/2019;11:00;30;12;18
20/01/2019;11:15;34;17;17
20/01/2019;11:30;33;14;19
20/01/2019;11:45;39;25;14
20/01/2019;12:00;35;20;15
20/01/2019;12:15;51;29;22
20/01/2019;12:30;31;16;15
20/01/2019;12:45;55;18;37
20/01/2019;13:00;40;10;30
20/01/2019;13:15;32;16;16
20/01/2019;13:30;40;18;22
20/01/2019;13:45;61;44;17
20/01/2019;14:00;49;29;20
20/01/2019;14:15;48;21;27
20/01/2019;14:30;44;24;20
20/01/2019;14:45;54;28;26
20/01/2019;15:00;38;21;17
20/01/2019;15:15;50;19;31
20/01/2019;15:30;38;19;19
20/01/2019;15:45;57;30;27
20/01/2019;16:00;41;12;29
20/01/2019;16:15;54;27;27
20/01/2019;16:30;43;19;24
20/01/2019;16:45;53;22;31
20/01/2019;17:00;47;14;33
20/01/2019;17:15;54;31;23
20/01/2019;17:30;50;36;14
20/01/2019;17:45;50;24;26
20/01/2019;18:00;47;12;35
20/01/2019;18:15;42;19;23
20/01/2019;18:30;41;19;22
20/01/2019;18:45;42;14;28
20/01/2019;19:00;51;26;25
20/01/2019;19:15;39;25;14
20/01/2019;19:30;33;18;15
20/01/2019;19:45;31;11;20
20/01/2019;20:00;39;25;14
20/01/2019;20:15;54;24;30
20/01/2019;20:30;26;9;17
20/01/2019;20:45;31;9;22
20/01/2019;21:00;32;19;13
20/01/2019;21:15;20;14;6
20/01/2019;21:30;18;5;13
20/01/2019;21:45;19;7;12
20/01/2019;22:00;17;9;8
20/01/2019;22:15;25;3;22
20/01/2019;22:30;16;8;8
20/01/2019;22:45;12;3;9
20/01/2019;23:00;12;5;7
20/01/2019;23:15;13;6;7
20/01/2019;23:30;15;9;6
20/01/2019;23:45;7;3;4
21/01/2019;00:00;3;1;2
21/01/2019;00:15;8;6;2
21/01/2019;00:30;2;1;1
21/01/2019;00:45;2;0;2
21/01/2019;01:00;2;1;1
21/01/2019;01:15;3;1;2
21/01/2019;01:30;0;0;0
21/01/2019;01:45;7;3;4
21/01/2019;02:00;3;3;0
21/01/2019;02:15;1;1;0
21/01/2019;02:30;0;0;0
21/01/2019;02:45;0;0;0
21/01/2019;03:00;0;0;0
21/01/2019;03:15;0;0;0
21/01/2019;03:30;0;0;0
21/01/2019;03:45;0;0;0
21/01/2019;04:00;0;0;0
21/01/2019;04:15;1;1;0
21/01/2019;04:30;5;5;0
21/01/2019;04:45;2;1;1
21/01/2019;05:00;1;1;0
21/01/2019;05:15;3;2;1
21/01/2019;05:30;9;6;3
21/01/2019;05:45;10;4;6
21/01/2019;06:00;12;7;5
21/01/2019;06:15;22;16;6
21/01/2019;06:30;33;22;11
21/01/2019;06:45;50;34;16
21/01/2019;07:00;54;30;24
21/01/2019;07:15;123;79;44
21/01/2019;07:30;332;221;111
21/01/2019;07:45;213;116;97
21/01/2019;08:00;125;65;60
21/01/2019;08:15;164;84;80
21/01/2019;08:30;124;69;55
21/01/2019;08:45;129;83;46
21/01/2019;09:00;120;80;40
21/01/2019;09:15;126;75;51
21/01/2019;09:30;163;120;43
21/01/2019;09:45;84;52;32
21/01/2019;10:00;75;35;40
21/01/2019;10:15;76;48;28
21/01/2019;10:30;69;37;32
21/01/2019;10:45;50;29;21
21/01/2019;11:00;76;44;32
21/01/2019;11:15;127;70;57
21/01/2019;11:30;83;35;48
21/01/2019;11:45;81;39;42
21/01/2019;12:00;114;53;61
21/01/2019;12:15;113;41;72
21/01/2019;12:30;113;44;69
21/01/2019;12:45;104;44;60
21/01/2019;13:00;172;47;125
21/01/2019;13:15;135;55;80
21/01/2019;13:30;112;63;49
21/01/2019;13:45;182;108;74
21/01/2019;14:00;93;46;47
21/01/2019;14:15;100;59;41
21/01/2019;14:30;87;44;43
21/01/2019;14:45;106;45;61
21/01/2019;15:00;94;45;49
21/01/2019;15:15;98;43;55
21/01/2019;15:30;258;111;147
21/01/2019;15:45;170;85;85
21/01/2019;16:00;128;63;65
21/01/2019;16:15;136;61;75
21/01/2019;16:30;120;53;67
21/01/2019;16:45;157;78;79
21/01/2019;17:00;172;74;98
21/01/2019;17:15;209;89;120
21/01/2019;17:30;155;79;76
21/01/2019;17:45;159;73;86
21/01/2019;18:00;146;64;82
21/01/2019;18:15;151;79;72
21/01/2019;18:30;113;51;62
21/01/2019;18:45;143;72;71
21/01/2019;19:00;148;64;84
21/01/2019;19:15;121;60;61
21/01/2019;19:30;92;40;52
21/01/2019;19:45;132;55;77
21/01/2019;20:00;95;35;60
21/01/2019;20:15;76;34;42
21/01/2019;20:30;54;29;25
21/01/2019;20:45;48;22;26
21/01/2019;21:00;55;25;30
21/01/2019;21:15;45;12;33
21/01/2019;21:30;53;28;25
21/01/2019;21:45;47;21;26
21/01/2019;22:00;53;15;38
21/01/2019;22:15;40;10;30
21/01/2019;22:30;44;17;27
21/01/2019;22:45;21;10;11
21/01/2019;23:00;24;8;16
21/01/2019;23:15;23;8;15
21/01/2019;23:30;15;4;11
21/01/2019;23:45;11;3;8
22/01/2019;00:00;13;5;8
22/01/2019;00:15;12;2;10
22/01/2019;00:30;7;5;2
22/01/2019;00:45;2;1;1
22/01/2019;01:00;9;2;7
22/01/2019;01:15;4;1;3
22/01/2019;01:30;2;1;1
22/01/2019;01:45;2;1;1
22/01/2019;02:00;0;0;0
22/01/2019;02:15;2;2;0
22/01/2019;02:30;0;0;0
22/01/2019;02:45;1;1;0
22/01/2019;03:00;1;1;0
22/01/2019;03:15;0;0;0
22/01/2019;03:30;0;0;0
22/01/2019;03:45;3;2;1
22/01/2019;04:00;0;0;0
22/01/2019;04:15;1;1;0
22/01/2019;04:30;1;1;0
22/01/2019;04:45;3;3;0
22/01/2019;05:00;0;0;0
22/01/2019;05:15;3;0;3
22/01/2019;05:30;11;8;3
22/01/2019;05:45;18;14;4
22/01/2019;06:00;15;9;6
22/01/2019;06:15;22;15;7
22/01/2019;06:30;40;20;20
22/01/2019;06:45;64;40;24
22/01/2019;07:00;55;27;28
22/01/2019;07:15;132;96;36
22/01/2019;07:30;306;203;103
22/01/2019;07:45;273;176;97
22/01/2019;08:00;155;93;62
22/01/2019;08:15;152;75;77
22/01/2019;08:30;133;67;66
22/01/2019;08:45;138;84;54
22/01/2019;09:00;135;83;52
22/01/2019;09:15;147;81;66
22/01/2019;09:30;184;138;46
22/01/2019;09:45;119;73;46
22/01/2019;10:00;64;40;24
22/01/2019;10:15;70;45;25
22/01/2019;10:30;90;49;41
22/01/2019;10:45;69;34;35
22/01/2019;11:00;89;40;49
22/01/2019;11:15;164;85;79
22/01/2019;11:30;80;35;45
22/01/2019;11:45;80;31;49
22/01/2019;12:00;60;29;31
22/01/2019;12:15;116;41;75
22/01/2019;12:30;91;31;60
22/01/2019;12:45;125;60;65
22/01/2019;13:00;203;43;160
22/01/2019;13:15;120;51;69
22/01/2019;13:30;113;53;60
22/01/2019;13:45;148;93;55
22/01/2019;14:00;105;51;54
22/01/2019;14:15;95;47;48
22/01/2019;14:30;98;52;46
22/01/2019;14:45;99;47;52
22/01/2019;15:00;82;38;44
22/01/2019;15:15;124;55;69
22/01/2019;15:30;254;115;139
22/01/2019;15:45;172;93;79
22/01/2019;16:00;154;76;78
22/01/2019;16:15;127;73;54
22/01/2019;16:30;123;59;64
22/01/2019;16:45;146;71;75
22/01/2019;17:00;161;76;85
22/01/2019;17:15;235;95;140
22/01/2019;17:30;144;64;80
22/01/2019;17:45;167;76;91
22/01/2019;18:00;138;62;76
22/01/2019;18:15;136;53;83
22/01/2019;18:30;120;48;72
22/01/2019;18:45;185;95;90
22/01/2019;19:00;121;52;69
22/01/2019;19:15;130;57;73
22/01/2019;19:30;100;53;47
22/01/2019;19:45;89;31;58
22/01/2019;20:00;109;56;53
22/01/2019;20:15;72;39;33
22/01/2019;20:30;62;23;39
22/01/2019;20:45;49;22;27
22/01/2019;21:00;47;20;27
22/01/2019;21:15;46;14;32
22/01/2019;21:30;45;19;26
22/01/2019;21:45;72;32;40
22/01/2019;22:00;54;23;31
22/01/2019;22:15;59;27;32
22/01/2019;22:30;38;9;29
22/01/2019;22:45;36;18;18
22/01/2019;23:00;28;9;19
22/01/2019;23:15;15;4;11
22/01/2019;23:30;17;6;11
22/01/2019;23:45;11;3;8
23/01/2019;00:00;16;7;9
23/01/2019;00:15;14;5;9
23/01/2019;00:30;5;2;3
23/01/2019;00:45;6;0;6
23/01/2019;01:00;6;4;2
23/01/2019;01:15;3;1;2
23/01/2019;01:30;1;1;0
23/01/2019;01:45;3;1;2
23/01/2019;02:00;2;1;1
23/01/2019;02:15;2;1;1
23/01/2019;02:30;0;0;0
23/01/2019;02:45;1;0;1
23/01/2019;03:00;2;1;1
23/01/2019;03:15;1;1;0
23/01/2019;03:30;0;0;0
23/01/2019;03:45;0;0;0
23/01/2019;04:00;1;0;1
23/01/2019;04:15;0;0;0
23/01/2019;04:30;1;1;0
23/01/2019;04:45;4;3;1
23/01/2019;05:00;0;0;0
23/01/2019;05:15;7;1;6
23/01/2019;05:30;10;7;3
23/01/2019;05:45;17;12;5
23/01/2019;06:00;17;12;5
23/01/2019;06:15;24;13;11
23/01/2019;06:30;27;13;14
23/01/2019;06:45;55;31;24
23/01/2019;07:00;67;37;30
23/01/2019;07:15;152;92;60
23/01/2019;07:30;314;199;115
23/01/2019;07:45;288;185;103
23/01/2019;08:00;154;88;66
23/01/2019;08:15;137;69;68
23/01/2019;08:30;121;77;44
23/01/2019;08:45;139;88;51
23/01/2019;09:00;123;82;41
23/01/2019;09:15;124;88;36
23/01/2019;09:30;160;89;71
23/01/2019;09:45;108;64;44
23/01/2019;10:00;66;38;28
23/01/2019;10:15;53;26;27
23/01/2019;10:30;60;35;25
23/01/2019;10:45;65;38;27
23/01/2019;11:00;75;40;35
23/01/2019;11:15;127;67;60
23/01/2019;11:30;74;30;44
23/01/2019;11:45;92;47;45
23/01/2019;12:00;103;39;64
23/01/2019;12:15;144;66;78
23/01/2019;12:30;129;59;70
23/01/2019;12:45;108;44;64
23/01/2019;13:00;225;85;140
23/01/2019;13:15;114;51;63
23/01/2019;13:30;126;73;53
23/01/2019;13:45;177;106;71
23/01/2019;14:00;94;45;49
23/01/2019;14:15;94;54;40
23/01/2019;14:30;71;35;36
23/01/2019;14:45;112;45;67
23/01/2019;15:00;107;46;61
23/01/2019;15:15;103;53;50
23/01/2019;15:30;227;98;129
23/01/2019;15:45;158;69;89
23/01/2019;16:00;136;60;76
23/01/2019;16:15;125;61;64
23/01/2019;16:30;109;52;57
23/01/2019;16:45;125;63;62
23/01/2019;17:00;182;68;114
23/01/2019;17:15;184;74;110
23/01/2019;17:30;188;68;120
23/01/2019;17:45;172;76;96
23/01/2019;18:00;153;57;96
23/01/2019;18:15;148;61;87
23/01/2019;18:30;103;38;65
23/01/2019;18:45;130;63;67
23/01/2019;19:00;138;56;82
23/01/2019;19:15;115;59;56
23/01/2019;19:30;87;41;46
23/01/2019;19:45;123;57;66
23/01/2019;20:00;134;84;50
23/01/2019;20:15;84;44;40
23/01/2019;20:30;67;29;38
23/01/2019;20:45;37;19;18
23/01/2019;21:00;48;15;33
23/01/2019;21:15;54;26;28
23/01/2019;21:30;57;24;33
23/01/2019;21:45;45;24;21
23/01/2019;22:00;58;29;29
23/01/2019;22:15;60;14;46
23/01/2019;22:30;44;20;24
23/01/2019;22:45;37;12;25
23/01/2019;23:00;36;9;27
23/01/2019;23:15;42;23;19
23/01/2019;23:30;20;11;9
23/01/2019;23:45;19;4;15
24/01/2019;00:00;24;10;14
24/01/2019;00:15;13;4;9
24/01/2019;00:30;13;2;11
24/01/2019;00:45;10;3;7
24/01/2019;01:00;9;2;7
24/01/2019;01:15;6;1;5
24/01/2019;01:30;5;2;3
24/01/2019;01:45;2;1;1
24/01/2019;02:00;6;1;5
24/01/2019;02:15;4;2;2
24/01/2019;02:30;1;0;1
24/01/2019;02:45;3;2;1
24/01/2019;03:00;0;0;0
24/01/2019;03:15;0;0;0
24/01/2019;03:30;1;1;0
24/01/2019;03:45;6;3;3
24/01/2019;04:00;1;0;1
24/01/2019;04:15;1;1;0
24/01/2019;04:30;4;4;0
24/01/2019;04:45;3;3;0
24/01/2019;05:00;2;1;1
24/01/2019;05:15;1;0;1
24/01/2019;05:30;4;3;1
24/01/2019;05:45;17;11;6
24/01/2019;06:00;15;9;6
24/01/2019;06:15;24;16;8
24/01/2019;06:30;33;21;12
24/01/2019;06:45;53;35;18
24/01/2019;07:00;57;27;30
24/01/2019;07:15;131;90;41
24/01/2019;07:30;328;200;128
24/01/2019;07:45;230;141;89
24/01/2019;08:00;119;56;63
24/01/2019;08:15;144;79;65
24/01/2019;08:30;126;77;49
24/01/2019;08:45;149;95;54
24/01/2019;09:00;104;60;44
24/01/2019;09:15;117;74;43
24/01/2019;09:30;153;103;50
24/01/2019;09:45;102;74;28
24/01/2019;10:00;57;32;25
24/01/2019;10:15;58;32;26
24/01/2019;10:30;51;28;23
24/01/2019;10:45;47;34;13
24/01/2019;11:00;79;34;45
24/01/2019;11:15;108;63;45
24/01/2019;11:30;80;31;49
24/01/2019;11:45;68;34;34
24/01/2019;12:00;73;37;36
24/01/2019;12:15;76;28;48
24/01/2019;12:30;76;30;46
24/01/2019;12:45;88;30;58
24/01/2019;13:00;199;52;147
24/01/2019;13:15;111;47;64
24/01/2019;13:30;96;46;50
24/01/2019;13:45;135;73;62
24/01/2019;14:00;104;48;56
24/01/2019;14:15;71;37;34
24/01/2019;14:30;63;20;43
24/01/2019;14:45;82;41;41
24/01/2019;15:00;77;39;38
24/01/2019;15:15;108;49;59
24/01/2019;15:30;229;102;127
24/01/2019;15:45;162;83;79
24/01/2019;16:00;131;62;69
24/01/2019;16:15;153;87;66
24/01/2019;16:30;146;82;64
24/01/2019;16:45;159;70;89
24/01/2019;17:00;168;73;95
24/01/2019;17:15;175;69;106
24/01/2019;17:30;156;71;85
24/01/2019;17:45;142;68;74
24/01/2019;18:00;148;76;72
24/01/2019;18:15;140;40;100
24/01/2019;18:30;123;62;61
24/01/2019;18:45;129;74;55
24/01/2019;19:00;99;45;54
24/01/2019;19:15;82;42;40
24/01/2019;19:30;88;37;51
24/01/2019;19:45;75;39;36
24/01/2019;20:00;86;34;52
24/01/2019;20:15;69;29;40
24/01/2019;20:30;57;21;36
24/01/2019;20:45;57;22;35
24/01/2019;21:00;51;23;28
24/01/2019;21:15;48;23;25
24/01/2019;21:30;44;24;20
24/01/2019;21:45;50;19;31
24/01/2019;22:00;39;9;30
24/01/2019;22:15;43;17;26
24/01/2019;22:30;30;14;16
24/01/2019;22:45;24;12;12
24/01/2019;23:00;38;14;24
24/01/2019;23:15;31;13;18
24/01/2019;23:30;18;8;10
24/01/2019;23:45;20;6;14
25/01/2019;00:00;17;4;13
25/01/2019;00:15;16;6;10
25/01/2019;00:30;21;3;18
25/01/2019;00:45;5;1;4
25/01/2019;01:00;8;0;8
25/01/2019;01:15;4;1;3
25/01/2019;01:30;3;1;2
25/01/2019;01:45;5;4;1
25/01/2019;02:00;4;3;1
25/01/2019;02:15;4;2;2
25/01/2019;02:30;2;2;0
25/01/2019;02:45;2;0;2
25/01/2019;03:00;0;0;0
25/01/2019;03:15;3;0;3
25/01/2019;03:30;3;1;2
25/01/2019;03:45;2;1;1
25/01/2019;04:00;2;1;1
25/01/2019;04:15;0;0;0
25/01/2019;04:30;2;0;2
25/01/2019;04:45;4;2;2
25/01/2019;05:00;0;0;0
25/01/2019;05:15;1;1;0
25/01/2019;05:30;3;2;1
25/01/2019;05:45;18;11;7
25/01/2019;06:00;10;5;5
25/01/2019;06:15;24;15;9
25/01/2019;06:30;30;19;11
25/01/2019;06:45;55;30;25
25/01/2019;07:00;59;32;27
25/01/2019;07:15;135;87;48
25/01/2019;07:30;277;175;102
25/01/2019;07:45;165;102;63
25/01/2019;08:00;97;52;45
25/01/2019;08:15;135;77;58
25/01/2019;08:30;143;95;48
25/01/2019;08:45;147;92;55
25/01/2019;09:00;104;67;37
25/01/2019;09:15;110;62;48
25/01/2019;09:30;141;93;48
25/01/2019;09:45;84;48;36
25/01/2019;10:00;71;35;36
25/01/2019;10:15;70;44;26
25/01/2019;10:30;62;38;24
25/01/2019;10:45;71;41;30
25/01/2019;11:00;67;29;38
25/01/2019;11:15;101;52;49
25/01/2019;11:30;77;33;44
25/01/2019;11:45;78;45;33
25/01/2019;12:00;113;51;62
25/01/2019;12:15;116;58;58
25/01/2019;12:30;132;68;64
25/01/2019;12:45;113;52;61
25/01/2019;13:00;241;53;188
25/01/2019;13:15;134;57;77
25/01/2019;13:30;104;43;61
25/01/2019;13:45;135;75;60
25/01/2019;14:00;102;54;48
25/01/2019;14:15;113;62;51
25/01/2019;14:30;102;51;51
25/01/2019;14:45;116;53;63
25/01/2019;15:00;111;43;68
25/01/2019;15:15;112;60;52
25/01/2019;15:30;107;52;55
25/01/2019;15:45;119;58;61
25/01/2019;16:00;110;56;54
25/01/2019;16:15;111;56;55
25/01/2019;16:30;111;55;56
25/01/2019;16:45;113;38;75
25/01/2019;17:00;120;45;75
25/01/2019;17:15;108;44;64
25/01/2019;17:30;125;66;59
25/01/2019;17:45;141;63;78
25/01/2019;18:00;97;29;68
25/01/2019;18:15;84;34;50
25/01/2019;18:30;103;55;48
25/01/2019;18:45;118;67;51
25/01/2019;19:00;107;53;54
25/01/2019;19:15;101;46;55
25/01/2019;19:30;64;34;30
25/01/2019;19:45;78;45;33
25/01/2019;20:00;73;46;27
25/01/2019;20:15;67;36;31
25/01/2019;20:30;44;25;19
25/01/2019;20:45;43;20;23
25/01/2019;21:00;49;29;20
25/01/2019;21:15;38;9;29
25/01/2019;21:30;31;18;13
25/01/2019;21:45;40;15;25
25/01/2019;22:00;41;16;25
25/01/2019;22:15;57;22;35
25/01/2019;22:30;38;13;25
25/01/2019;22:45;39;14;25
25/01/2019;23:00;31;11;20
25/01/2019;23:15;35;15;20
25/01/2019;23:30;42;10;32
25/01/2019;23:45;23;7;16
26/01/2019;00:00;25;4;21
26/01/2019;00:15;13;3;10
26/01/2019;00:30;23;8;15
26/01/2019;00:45;20;0;20
26/01/2019;01:00;17;6;11
26/01/2019;01:15;18;5;13
26/01/2019;01:30;16;5;11
26/01/2019;01:45;14;6;8
26/01/2019;02:00;5;3;2
26/01/2019;02:15;9;2;7
26/01/2019;02:30;4;3;1
26/01/2019;02:45;7;6;1
26/01/2019;03:00;9;4;5
26/01/2019;03:15;2;1;1
26/01/2019;03:30;11;4;7
26/01/2019;03:45;0;0;0
26/01/2019;04:00;5;1;4
26/01/2019;04:15;5;4;1
26/01/2019;04:30;2;1;1
26/01/2019;04:45;4;1;3
26/01/2019;05:00;3;3;0
26/01/2019;05:15;1;0;1
26/01/2019;05:30;5;2;3
26/01/2019;05:45;8;5;3
26/01/2019;06:00;2;2;0
26/01/2019;06:15;5;4;1
26/01/2019;06:30;9;7;2
26/01/2019;06:45;15;5;10
26/01/2019;07:00;4;1;3
26/01/2019;07:15;15;7;8
26/01/2019;07:30;21;17;4
26/01/2019;07:45;24;14;10
26/01/2019;08:00;40;25;15
26/01/2019;08:15;29;22;7
26/01/2019;08:30;31;16;15
26/01/2019;08:45;37;22;15
26/01/2019;09:00;47;35;12
26/01/2019;09:15;48;23;25
26/01/2019;09:30;55;42;13
26/01/2019;09:45;84;56;28
26/01/2019;10:00;54;39;15
26/01/2019;10:15;63;37;26
26/01/2019;10:30;84;50;34
26/01/2019;10:45;81;53;28
26/01/2019;11:00;66;44;22
26/01/2019;11:15;65;38;27
26/01/2019;11:30;92;48;44
26/01/2019;11:45;83;46;37
26/01/2019;12:00;74;32;42
26/01/2019;12:15;75;35;40
26/01/2019;12:30;73;41;32
26/01/2019;12:45;56;31;25
26/01/2019;13:00;79;46;33
26/01/2019;13:15;86;40;46
26/01/2019;13:30;70;33;37
26/01/2019;13:45;72;40;32
26/01/2019;14:00;62;33;29
26/01/2019;14:15;86;49;37
26/01/2019;14:30;59;25;34
26/01/2019;14:45;93;46;47
26/01/2019;15:00;66;31;35
26/01/2019;15:15;73;34;39
26/01/2019;15:30;56;26;30
26/01/2019;15:45;67;31;36
26/01/2019;16:00;74;34;40
26/01/2019;16:15;66;31;35
26/01/2019;16:30;63;34;29
26/01/2019;16:45;73;41;32
26/01/2019;17:00;79;40;39
26/01/2019;17:15;70;30;40
26/01/2019;17:30;88;44;44
26/01/2019;17:45;91;40;51
26/01/2019;18:00;57;22;35
26/01/2019;18:15;73;28;45
26/01/2019;18:30;54;21;33
26/01/2019;18:45;73;38;35
26/01/2019;19:00;52;24;28
26/01/2019;19:15;67;32;35
26/01/2019;19:30;62;28;34
26/01/2019;19:45;65;31;34
26/01/2019;20:00;73;35;38
26/01/2019;20:15;60;32;28
26/01/2019;20:30;55;30;25
26/01/2019;20:45;32;14;18
26/01/2019;21:00;48;32;16
26/01/2019;21:15;41;23;18
26/01/2019;21:30;35;13;22
26/01/2019;21:45;32;15;17
26/01/2019;22:00;23;10;13
26/01/2019;22:15;31;17;14
26/01/2019;22:30;20;9;11
26/01/2019;22:45;28;4;24
26/01/2019;23:00;24;11;13
26/01/2019;23:15;25;12;13
26/01/2019;23:30;12;3;9
26/01/2019;23:45;33;8;25
27/01/2019;00:00;27;7;20
27/01/2019;00:15;32;12;20
27/01/2019;00:30;36;9;27
27/01/2019;00:45;18;6;12
27/01/2019;01:00;24;7;17
27/01/2019;01:15;7;4;3
27/01/2019;01:30;22;9;13
27/01/2019;01:45;19;8;11
27/01/2019;02:00;16;7;9
27/01/2019;02:15;12;5;7
27/01/2019;02:30;10;1;9
27/01/2019;02:45;6;1;5
27/01/2019;03:00;5;1;4
27/01/2019;03:15;15;2;13
27/01/2019;03:30;11;0;11
27/01/2019;03:45;6;3;3
27/01/2019;04:00;3;0;3
27/01/2019;04:15;4;0;4
27/01/2019;04:30;3;3;0
27/01/2019;04:45;4;3;1
27/01/2019;05:00;1;0;1
27/01/2019;05:15;2;1;1
27/01/2019;05:30;5;3;2
27/01/2019;05:45;5;2;3
27/01/2019;06:00;3;3;0
27/01/2019;06:15;5;2;3
27/01/2019;06:30;4;2;2
27/01/2019;06:45;4;0;4
27/01/2019;07:00;4;2;2
27/01/2019;07:15;2;0;2
27/01/2019;07:30;5;2;3
27/01/2019;07:45;11;6;5
27/01/2019;08:00;9;3;6
27/01/2019;08:15;6;4;2
27/01/2019;08:30;5;4;1
27/01/2019;08:45;14;8;6
27/01/2019;09:00;21;14;7
27/01/2019;09:15;21;11;10
27/01/2019;09:30;28;23;5
27/01/2019;09:45;54;46;8
27/01/2019;10:00;44;28;16
27/01/2019;10:15;34;20;14
27/01/2019;10:30;27;14;13
27/01/2019;10:45;25;15;10
27/01/2019;11:00;29;18;11
27/01/2019;11:15;38;14;24
27/01/2019;11:30;31;17;14
27/01/2019;11:45;46;21;25
27/01/2019;12:00;35;19;16
27/01/2019;12:15;51;23;28
27/01/2019;12:30;40;23;17
27/01/2019;12:45;39;17;22
27/01/2019;13:00;30;13;17
27/01/2019;13:15;51;32;19
27/01/2019;13:30;45;27;18
27/01/2019;13:45;43;24;19
27/01/2019;14:00;59;30;29
27/01/2019;14:15;57;26;31
27/01/2019;14:30;65;28;37
27/01/2019;14:45;46;26;20
27/01/2019;15:00;40;16;24
27/01/2019;15:15;50;23;27
27/01/2019;15:30;55;23;32
27/01/2019;15:45;38;23;15
27/01/2019;16:00;45;27;18
27/01/2019;16:15;38;22;16
27/01/2019;16:30;43;19;24
27/01/2019;16:45;59;29;30
27/01/2019;17:00;45;19;26
27/01/2019;17:15;47;26;21
27/01/2019;17:30;52;33;19
27/01/2019;17:45;49;21;28
27/01/2019;18:00;58;27;31
27/01/2019;18:15;67;37;30
27/01/2019;18:30;43;19;24
27/01/2019;18:45;68;21;47
27/01/2019;19:00;48;20;28
27/01/2019;19:15;39;18;21
27/01/2019;19:30;39;21;18
27/01/2019;19:45;39;17;22
27/01/2019;20:00;40;17;23
27/01/2019;20:15;41;15;26
27/01/2019;20:30;20;10;10
27/01/2019;20:45;30;17;13
27/01/2019;21:00;32;9;23
27/01/2019;21:15;16;8;8
27/01/2019;21:30;18;7;11
27/01/2019;21:45;8;5;3
27/01/2019;22:00;24;7;17
27/01/2019;22:15;24;10;14
27/01/2019;22:30;16;8;8
27/01/2019;22:45;14;9;5
27/01/2019;23:00;17;7;10
27/01/2019;23:15;11;5;6
27/01/2019;23:30;11;5;6
27/01/2019;23:45;6;5;1
28/01/2019;00:00;6;1;5
28/01/2019;00:15;5;1;4
28/01/2019;00:30;8;4;4
28/01/2019;00:45;7;2;5
28/01/2019;01:00;5;0;5
28/01/2019;01:15;4;0;4
28/01/2019;01:30;3;2;1
28/01/2019;01:45;2;2;0
28/01/2019;02:00;8;0;8
28/01/2019;02:15;6;0;6
28/01/2019;02:30;1;1;0
28/01/2019;02:45;1;1;0
28/01/2019;03:00;1;0;1
28/01/2019;03:15;0;0;0
28/01/2019;03:30;0;0;0
28/01/2019;03:45;0;0;0
28/01/2019;04:00;0;0;0
28/01/2019;04:15;1;0;1
28/01/2019;04:30;3;3;0
28/01/2019;04:45;3;1;2
28/01/2019;05:00;1;1;0
28/01/2019;05:15;0;0;0
28/01/2019;05:30;6;2;4
28/01/2019;05:45;10;7;3
28/01/2019;06:00;16;8;8
28/01/2019;06:15;21;12;9
28/01/2019;06:30;28;19;9
28/01/2019;06:45;48;26;22
28/01/2019;07:00;57;28;29
28/01/2019;07:15;121;85;36
28/01/2019;07:30;297;189;108
28/01/2019;07:45;155;71;84
28/01/2019;08:00;128;72;56
28/01/2019;08:15;159;93;66
28/01/2019;08:30;100;56;44
28/01/2019;08:45;143;75;68
28/01/2019;09:00;113;72;41
28/01/2019;09:15;106;74;32
28/01/2019;09:30;112;59;53
28/01/2019;09:45;113;67;46
28/01/2019;10:00;72;43;29
28/01/2019;10:15;82;47;35
28/01/2019;10:30;80;44;36
28/01/2019;10:45;70;36;34
28/01/2019;11:00;88;35;53
28/01/2019;11:15;81;34;47
28/01/2019;11:30;75;44;31
28/01/2019;11:45;67;31;36
28/01/2019;12:00;96;36;60
28/01/2019;12:15;109;61;48
28/01/2019;12:30;94;43;51
28/01/2019;12:45;122;57;65
28/01/2019;13:00;203;39;164
28/01/2019;13:15;140;48;92
28/01/2019;13:30;113;65;48
28/01/2019;13:45;113;58;55
28/01/2019;14:00;102;49;53
28/01/2019;14:15;75;39;36
28/01/2019;14:30;73;41;32
28/01/2019;14:45;89;39;50
28/01/2019;15:00;96;47;49
28/01/2019;15:15;113;51;62
28/01/2019;15:30;163;89;74
28/01/2019;15:45;132;71;61
28/01/2019;16:00;120;69;51
28/01/2019;16:15;140;78;62
28/01/2019;16:30;121;44;77
28/01/2019;16:45;154;71;83
28/01/2019;17:00;153;66;87
28/01/2019;17:15;179;94;85
28/01/2019;17:30;164;87;77
28/01/2019;17:45;145;57;88
28/01/2019;18:00;140;51;89
28/01/2019;18:15;89;48;41
28/01/2019;18:30;96;45;51
28/01/2019;18:45;142;64;78
28/01/2019;19:00;138;81;57
28/01/2019;19:15;105;56;49
28/01/2019;19:30;89;33;56
28/01/2019;19:45;79;36;43
28/01/2019;20:00;77;34;43
28/01/2019;20:15;81;40;41
28/01/2019;20:30;75;31;44
28/01/2019;20:45;42;22;20
28/01/2019;21:00;36;12;24
28/01/2019;21:15;42;15;27
28/01/2019;21:30;27;15;12
28/01/2019;21:45;36;17;19
28/01/2019;22:00;36;15;21
28/01/2019;22:15;45;19;26
28/01/2019;22:30;38;16;22
28/01/2019;22:45;33;14;19
28/01/2019;23:00;24;10;14
28/01/2019;23:15;17;6;11
28/01/2019;23:30;17;8;9
28/01/2019;23:45;17;5;12
29/01/2019;00:00;8;2;6
29/01/2019;00:15;9;6;3
29/01/2019;00:30;4;2;2
29/01/2019;00:45;1;0;1
29/01/2019;01:00;3;0;3
29/01/2019;01:15;9;0;9
29/01/2019;01:30;3;1;2
29/01/2019;01:45;5;2;3
29/01/2019;02:00;0;0;0
29/01/2019;02:15;3;1;2
29/01/2019;02:30;3;1;2
29/01/2019;02:45;0;0;0
29/01/2019;03:00;3;1;2
29/01/2019;03:15;0;0;0
29/01/2019;03:30;1;1;0
29/01/2019;03:45;1;0;1
29/01/2019;04:00;0;0;0
29/01/2019;04:15;2;1;1
29/01/2019;04:30;3;2;1
29/01/2019;04:45;2;2;0
29/01/2019;05:00;3;3;0
29/01/2019;05:15;2;0;2
29/01/2019;05:30;10;7;3
29/01/2019;05:45;21;11;10
29/01/2019;06:00;16;10;6
29/01/2019;06:15;29;16;13
29/01/2019;06:30;31;21;10
29/01/2019;06:45;57;37;20
29/01/2019;07:00;55;32;23
29/01/2019;07:15;94;62;32
29/01/2019;07:30;317;217;100
29/01/2019;07:45;172;92;80
29/01/2019;08:00;129;56;73
29/01/2019;08:15;144;80;64
29/01/2019;08:30;122;67;55
29/01/2019;08:45;133;84;49
29/01/2019;09:00;102;66;36
29/01/2019;09:15;139;85;54
29/01/2019;09:30;135;76;59
29/01/2019;09:45;112;62;50
29/01/2019;10:00;64;33;31
29/01/2019;10:15;82;42;40
29/01/2019;10:30;87;44;43
29/01/2019;10:45;74;35;39
29/01/2019;11:00;71;36;35
29/01/2019;11:15;103;49;54
29/01/2019;11:30;79;45;34
29/01/2019;11:45;95;51;44
29/01/2019;12:00;74;32;42
29/01/2019;12:15;109;45;64
29/01/2019;12:30;124;53;71
29/01/2019;12:45;110;45;65
29/01/2019;13:00;216;62;154
29/01/2019;13:15;119;44;75
29/01/2019;13:30;100;50;50
29/01/2019;13:45;136;70;66
29/01/2019;14:00;98;48;50
29/01/2019;14:15;99;44;55
29/01/2019;14:30;93;51;42
29/01/2019;14:45;146;68;78
29/01/2019;15:00;93;46;47
29/01/2019;15:15;123;72;51
29/01/2019;15:30;175;80;95
29/01/2019;15:45;213;114;99
29/01/2019;16:00;129;76;53
29/01/2019;16:15;129;66;63
29/01/2019;16:30;162;75;87
29/01/2019;16:45;149;77;72
29/01/2019;17:00;149;69;80
29/01/2019;17:15;157;72;85
29/01/2019;17:30;165;82;83
29/01/2019;17:45;150;74;76
29/01/2019;18:00;119;41;78
29/01/2019;18:15;166;76;90
29/01/2019;18:30;154;80;74
29/01/2019;18:45;135;55;80
29/01/2019;19:00;132;56;76
29/01/2019;19:15;143;56;87
29/01/2019;19:30;100;46;54
29/01/2019;19:45;116;57;59
29/01/2019;20:00;67;28;39
29/01/2019;20:15;85;34;51
29/01/2019;20:30;65;36;29
29/01/2019;20:45;64;31;33
29/01/2019;21:00;61;35;26
29/01/2019;21:15;43;24;19
29/01/2019;21:30;43;17;26
29/01/2019;21:45;71;27;44
29/01/2019;22:00;60;28;32
29/01/2019;22:15;37;6;31
29/01/2019;22:30;35;19;16
29/01/2019;22:45;24;6;18
29/01/2019;23:00;23;6;17
29/01/2019;23:15;21;12;9
29/01/2019;23:30;28;13;15
29/01/2019;23:45;23;7;16
30/01/2019;00:00;12;3;9
30/01/2019;00:15;13;8;5
30/01/2019;00:30;9;2;7
30/01/2019;00:45;9;5;4
30/01/2019;01:00;4;1;3
30/01/2019;01:15;1;0;1
30/01/2019;01:30;8;4;4
30/01/2019;01:45;2;2;0
30/01/2019;02:00;11;4;7
30/01/2019;02:15;6;2;4
30/01/2019;02:30;1;1;0
30/01/2019;02:45;0;0;0
30/01/2019;03:00;0;0;0
30/01/2019;03:15;2;1;1
30/01/2019;03:30;0;0;0
30/01/2019;03:45;1;0;1
30/01/2019;04:00;1;0;1
30/01/2019;04:15;1;1;0
30/01/2019;04:30;2;1;1
30/01/2019;04:45;2;2;0
30/01/2019;05:00;1;1;0
30/01/2019;05:15;1;0;1
30/01/2019;05:30;5;3;2
30/01/2019;05:45;21;12;9
30/01/2019;06:00;13;6;7
30/01/2019;06:15;24;15;9
30/01/2019;06:30;28;19;9
30/01/2019;06:45;50;29;21
30/01/2019;07:00;54;30;24
30/01/2019;07:15;145;94;51
30/01/2019;07:30;298;192;106
30/01/2019;07:45;176;96;80
30/01/2019;08:00;148;74;74
30/01/2019;08:15;129;73;56
30/01/2019;08:30;127;68;59
30/01/2019;08:45;154;111;43
30/01/2019;09:00;103;67;36
30/01/2019;09:15;147;96;51
30/01/2019;09:30;120;65;55
30/01/2019;09:45;92;58;34
30/01/2019;10:00;58;25;33
30/01/2019;10:15;68;32;36
30/01/2019;10:30;73;42;31
30/01/2019;10:45;62;40;22
30/01/2019;11:00;96;40;56
30/01/2019;11:15;75;29;46
30/01/2019;11:30;81;39;42
30/01/2019;11:45;83;49;34
30/01/2019;12:00;83;38;45
30/01/2019;12:15;112;51;61
30/01/2019;12:30;116;53;63
30/01/2019;12:45;82;44;38
30/01/2019;13:00;246;76;170
30/01/2019;13:15;151;71;80
30/01/2019;13:30;131;75;56
30/01/2019;13:45;124;78;46
30/01/2019;14:00;106;46;60
30/01/2019;14:15;89;42;47
30/01/2019;14:30;80;46;34
30/01/2019;14:45;124;56;68
30/01/2019;15:00;89;36;53
30/01/2019;15:15;106;52;54
30/01/2019;15:30;163;65;98
30/01/2019;15:45;129;57;72
30/01/2019;16:00;120;56;64
30/01/2019;16:15;151;61;90
30/01/2019;16:30;88;40;48
30/01/2019;16:45;130;65;65
30/01/2019;17:00;134;65;69
30/01/2019;17:15;129;67;62
30/01/2019;17:30;160;79;81
30/01/2019;17:45;171;80;91
30/01/2019;18:00;142;54;88
30/01/2019;18:15;143;66;77
30/01/2019;18:30;126;52;74
30/01/2019;18:45;126;46;80
30/01/2019;19:00;98;31;67
30/01/2019;19:15;116;58;58
30/01/2019;19:30;81;34;47
30/01/2019;19:45;87;33;54
30/01/2019;20:00;96;49;47
30/01/2019;20:15;68;36;32
30/01/2019;20:30;71;36;35
30/01/2019;20:45;42;14;28
30/01/2019;21:00;49;19;30
30/01/2019;21:15;48;18;30
30/01/2019;21:30;45;16;29
30/01/2019;21:45;59;36;23
30/01/2019;22:00;36;19;17
30/01/2019;22:15;36;15;21
30/01/2019;22:30;38;18;20
30/01/2019;22:45;28;16;12
30/01/2019;23:00;21;9;12
30/01/2019;23:15;27;14;13
30/01/2019;23:30;23;5;18
30/01/2019;23:45;20;6;14
31/01/2019;00:00;16;10;6
31/01/2019;00:15;11;5;6
31/01/2019;00:30;13;4;9
31/01/2019;00:45;10;6;4
31/01/2019;01:00;8;3;5
31/01/2019;01:15;9;2;7
31/01/2019;01:30;4;1;3
31/01/2019;01:45;4;0;4
31/01/2019;02:00;10;5;5
31/01/2019;02:15;2;0;2
31/01/2019;02:30;0;0;0
31/01/2019;02:45;3;1;2
31/01/2019;03:00;0;0;0
31/01/2019;03:15;2;1;1
31/01/2019;03:30;0;0;0
31/01/2019;03:45;2;1;1
31/01/2019;04:00;2;2;0
31/01/2019;04:15;1;0;1
31/01/2019;04:30;1;1;0
31/01/2019;04:45;1;0;1
31/01/2019;05:00;1;1;0
31/01/2019;05:15;4;3;1
31/01/2019;05:30;9;5;4
31/01/2019;05:45;10;6;4
31/01/2019;06:00;20;15;5
31/01/2019;06:15;26;16;10
31/01/2019;06:30;33;21;12
31/01/2019;06:45;40;23;17
31/01/2019;07:00;57;31;26
31/01/2019;07:15;96;59;37
31/01/2019;07:30;300;191;109
31/01/2019;07:45;157;72;85
31/01/2019;08:00;125;54;71
31/01/2019;08:15;142;82;60
31/01/2019;08:30;100;57;43
31/01/2019;08:45;169;112;57
31/01/2019;09:00;124;89;35
31/01/2019;09:15;133;89;44
31/01/2019;09:30;121;77;44
31/01/2019;09:45;111;60;51
31/01/2019;10:00;65;31;34
31/01/2019;10:15;71;43;28
31/01/2019;10:30;79;42;37
31/01/2019;10:45;66;35;31
31/01/2019;11:00;78;31;47
31/01/2019;11:15;98;51;47
31/01/2019;11:30;91;56;35
31/01/2019;11:45;93;37;56
31/01/2019;12:00;70;34;36
31/01/2019;12:15;115;58;57
31/01/2019;12:30;86;27;59
31/01/2019;12:45;92;40;52
31/01/2019;13:00;195;60;135
31/01/2019;13:15;120;48;72
31/01/2019;13:30;102;56;46
31/01/2019;13:45;123;73;50
31/01/2019;14:00;109;55;54
31/01/2019;14:15;87;40;47
31/01/2019;14:30;85;31;54
31/01/2019;14:45;91;50;41
31/01/2019;15:00;85;31;54
31/01/2019;15:15;124;65;59
31/01/2019;15:30;214;96;118
31/01/2019;15:45;183;77;106
31/01/2019;16:00;132;62;70
31/01/2019;16:15;138;76;62
31/01/2019;16:30;170;80;90
31/01/2019;16:45;137;61;76
31/01/2019;17:00;172;80;92
31/01/2019;17:15;167;75;92
31/01/2019;17:30;163;73;90
31/01/2019;17:45;166;78;88
31/01/2019;18:00;136;67;69
31/01/2019;18:15;124;58;66
31/01/2019;18:30;136;58;78
31/01/2019;18:45;162;84;78
31/01/2019;19:00;111;40;71
31/01/2019;19:15;115;59;56
31/01/2019;19:30;75;30;45
31/01/2019;19:45;65;29;36
31/01/2019;20:00;97;42;55
31/01/2019;20:15;79;28;51
31/01/2019;20:30;60;22;38
31/01/2019;20:45;36;14;22
31/01/2019;21:00;49;21;28
31/01/2019;21:15;45;19;26
31/01/2019;21:30;53;17;36
31/01/2019;21:45;59;25;34
31/01/2019;22:00;54;21;33
31/01/2019;22:15;52;25;27
31/01/2019;22:30;38;18;20
31/01/2019;22:45;22;9;13
31/01/2019;23:00;26;15;11
31/01/2019;23:15;24;10;14
31/01/2019;23:30;21;5;16
31/01/2019;23:45;28;5;23
01/02/2019;00:00;16;9;7
01/02/2019;00:15;11;5;6
01/02/2019;00:30;14;1;13
01/02/2019;00:45;5;2;3
01/02/2019;01:00;11;4;7
01/02/2019;01:15;14;4;10
01/02/2019;01:30;7;2;5
01/02/2019;01:45;9;3;6
01/02/2019;02:00;7;2;5
01/02/2019;02:15;5;2;3
01/02/2019;02:30;5;0;5
01/02/2019;02:45;0;0;0
01/02/2019;03:00;0;0;0
01/02/2019;03:15;0;0;0
01/02/2019;03:30;1;1;0
01/02/2019;03:45;1;0;1
01/02/2019;04:00;0;0;0
01/02/2019;04:15;0;0;0
01/02/2019;04:30;0;0;0
01/02/2019;04:45;3;2;1
01/02/2019;05:00;1;1;0
01/02/2019;05:15;5;4;1
01/02/2019;05:30;6;4;2
01/02/2019;05:45;13;10;3
01/02/2019;06:00;14;9;5
01/02/2019;06:15;22;17;5
01/02/2019;06:30;27;16;11
01/02/2019;06:45;56;32;24
01/02/2019;07:00;62;33;29
01/02/2019;07:15;122;92;30
01/02/2019;07:30;281;167;114
01/02/2019;07:45;142;70;72
01/02/2019;08:00;112;55;57
01/02/2019;08:15;130;80;50
01/02/2019;08:30;132;73;59
01/02/2019;08:45;160;109;51
01/02/2019;09:00;119;72;47
01/02/2019;09:15;117;86;31
01/02/2019;09:30;124;68;56
01/02/2019;09:45;101;61;40
01/02/2019;10:00;66;36;30
01/02/2019;10:15;85;50;35
01/02/2019;10:30;66;46;20
01/02/2019;10:45;74;50;24
01/02/2019;11:00;101;52;49
01/02/2019;11:15;107;36;71
01/02/2019;11:30;106;56;50
01/02/2019;11:45;100;46;54
01/02/2019;12:00;101;45;56
01/02/2019;12:15;136;63;73
01/02/2019;12:30;142;60;82
01/02/2019;12:45;127;66;61
01/02/2019;13:00;265;85;180
01/02/2019;13:15;163;88;75
01/02/2019;13:30;145;80;65
01/02/2019;13:45;141;65;76
01/02/2019;14:00;112;49;63
01/02/2019;14:15;107;53;54
01/02/2019;14:30;117;39;78
01/02/2019;14:45;140;52;88
01/02/2019;15:00;127;54;73
01/02/2019;15:15;105;49;56
01/02/2019;15:30;130;58;72
01/02/2019;15:45;126;49;77
01/02/2019;16:00;126;58;68
01/02/2019;16:15;152;80;72
01/02/2019;16:30;125;64;61
01/02/2019;16:45;134;71;63
01/02/2019;17:00;118;66;52
01/02/2019;17:15;136;58;78
01/02/2019;17:30;113;52;61
01/02/2019;17:45;141;74;67
01/02/2019;18:00;106;52;54
01/02/2019;18:15;106;42;64
01/02/2019;18:30;94;44;50
01/02/2019;18:45;109;56;53
01/02/2019;19:00;121;61;60
01/02/2019;19:15;110;47;63
01/02/2019;19:30;64;29;35
01/02/2019;19:45;71;28;43
01/02/2019;20:00;67;26;41
01/02/2019;20:15;61;25;36
01/02/2019;20:30;37;18;19
01/02/2019;20:45;59;27;32
01/02/2019;21:00;43;22;21
01/02/2019;21:15;28;8;20
01/02/2019;21:30;44;13;31
01/02/2019;21:45;26;14;12
01/02/2019;22:00;21;8;13
01/02/2019;22:15;44;13;31
01/02/2019;22:30;46;17;29
01/02/2019;22:45;34;15;19
01/02/2019;23:00;32;11;21
01/02/2019;23:15;34;9;25
01/02/2019;23:30;32;8;24
01/02/2019;23:45;23;4;19
02/02/2019;00:00;24;6;18
02/02/2019;00:15;37;13;24
02/02/2019;00:30;18;0;18
02/02/2019;00:45;17;7;10
02/02/2019;01:00;12;8;4
02/02/2019;01:15;12;6;6
02/02/2019;01:30;12;5;7
02/02/2019;01:45;15;6;9
02/02/2019;02:00;6;1;5
02/02/2019;02:15;13;4;9
02/02/2019;02:30;6;1;5
02/02/2019;02:45;20;9;11
02/02/2019;03:00;5;0;5
02/02/2019;03:15;3;1;2
02/02/2019;03:30;7;2;5
02/02/2019;03:45;2;0;2
02/02/2019;04:00;1;1;0
02/02/2019;04:15;1;0;1
02/02/2019;04:30;3;1;2
02/02/2019;04:45;2;1;1
02/02/2019;05:00;4;3;1
02/02/2019;05:15;2;1;1
02/02/2019;05:30;4;3;1
02/02/2019;05:45;6;3;3
02/02/2019;06:00;6;4;2
02/02/2019;06:15;13;10;3
02/02/2019;06:30;5;2;3
02/02/2019;06:45;7;4;3
02/02/2019;07:00;4;2;2
02/02/2019;07:15;4;4;0
02/02/2019;07:30;9;4;5
02/02/2019;07:45;24;17;7
02/02/2019;08:00;29;21;8
02/02/2019;08:15;34;22;12
02/02/2019;08:30;27;18;9
02/02/2019;08:45;50;33;17
02/02/2019;09:00;32;22;10
02/02/2019;09:15;35;27;8
02/02/2019;09:30;47;22;25
02/02/2019;09:45;82;57;25
02/02/2019;10:00;60;37;23
02/02/2019;10:15;69;39;30
02/02/2019;10:30;81;43;38
02/02/2019;10:45;76;43;33
02/02/2019;11:00;73;40;33
02/02/2019;11:15;62;31;31
02/02/2019;11:30;63;36;27
02/02/2019;11:45;76;43;33
02/02/2019;12:00;75;35;40
02/02/2019;12:15;84;49;35
02/02/2019;12:30;94;64;30
02/02/2019;12:45;72;34;38
02/02/2019;13:00;83;53;30
02/02/2019;13:15;92;50;42
02/02/2019;13:30;74;39;35
02/02/2019;13:45;91;47;44
02/02/2019;14:00;81;30;51
02/02/2019;14:15;75;41;34
02/02/2019;14:30;71;38;33
02/02/2019;14:45;94;34;60
02/02/2019;15:00;83;34;49
02/02/2019;15:15;81;30;51
02/02/2019;15:30;88;41;47
02/02/2019;15:45;76;38;38
02/02/2019;16:00;66;25;41
02/02/2019;16:15;74;29;45
02/02/2019;16:30;59;21;38
02/02/2019;16:45;59;24;35
02/02/2019;17:00;60;19;41
02/02/2019;17:15;69;31;38
02/02/2019;17:30;74;29;45
02/02/2019;17:45;65;33;32
02/02/2019;18:00;83;32;51
02/02/2019;18:15;66;30;36
02/02/2019;18:30;50;23;27
02/02/2019;18:45;91;39;52
02/02/2019;19:00;58;23;35
02/02/2019;19:15;43;20;23
02/02/2019;19:30;51;24;27
02/02/2019;19:45;46;25;21
02/02/2019;20:00;52;25;27
02/02/2019;20:15;53;24;29
02/02/2019;20:30;46;20;26
02/02/2019;20:45;39;16;23
02/02/2019;21:00;45;22;23
02/02/2019;21:15;32;22;10
02/02/2019;21:30;45;26;19
02/02/2019;21:45;45;22;23
02/02/2019;22:00;35;15;20
02/02/2019;22:15;31;16;15
02/02/2019;22:30;23;10;13
02/02/2019;22:45;24;7;17
02/02/2019;23:00;39;12;27
02/02/2019;23:15;29;12;17
02/02/2019;23:30;12;5;7
02/02/2019;23:45;38;14;24
03/02/2019;00:00;33;7;26
03/02/2019;00:15;17;10;7
03/02/2019;00:30;30;6;24
03/02/2019;00:45;26;4;22
03/02/2019;01:00;16;4;12
03/02/2019;01:15;18;4;14
03/02/2019;01:30;12;6;6
03/02/2019;01:45;11;2;9
03/02/2019;02:00;15;7;8
03/02/2019;02:15;13;3;10
03/02/2019;02:30;10;1;9
03/02/2019;02:45;10;4;6
03/02/2019;03:00;7;1;6
03/02/2019;03:15;5;0;5
03/02/2019;03:30;14;3;11
03/02/2019;03:45;4;0;4
03/02/2019;04:00;4;2;2
03/02/2019;04:15;2;1;1
03/02/2019;04:30;0;0;0
03/02/2019;04:45;1;1;0
03/02/2019;05:00;3;3;0
03/02/2019;05:15;1;1;0
03/02/2019;05:30;2;2;0
03/02/2019;05:45;2;2;0
03/02/2019;06:00;4;0;4
03/02/2019;06:15;5;2;3
03/02/2019;06:30;3;1;2
03/02/2019;06:45;9;3;6
03/02/2019;07:00;4;2;2
03/02/2019;07:15;3;2;1
03/02/2019;07:30;1;1;0
03/02/2019;07:45;5;4;1
03/02/2019;08:00;4;2;2
03/02/2019;08:15;5;3;2
03/02/2019;08:30;9;5;4
03/02/2019;08:45;13;9;4
03/02/2019;09:00;6;4;2
03/02/2019;09:15;14;3;11
03/02/2019;09:30;14;5;9
03/02/2019;09:45;34;22;12
03/02/2019;10:00;24;15;9
03/02/2019;10:15;22;14;8
03/02/2019;10:30;19;16;3
03/02/2019;10:45;21;9;12
03/02/2019;11:00;31;17;14
03/02/2019;11:15;20;12;8
03/02/2019;11:30;23;11;12
03/02/2019;11:45;31;23;8
03/02/2019;12:00;31;14;17
03/02/2019;12:15;13;5;8
03/02/2019;12:30;25;16;9
03/02/2019;12:45;23;13;10
03/02/2019;13:00;25;9;16
03/02/2019;13:15;30;16;14
03/02/2019;13:30;19;10;9
03/02/2019;13:45;40;23;17
03/02/2019;14:00;32;11;21
03/02/2019;14:15;26;18;8
03/02/2019;14:30;29;17;12
03/02/2019;14:45;57;29;28
03/02/2019;15:00;32;11;21
03/02/2019;15:15;13;8;5
03/02/2019;15:30;28;21;7
03/02/2019;15:45;24;14;10
03/02/2019;16:00;21;10;11
03/02/2019;16:15;35;18;17
03/02/2019;16:30;20;6;14
03/02/2019;16:45;27;14;13
03/02/2019;17:00;30;14;16
03/02/2019;17:15;26;17;9
03/02/2019;17:30;33;14;19
03/02/2019;17:45;54;25;29
03/02/2019;18:00;40;17;23
03/02/2019;18:15;34;10;24
03/02/2019;18:30;36;12;24
03/02/2019;18:45;32;10;22
03/02/2019;19:00;34;12;22
03/02/2019;19:15;32;19;13
03/02/2019;19:30;24;14;10
03/02/2019;19:45;33;13;20
03/02/2019;20:00;29;13;16
03/02/2019;20:15;21;8;13
03/02/2019;20:30;23;9;14
03/02/2019;20:45;19;14;5
03/02/2019;21:00;12;5;7
03/02/2019;21:15;13;3;10
03/02/2019;21:30;20;6;14
03/02/2019;21:45;14;5;9
03/02/2019;22:00;18;6;12
03/02/2019;22:15;18;8;10
03/02/2019;22:30;20;9;11
03/02/2019;22:45;21;9;12
03/02/2019;23:00;14;5;9
03/02/2019;23:15;9;4;5
03/02/2019;23:30;12;6;6
03/02/2019;23:45;10;4;6
04/02/2019;00:00;6;4;2
04/02/2019;00:15;4;0;4
04/02/2019;00:30;2;1;1
04/02/2019;00:45;2;0;2
04/02/2019;01:00;2;1;1
04/02/2019;01:15;7;4;3
04/02/2019;01:30;2;1;1
04/02/2019;01:45;1;0;1
04/02/2019;02:00;4;2;2
04/02/2019;02:15;3;1;2
04/02/2019;02:30;4;2;2
04/02/2019;02:45;2;0;2
04/02/2019;03:00;4;1;3
04/02/2019;03:15;0;0;0
04/02/2019;03:30;2;0;2
04/02/2019;03:45;1;0;1
04/02/2019;04:00;9;6;3
04/02/2019;04:15;17;12;5
04/02/2019;04:30;5;3;2
04/02/2019;04:45;6;4;2
04/02/2019;05:00;1;1;0
04/02/2019;05:15;4;4;0
04/02/2019;05:30;9;4;5
04/02/2019;05:45;14;5;9
04/02/2019;06:00;14;8;6
04/02/2019;06:15;10;8;2
04/02/2019;06:30;31;22;9
04/02/2019;06:45;36;21;15
04/02/2019;07:00;55;32;23
04/02/2019;07:15;101;60;41
04/02/2019;07:30;287;182;105
04/02/2019;07:45;134;64;70
04/02/2019;08:00;112;53;59
04/02/2019;08:15;106;39;67
04/02/2019;08:30;93;43;50
04/02/2019;08:45;113;73;40
04/02/2019;09:00;95;63;32
04/02/2019;09:15;92;56;36
04/02/2019;09:30;84;46;38
04/02/2019;09:45;92;48;44
04/02/2019;10:00;53;32;21
04/02/2019;10:15;53;34;19
04/02/2019;10:30;80;47;33
04/02/2019;10:45;57;35;22
04/02/2019;11:00;68;33;35
04/02/2019;11:15;72;36;36
04/02/2019;11:30;81;45;36
04/02/2019;11:45;50;27;23
04/02/2019;12:00;76;40;36
04/02/2019;12:15;92;45;47
04/02/2019;12:30;60;24;36
04/02/2019;12:45;96;43;53
04/02/2019;13:00;150;50;100
04/02/2019;13:15;136;56;80
04/02/2019;13:30;103;76;27
04/02/2019;13:45;151;75;76
04/02/2019;14:00;86;33;53
04/02/2019;14:15;92;50;42
04/02/2019;14:30;92;44;48
04/02/2019;14:45;114;59;55
04/02/2019;15:00;98;47;51
04/02/2019;15:15;108;65;43
04/02/2019;15:30;214;93;121
04/02/2019;15:45;124;56;68
04/02/2019;16:00;121;49;72
04/02/2019;16:15;138;66;72
04/02/2019;16:30;124;48;76
04/02/2019;16:45;150;84;66
04/02/2019;17:00;142;62;80
04/02/2019;17:15;180;82;98
04/02/2019;17:30;107;43;64
04/02/2019;17:45;149;61;88
04/02/2019;18:00;124;54;70
04/02/2019;18:15;117;59;58
04/02/2019;18:30;99;52;47
04/02/2019;18:45;130;70;60
04/02/2019;19:00;111;54;57
04/02/2019;19:15;91;38;53
04/02/2019;19:30;85;39;46
04/02/2019;19:45;88;34;54
04/02/2019;20:00;77;36;41
04/02/2019;20:15;65;29;36
04/02/2019;20:30;72;20;52
04/02/2019;20:45;48;22;26
04/02/2019;21:00;48;12;36
04/02/2019;21:15;47;19;28
04/02/2019;21:30;39;19;20
04/02/2019;21:45;44;22;22
04/02/2019;22:00;38;12;26
04/02/2019;22:15;34;16;18
04/02/2019;22:30;30;18;12
04/02/2019;22:45;36;15;21
04/02/2019;23:00;25;11;14
04/02/2019;23:15;27;8;19
04/02/2019;23:30;20;7;13
04/02/2019;23:45;9;4;5
05/02/2019;00:00;15;7;8
05/02/2019;00:15;7;3;4
05/02/2019;00:30;7;2;5
05/02/2019;00:45;8;2;6
05/02/2019;01:00;0;0;0
05/02/2019;01:15;1;0;1
05/02/2019;01:30;3;1;2
05/02/2019;01:45;4;3;1
05/02/2019;02:00;8;3;5
05/02/2019;02:15;0;0;0
05/02/2019;02:30;3;2;1
05/02/2019;02:45;2;2;0
05/02/2019;03:00;1;1;0
05/02/2019;03:15;1;1;0
05/02/2019;03:30;2;0;2
05/02/2019;03:45;1;0;1
05/02/2019;04:00;2;2;0
05/02/2019;04:15;1;1;0
05/02/2019;04:30;4;4;0
05/02/2019;04:45;1;1;0
05/02/2019;05:00;0;0;0
05/02/2019;05:15;1;1;0
05/02/2019;05:30;11;6;5
05/02/2019;05:45;10;10;0
05/02/2019;06:00;23;14;9
05/02/2019;06:15;24;13;11
05/02/2019;06:30;41;29;12
05/02/2019;06:45;56;33;23
05/02/2019;07:00;50;29;21
05/02/2019;07:15;132;96;36
05/02/2019;07:30;298;198;100
05/02/2019;07:45;194;92;102
05/02/2019;08:00;125;63;62
05/02/2019;08:15;120;54;66
05/02/2019;08:30;147;79;68
05/02/2019;08:45;131;81;50
05/02/2019;09:00;113;74;39
05/02/2019;09:15;143;76;67
05/02/2019;09:30;111;68;43
05/02/2019;09:45;109;68;41
05/02/2019;10:00;64;34;30
05/02/2019;10:15;63;34;29
05/02/2019;10:30;64;34;30
05/02/2019;10:45;62;36;26
05/02/2019;11:00;88;32;56
05/02/2019;11:15;97;50;47
05/02/2019;11:30;91;35;56
05/02/2019;11:45;77;39;38
05/02/2019;12:00;75;33;42
05/02/2019;12:15;99;44;55
05/02/2019;12:30;84;33;51
05/02/2019;12:45;108;42;66
05/02/2019;13:00;194;46;148
05/02/2019;13:15;134;54;80
05/02/2019;13:30;95;48;47
05/02/2019;13:45;138;75;63
05/02/2019;14:00;93;50;43
05/02/2019;14:15;90;42;48
05/02/2019;14:30;86;42;44
05/02/2019;14:45;129;59;70
05/02/2019;15:00;72;35;37
05/02/2019;15:15;95;44;51
05/02/2019;15:30;210;99;111
05/02/2019;15:45;170;85;85
05/02/2019;16:00;132;70;62
05/02/2019;16:15;102;59;43
05/02/2019;16:30;122;59;63
05/02/2019;16:45;147;68;79
05/02/2019;17:00;140;62;78
05/02/2019;17:15;167;76;91
05/02/2019;17:30;142;73;69
05/02/2019;17:45;179;93;86
05/02/2019;18:00;127;68;59
05/02/2019;18:15;134;54;80
05/02/2019;18:30;125;59;66
05/02/2019;18:45;140;68;72
05/02/2019;19:00;121;47;74
05/02/2019;19:15;154;87;67
05/02/2019;19:30;108;66;42
05/02/2019;19:45;99;47;52
05/02/2019;20:00;84;43;41
05/02/2019;20:15;77;32;45
05/02/2019;20:30;63;32;31
05/02/2019;20:45;45;22;23
05/02/2019;21:00;54;21;33
05/02/2019;21:15;33;14;19
05/02/2019;21:30;32;14;18
05/02/2019;21:45;53;33;20
05/02/2019;22:00;61;14;47
05/02/2019;22:15;55;27;28
05/02/2019;22:30;38;8;30
05/02/2019;22:45;29;8;21
05/02/2019;23:00;15;3;12
05/02/2019;23:15;16;5;11
05/02/2019;23:30;21;9;12
05/02/2019;23:45;14;6;8
06/02/2019;00:00;6;4;2
06/02/2019;00:15;11;3;8
06/02/2019;00:30;10;5;5
06/02/2019;00:45;8;5;3
06/02/2019;01:00;7;1;6
06/02/2019;01:15;2;0;2
06/02/2019;01:30;3;2;1
06/02/2019;01:45;8;3;5
06/02/2019;02:00;0;0;0
06/02/2019;02:15;3;1;2
06/02/2019;02:30;1;0;1
06/02/2019;02:45;0;0;0
06/02/2019;03:00;0;0;0
06/02/2019;03:15;0;0;0
06/02/2019;03:30;1;1;0
06/02/2019;03:45;1;0;1
06/02/2019;04:00;0;0;0
06/02/2019;04:15;0;0;0
06/02/2019;04:30;0;0;0
06/02/2019;04:45;4;2;2
06/02/2019;05:00;2;2;0
06/02/2019;05:15;5;2;3
06/02/2019;05:30;7;2;5
06/02/2019;05:45;13;9;4
06/02/2019;06:00;19;12;7
06/02/2019;06:15;15;12;3
06/02/2019;06:30;29;17;12
06/02/2019;06:45;45;25;20
06/02/2019;07:00;67;37;30
06/02/2019;07:15;145;79;66
06/02/2019;07:30;318;189;129
06/02/2019;07:45;165;72;93
06/02/2019;08:00;146;86;60
06/02/2019;08:15;128;71;57
06/02/2019;08:30;139;85;54
06/02/2019;08:45;141;83;58
06/02/2019;09:00;106;70;36
06/02/2019;09:15;140;93;47
06/02/2019;09:30;122;78;44
06/02/2019;09:45;121;68;53
06/02/2019;10:00;63;32;31
06/02/2019;10:15;78;43;35
06/02/2019;10:30;66;36;30
06/02/2019;10:45;63;33;30
06/02/2019;11:00;93;45;48
06/02/2019;11:15;82;40;42
06/02/2019;11:30;80;42;38
06/02/2019;11:45;82;47;35
06/02/2019;12:00;87;38;49
06/02/2019;12:15;127;57;70
06/02/2019;12:30;108;52;56
06/02/2019;12:45;118;53;65
06/02/2019;13:00;230;77;153
06/02/2019;13:15;133;62;71
06/02/2019;13:30;114;57;57
06/02/2019;13:45;136;78;58
06/02/2019;14:00;108;50;58
06/02/2019;14:15;87;43;44
06/02/2019;14:30;104;53;51
06/02/2019;14:45;109;42;67
06/02/2019;15:00;105;44;61
06/02/2019;15:15;118;74;44
06/02/2019;15:30;168;50;118
06/02/2019;15:45;104;45;59
06/02/2019;16:00;102;45;57
06/02/2019;16:15;127;64;63
06/02/2019;16:30;110;59;51
06/02/2019;16:45;151;91;60
06/02/2019;17:00;135;42;93
06/02/2019;17:15;155;79;76
06/02/2019;17:30;130;68;62
06/02/2019;17:45;181;77;104
06/02/2019;18:00;134;69;65
06/02/2019;18:15;136;58;78
06/02/2019;18:30;110;47;63
06/02/2019;18:45;157;69;88
06/02/2019;19:00;124;60;64
06/02/2019;19:15;108;60;48
06/02/2019;19:30;98;40;58
06/02/2019;19:45;85;44;41
06/02/2019;20:00;107;62;45
06/02/2019;20:15;87;51;36
06/02/2019;20:30;77;37;40
06/02/2019;20:45;53;17;36
06/02/2019;21:00;51;13;38
06/02/2019;21:15;34;16;18
06/02/2019;21:30;51;26;25
06/02/2019;21:45;46;21;25
06/02/2019;22:00;55;26;29
06/02/2019;22:15;59;28;31
06/02/2019;22:30;38;16;22
06/02/2019;22:45;25;15;10
06/02/2019;23:00;23;7;16
06/02/2019;23:15;33;10;23
06/02/2019;23:30;21;7;14
06/02/2019;23:45;16;4;12
07/02/2019;00:00;23;7;16
07/02/2019;00:15;6;1;5
07/02/2019;00:30;9;4;5
07/02/2019;00:45;11;1;10
07/02/2019;01:00;7;0;7
07/02/2019;01:15;10;3;7
07/02/2019;01:30;4;4;0
07/02/2019;01:45;8;3;5
07/02/2019;02:00;13;2;11
07/02/2019;02:15;7;4;3
07/02/2019;02:30;1;1;0
07/02/2019;02:45;3;1;2
07/02/2019;03:00;0;0;0
07/02/2019;03:15;2;2;0
07/02/2019;03:30;2;0;2
07/02/2019;03:45;1;0;1
07/02/2019;04:00;5;4;1
07/02/2019;04:15;1;1;0
07/02/2019;04:30;0;0;0
07/02/2019;04:45;0;0;0
07/02/2019;05:00;1;1;0
07/02/2019;05:15;4;3;1
07/02/2019;05:30;10;5;5
07/02/2019;05:45;12;9;3
07/02/2019;06:00;14;11;3
07/02/2019;06:15;27;18;9
07/02/2019;06:30;30;16;14
07/02/2019;06:45;44;26;18
07/02/2019;07:00;51;28;23
07/02/2019;07:15;125;85;40
07/02/2019;07:30;308;192;116
07/02/2019;07:45;149;68;81
07/02/2019;08:00;109;50;59
07/02/2019;08:15;147;83;64
07/02/2019;08:30;114;62;52
07/02/2019;08:45;149;94;55
07/02/2019;09:00;116;69;47
07/02/2019;09:15;125;74;51
07/02/2019;09:30;87;52;35
07/02/2019;09:45;95;60;35
07/02/2019;10:00;54;32;22
07/02/2019;10:15;47;24;23
07/02/2019;10:30;70;38;32
07/02/2019;10:45;66;35;31
07/02/2019;11:00;101;40;61
07/02/2019;11:15;87;36;51
07/02/2019;11:30;81;41;40
07/02/2019;11:45;78;39;39
07/02/2019;12:00;79;30;49
07/02/2019;12:15;95;41;54
07/02/2019;12:30;97;37;60
07/02/2019;12:45;106;53;53
07/02/2019;13:00;181;58;123
07/02/2019;13:15;99;42;57
07/02/2019;13:30;101;52;49
07/02/2019;13:45;99;40;59
07/02/2019;14:00;84;38;46
07/02/2019;14:15;85;42;43
07/02/2019;14:30;80;32;48
07/02/2019;14:45;81;35;46
07/02/2019;15:00;75;32;43
07/02/2019;15:15;85;45;40
07/02/2019;15:30;171;73;98
07/02/2019;15:45;126;64;62
07/02/2019;16:00;110;55;55
07/02/2019;16:15;117;63;54
07/02/2019;16:30;114;54;60
07/02/2019;16:45;125;58;67
07/02/2019;17:00;142;68;74
07/02/2019;17:15;149;60;89
07/02/2019;17:30;145;64;81
07/02/2019;17:45;144;73;71
07/02/2019;18:00;131;56;75
07/02/2019;18:15;123;60;63
07/02/2019;18:30;119;52;67
07/02/2019;18:45;116;51;65
07/02/2019;19:00;91;33;58
07/02/2019;19:15;81;45;36
07/02/2019;19:30;82;46;36
07/02/2019;19:45;85;36;49
07/02/2019;20:00;63;26;37
07/02/2019;20:15;75;39;36
07/02/2019;20:30;57;31;26
07/02/2019;20:45;52;18;34
07/02/2019;21:00;41;20;21
07/02/2019;21:15;41;24;17
07/02/2019;21:30;34;15;19
07/02/2019;21:45;41;15;26
07/02/2019;22:00;47;22;25
07/02/2019;22:15;35;14;21
07/02/2019;22:30;45;25;20
07/02/2019;22:45;37;10;27
07/02/2019;23:00;21;4;17
07/02/2019;23:15;20;12;8
07/02/2019;23:30;24;14;10
07/02/2019;23:45;18;8;10
08/02/2019;00:00;13;6;7
08/02/2019;00:15;15;10;5
08/02/2019;00:30;12;2;10
08/02/2019;00:45;9;5;4
08/02/2019;01:00;8;1;7
08/02/2019;01:15;8;1;7
08/02/2019;01:30;8;2;6
08/02/2019;01:45;5;0;5
08/02/2019;02:00;8;6;2
08/02/2019;02:15;3;3;0
08/02/2019;02:30;1;1;0
08/02/2019;02:45;8;3;5
08/02/2019;03:00;4;1;3
08/02/2019;03:15;3;1;2
08/02/2019;03:30;4;2;2
08/02/2019;03:45;0;0;0
08/02/2019;04:00;2;1;1
08/02/2019;04:15;1;1;0
08/02/2019;04:30;1;1;0
08/02/2019;04:45;2;0;2
08/02/2019;05:00;1;1;0
08/02/2019;05:15;2;2;0
08/02/2019;05:30;8;1;7
08/02/2019;05:45;8;6;2
08/02/2019;06:00;19;12;7
08/02/2019;06:15;27;23;4
08/02/2019;06:30;30;18;12
08/02/2019;06:45;38;18;20
08/02/2019;07:00;55;31;24
08/02/2019;07:15;110;73;37
08/02/2019;07:30;283;181;102
08/02/2019;07:45;175;96;79
08/02/2019;08:00;121;59;62
08/02/2019;08:15;123;63;60
08/02/2019;08:30;136;77;59
08/02/2019;08:45;168;107;61
08/02/2019;09:00;128;85;43
08/02/2019;09:15;140;95;45
08/02/2019;09:30;109;61;48
08/02/2019;09:45;112;67;45
08/02/2019;10:00;77;40;37
08/02/2019;10:15;103;61;42
08/02/2019;10:30;75;41;34
08/02/2019;10:45;85;43;42
08/02/2019;11:00;103;43;60
08/02/2019;11:15;147;92;55
08/02/2019;11:30;138;90;48
08/02/2019;11:45;123;60;63
08/02/2019;12:00;106;47;59
08/02/2019;12:15;131;55;76
08/02/2019;12:30;143;59;84
08/02/2019;12:45;154;49;105
08/02/2019;13:00;237;63;174
08/02/2019;13:15;145;62;83
08/02/2019;13:30;143;74;69
08/02/2019;13:45;147;66;81
08/02/2019;14:00;144;55;89
08/02/2019;14:15;93;42;51
08/02/2019;14:30;137;70;67
08/02/2019;14:45;146;63;83
08/02/2019;15:00;111;49;62
08/02/2019;15:15;120;55;65
08/02/2019;15:30;127;64;63
08/02/2019;15:45;151;60;91
08/02/2019;16:00;158;67;91
08/02/2019;16:15;129;84;45
08/02/2019;16:30;123;58;65
08/02/2019;16:45;129;53;76
08/02/2019;17:00;112;38;74
08/02/2019;17:15;131;56;75
08/02/2019;17:30;134;70;64
08/02/2019;17:45;127;61;66
08/02/2019;18:00;127;59;68
08/02/2019;18:15;104;51;53
08/02/2019;18:30;92;38;54
08/02/2019;18:45;127;64;63
08/02/2019;19:00;101;56;45
08/02/2019;19:15;97;58;39
08/02/2019;19:30;58;27;31
08/02/2019;19:45;79;37;42
08/02/2019;20:00;55;27;28
08/02/2019;20:15;75;36;39
08/02/2019;20:30;58;30;28
08/02/2019;20:45;63;26;37
08/02/2019;21:00;51;28;23
08/02/2019;21:15;37;22;15
08/02/2019;21:30;49;32;17
08/02/2019;21:45;31;22;9
08/02/2019;22:00;21;7;14
08/02/2019;22:15;60;15;45
08/02/2019;22:30;38;16;22
08/02/2019;22:45;25;13;12
08/02/2019;23:00;38;7;31
08/02/2019;23:15;43;10;33
08/02/2019;23:30;25;5;20
08/02/2019;23:45;20;3;17
09/02/2019;00:00;28;6;22
09/02/2019;00:15;25;8;17
09/02/2019;00:30;19;1;18
09/02/2019;00:45;15;5;10
09/02/2019;01:00;16;0;16
09/02/2019;01:15;17;4;13
09/02/2019;01:30;9;1;8
09/02/2019;01:45;11;1;10
09/02/2019;02:00;10;4;6
09/02/2019;02:15;9;2;7
09/02/2019;02:30;7;3;4
09/02/2019;02:45;9;8;1
09/02/2019;03:00;5;2;3
09/02/2019;03:15;11;4;7
09/02/2019;03:30;4;1;3
09/02/2019;03:45;9;2;7
09/02/2019;04:00;4;2;2
09/02/2019;04:15;1;1;0
09/02/2019;04:30;1;0;1
09/02/2019;04:45;2;1;1
09/02/2019;05:00;5;5;0
09/02/2019;05:15;4;4;0
09/02/2019;05:30;5;3;2
09/02/2019;05:45;10;8;2
09/02/2019;06:00;7;7;0
09/02/2019;06:15;14;13;1
09/02/2019;06:30;16;12;4
09/02/2019;06:45;10;3;7
09/02/2019;07:00;4;2;2
09/02/2019;07:15;11;7;4
09/02/2019;07:30;15;6;9
09/02/2019;07:45;22;12;10
09/02/2019;08:00;15;7;8
09/02/2019;08:15;22;16;6
09/02/2019;08:30;23;15;8
09/02/2019;08:45;52;25;27
09/02/2019;09:00;26;15;11
09/02/2019;09:15;64;38;26
09/02/2019;09:30;74;41;33
09/02/2019;09:45;71;37;34
09/02/2019;10:00;68;44;24
09/02/2019;10:15;84;51;33
09/02/2019;10:30;73;40;33
09/02/2019;10:45;74;41;33
09/02/2019;11:00;64;28;36
09/02/2019;11:15;84;45;39
09/02/2019;11:30;80;41;39
09/02/2019;11:45;106;53;53
09/02/2019;12:00;71;43;28
09/02/2019;12:15;92;51;41
09/02/2019;12:30;55;26;29
09/02/2019;12:45;96;51;45
09/02/2019;13:00;99;51;48
09/02/2019;13:15;89;48;41
09/02/2019;13:30;87;41;46
09/02/2019;13:45;71;38;33
09/02/2019;14:00;89;48;41
09/02/2019;14:15;95;49;46
09/02/2019;14:30;82;41;41
09/02/2019;14:45;111;44;67
09/02/2019;15:00;68;33;35
09/02/2019;15:15;87;41;46
09/02/2019;15:30;78;28;50
09/02/2019;15:45;85;39;46
09/02/2019;16:00;70;30;40
09/02/2019;16:15;81;35;46
09/02/2019;16:30;74;30;44
09/02/2019;16:45;80;41;39
09/02/2019;17:00;52;21;31
09/02/2019;17:15;56;22;34
09/02/2019;17:30;68;27;41
09/02/2019;17:45;104;66;38
09/02/2019;18:00;77;33;44
09/02/2019;18:15;82;40;42
09/02/2019;18:30;66;38;28
09/02/2019;18:45;70;36;34
09/02/2019;19:00;61;24;37
09/02/2019;19:15;57;24;33
09/02/2019;19:30;49;20;29
09/02/2019;19:45;59;30;29
09/02/2019;20:00;60;36;24
09/02/2019;20:15;67;31;36
09/02/2019;20:30;54;26;28
09/02/2019;20:45;46;25;21
09/02/2019;21:00;40;19;21
09/02/2019;21:15;35;19;16
09/02/2019;21:30;35;23;12
09/02/2019;21:45;35;18;17
09/02/2019;22:00;36;15;21
09/02/2019;22:15;42;18;24
09/02/2019;22:30;25;12;13
09/02/2019;22:45;39;11;28
09/02/2019;23:00;35;8;27
09/02/2019;23:15;20;7;13
09/02/2019;23:30;30;7;23
09/02/2019;23:45;28;16;12
10/02/2019;00:00;28;8;20
10/02/2019;00:15;26;3;23
10/02/2019;00:30;25;7;18
10/02/2019;00:45;23;6;17
10/02/2019;01:00;24;9;15
10/02/2019;01:15;24;7;17
10/02/2019;01:30;24;5;19
10/02/2019;01:45;16;10;6
10/02/2019;02:00;19;5;14
10/02/2019;02:15;13;6;7
10/02/2019;02:30;9;4;5
10/02/2019;02:45;14;8;6
10/02/2019;03:00;18;4;14
10/02/2019;03:15;6;2;4
10/02/2019;03:30;9;3;6
10/02/2019;03:45;4;2;2
10/02/2019;04:00;7;5;2
10/02/2019;04:15;2;2;0
10/02/2019;04:30;2;2;0
10/02/2019;04:45;0;0;0
10/02/2019;05:00;3;2;1
10/02/2019;05:15;1;1;0
10/02/2019;05:30;3;3;0
10/02/2019;05:45;11;6;5
10/02/2019;06:00;3;2;1
10/02/2019;06:15;4;4;0
10/02/2019;06:30;9;2;7
10/02/2019;06:45;4;4;0
10/02/2019;07:00;5;3;2
10/02/2019;07:15;3;1;2
10/02/2019;07:30;6;1;5
10/02/2019;07:45;10;6;4
10/02/2019;08:00;8;2;6
10/02/2019;08:15;19;11;8
10/02/2019;08:30;10;3;7
10/02/2019;08:45;23;18;5
10/02/2019;09:00;17;4;13
10/02/2019;09:15;25;11;14
10/02/2019;09:30;28;14;14
10/02/2019;09:45;58;32;26
10/02/2019;10:00;37;22;15
10/02/2019;10:15;39;22;17
10/02/2019;10:30;26;16;10
10/02/2019;10:45;41;24;17
10/02/2019;11:00;26;12;14
10/02/2019;11:15;44;16;28
10/02/2019;11:30;50;28;22
10/02/2019;11:45;55;26;29
10/02/2019;12:00;59;36;23
10/02/2019;12:15;44;29;15
10/02/2019;12:30;45;21;24
10/02/2019;12:45;57;26;31
10/02/2019;13:00;47;17;30
10/02/2019;13:15;72;30;42
10/02/2019;13:30;41;25;16
10/02/2019;13:45;59;26;33
10/02/2019;14:00;45;21;24
10/02/2019;14:15;53;30;23
10/02/2019;14:30;59;27;32
10/02/2019;14:45;66;44;22
10/02/2019;15:00;49;25;24
10/02/2019;15:15;38;23;15
10/02/2019;15:30;42;19;23
10/02/2019;15:45;49;27;22
10/02/2019;16:00;34;19;15
10/02/2019;16:15;55;22;33
10/02/2019;16:30;41;15;26
10/02/2019;16:45;57;34;23
10/02/2019;17:00;55;34;21
10/02/2019;17:15;37;18;19
10/02/2019;17:30;27;15;12
10/02/2019;17:45;38;21;17
10/02/2019;18:00;24;12;12
10/02/2019;18:15;39;25;14
10/02/2019;18:30;48;22;26
10/02/2019;18:45;45;23;22
10/02/2019;19:00;32;12;20
10/02/2019;19:15;37;18;19
10/02/2019;19:30;28;15;13
10/02/2019;19:45;27;15;12
10/02/2019;20:00;17;6;11
10/02/2019;20:15;30;15;15
10/02/2019;20:30;10;3;7
10/02/2019;20:45;22;14;8
10/02/2019;21:00;21;12;9
10/02/2019;21:15;21;7;14
10/02/2019;21:30;25;4;21
10/02/2019;21:45;12;7;5
10/02/2019;22:00;17;7;10
10/02/2019;22:15;8;5;3
10/02/2019;22:30;18;3;15
10/02/2019;22:45;12;3;9
10/02/2019;23:00;14;7;7
10/02/2019;23:15;4;2;2
10/02/2019;23:30;5;4;1
10/02/2019;23:45;2;1;1
11/02/2019;00:00;3;1;2
11/02/2019;00:15;4;1;3
11/02/2019;00:30;3;2;1
11/02/2019;00:45;3;2;1
11/02/2019;01:00;6;0;6
11/02/2019;01:15;3;0;3
11/02/2019;01:30;1;1;0
11/02/2019;01:45;2;0;2
11/02/2019;02:00;3;0;3
11/02/2019;02:15;1;1;0
11/02/2019;02:30;4;1;3
11/02/2019;02:45;3;1;2
11/02/2019;03:00;1;0;1
11/02/2019;03:15;0;0;0
11/02/2019;03:30;0;0;0
11/02/2019;03:45;0;0;0
11/02/2019;04:00;2;0;2
11/02/2019;04:15;0;0;0
11/02/2019;04:30;3;2;1
11/02/2019;04:45;1;1;0
11/02/2019;05:00;0;0;0
11/02/2019;05:15;4;3;1
11/02/2019;05:30;10;3;7
11/02/2019;05:45;14;9;5
11/02/2019;06:00;19;9;10
11/02/2019;06:15;23;18;5
11/02/2019;06:30;23;12;11
11/02/2019;06:45;36;16;20
11/02/2019;07:00;45;27;18
11/02/2019;07:15;129;81;48
11/02/2019;07:30;314;199;115
11/02/2019;07:45;148;77;71
11/02/2019;08:00;114;54;60
11/02/2019;08:15;135;65;70
11/02/2019;08:30;122;77;45
11/02/2019;08:45;134;75;59
11/02/2019;09:00;113;69;44
11/02/2019;09:15;113;65;48
11/02/2019;09:30;132;68;64
11/02/2019;09:45;87;52;35
11/02/2019;10:00;67;39;28
11/02/2019;10:15;63;40;23
11/02/2019;10:30;68;31;37
11/02/2019;10:45;70;49;21
11/02/2019;11:00;95;46;49
11/02/2019;11:15;95;41;54
11/02/2019;11:30;92;46;46
11/02/2019;11:45;95;39;56
11/02/2019;12:00;87;34;53
11/02/2019;12:15;100;54;46
11/02/2019;12:30;96;40;56
11/02/2019;12:45;88;43;45
11/02/2019;13:00;195;42;153
11/02/2019;13:15;101;35;66
11/02/2019;13:30;89;53;36
11/02/2019;13:45;143;61;82
11/02/2019;14:00;106;53;53
11/02/2019;14:15;83;42;41
11/02/2019;14:30;94;60;34
11/02/2019;14:45;123;65;58
11/02/2019;15:00;96;37;59
11/02/2019;15:15;93;54;39
11/02/2019;15:30;208;103;105
11/02/2019;15:45;153;78;75
11/02/2019;16:00;145;79;66
11/02/2019;16:15;149;68;81
11/02/2019;16:30;122;64;58
11/02/2019;16:45;155;86;69
11/02/2019;17:00;128;54;74
11/02/2019;17:15;169;82;87
11/02/2019;17:30;119;53;66
11/02/2019;17:45;174;75;99
11/02/2019;18:00;130;53;77
11/02/2019;18:15;110;58;52
11/02/2019;18:30;106;50;56
11/02/2019;18:45;122;66;56
11/02/2019;19:00;110;54;56
11/02/2019;19:15;106;63;43
11/02/2019;19:30;93;34;59
11/02/2019;19:45;85;35;50
11/02/2019;20:00;107;53;54
11/02/2019;20:15;78;36;42
11/02/2019;20:30;58;30;28
11/02/2019;20:45;61;26;35
11/02/2019;21:00;50;28;22
11/02/2019;21:15;43;18;25
11/02/2019;21:30;35;15;20
11/02/2019;21:45;43;14;29
11/02/2019;22:00;36;14;22
11/02/2019;22:15;46;26;20
11/02/2019;22:30;35;19;16
11/02/2019;22:45;20;4;16
11/02/2019;23:00;21;6;15
11/02/2019;23:15;21;10;11
11/02/2019;23:30;9;4;5
11/02/2019;23:45;11;2;9
12/02/2019;00:00;12;1;11
12/02/2019;00:15;2;1;1
12/02/2019;00:30;5;2;3
12/02/2019;00:45;2;0;2
12/02/2019;01:00;8;4;4
12/02/2019;01:15;3;1;2
12/02/2019;01:30;8;3;5
12/02/2019;01:45;4;0;4
12/02/2019;02:00;6;4;2
12/02/2019;02:15;3;3;0
12/02/2019;02:30;1;0;1
12/02/2019;02:45;1;1;0
12/02/2019;03:00;0;0;0
12/02/2019;03:15;4;4;0
12/02/2019;03:30;4;0;4
12/02/2019;03:45;0;0;0
12/02/2019;04:00;1;0;1
12/02/2019;04:15;3;0;3
12/02/2019;04:30;1;0;1
12/02/2019;04:45;1;1;0
12/02/2019;05:00;1;1;0
12/02/2019;05:15;4;2;2
12/02/2019;05:30;9;5;4
12/02/2019;05:45;13;8;5
12/02/2019;06:00;21;14;7
12/02/2019;06:15;19;14;5
12/02/2019;06:30;35;20;15
12/02/2019;06:45;54;35;19
12/02/2019;07:00;57;35;22
12/02/2019;07:15;138;97;41
12/02/2019;07:30;304;197;107
12/02/2019;07:45;169;78;91
12/02/2019;08:00;135;62;73
12/02/2019;08:15;155;73;82
12/02/2019;08:30;146;77;69
12/02/2019;08:45;121;73;48
12/02/2019;09:00;107;61;46
12/02/2019;09:15;136;63;73
12/02/2019;09:30;112;75;37
12/02/2019;09:45;103;68;35
12/02/2019;10:00;70;36;34
12/02/2019;10:15;53;32;21
12/02/2019;10:30;73;40;33
12/02/2019;10:45;77;39;38
12/02/2019;11:00;86;34;52
12/02/2019;11:15;131;53;78
12/02/2019;11:30;85;42;43
12/02/2019;11:45;101;49;52
12/02/2019;12:00;80;37;43
12/02/2019;12:15;118;54;64
12/02/2019;12:30;109;46;63
12/02/2019;12:45;138;49;89
12/02/2019;13:00;223;70;153
12/02/2019;13:15;106;45;61
12/02/2019;13:30;124;54;70
12/02/2019;13:45;134;79;55
12/02/2019;14:00;83;33;50
12/02/2019;14:15;91;50;41
12/02/2019;14:30;92;42;50
12/02/2019;14:45;104;50;54
12/02/2019;15:00;99;43;56
12/02/2019;15:15;107;61;46
12/02/2019;15:30;251;106;145
12/02/2019;15:45;191;88;103
12/02/2019;16:00;120;55;65
12/02/2019;16:15;147;87;60
12/02/2019;16:30;132;67;65
12/02/2019;16:45;162;82;80
12/02/2019;17:00;152;79;73
12/02/2019;17:15;196;83;113
12/02/2019;17:30;142;68;74
12/02/2019;17:45;188;79;109
12/02/2019;18:00;125;57;68
12/02/2019;18:15;143;69;74
12/02/2019;18:30;119;67;52
12/02/2019;18:45;152;83;69
12/02/2019;19:00;110;48;62
12/02/2019;19:15;130;67;63
12/02/2019;19:30;118;62;56
12/02/2019;19:45;94;32;62
12/02/2019;20:00;68;26;42
12/02/2019;20:15;72;29;43
12/02/2019;20:30;66;24;42
12/02/2019;20:45;57;27;30
12/02/2019;21:00;67;25;42
12/02/2019;21:15;39;16;23
12/02/2019;21:30;36;18;18
12/02/2019;21:45;52;24;28
12/02/2019;22:00;52;22;30
12/02/2019;22:15;46;19;27
12/02/2019;22:30;32;11;21
12/02/2019;22:45;35;10;25
12/02/2019;23:00;21;14;7
12/02/2019;23:15;25;16;9
12/02/2019;23:30;18;9;9
12/02/2019;23:45;16;7;9
13/02/2019;00:00;22;7;15
13/02/2019;00:15;15;5;10
13/02/2019;00:30;11;1;10
13/02/2019;00:45;5;3;2
13/02/2019;01:00;12;1;11
13/02/2019;01:15;6;2;4
13/02/2019;01:30;4;1;3
13/02/2019;01:45;5;2;3
13/02/2019;02:00;7;0;7
13/02/2019;02:15;4;1;3
13/02/2019;02:30;0;0;0
13/02/2019;02:45;2;0;2
13/02/2019;03:00;1;0;1
13/02/2019;03:15;4;2;2
13/02/2019;03:30;6;3;3
13/02/2019;03:45;4;1;3
13/02/2019;04:00;0;0;0
13/02/2019;04:15;0;0;0
13/02/2019;04:30;1;0;1
13/02/2019;04:45;1;1;0
13/02/2019;05:00;0;0;0
13/02/2019;05:15;2;1;1
13/02/2019;05:30;12;6;6
13/02/2019;05:45;15;11;4
13/02/2019;06:00;13;11;2
13/02/2019;06:15;31;22;9
13/02/2019;06:30;21;10;11
13/02/2019;06:45;51;32;19
13/02/2019;07:00;61;33;28
13/02/2019;07:15;158;102;56
13/02/2019;07:30;300;190;110
13/02/2019;07:45;181;88;93
13/02/2019;08:00;141;76;65
13/02/2019;08:15;133;70;63
13/02/2019;08:30;122;74;48
13/02/2019;08:45;157;91;66
13/02/2019;09:00;111;65;46
13/02/2019;09:15;138;91;47
13/02/2019;09:30;109;64;45
13/02/2019;09:45;96;62;34
13/02/2019;10:00;65;34;31
13/02/2019;10:15;60;31;29
13/02/2019;10:30;66;40;26
13/02/2019;10:45;64;29;35
13/02/2019;11:00;98;46;52
13/02/2019;11:15;93;44;49
13/02/2019;11:30;117;49;68
13/02/2019;11:45;85;50;35
13/02/2019;12:00;99;47;52
13/02/2019;12:15;119;56;63
13/02/2019;12:30;97;40;57
13/02/2019;12:45;141;64;77
13/02/2019;13:00;262;81;181
13/02/2019;13:15;118;39;79
13/02/2019;13:30;118;65;53
13/02/2019;13:45;144;89;55
13/02/2019;14:00;108;43;65
13/02/2019;14:15;111;58;53
13/02/2019;14:30;101;41;60
13/02/2019;14:45;112;51;61
13/02/2019;15:00;115;56;59
13/02/2019;15:15;129;70;59
13/02/2019;15:30;163;65;98
13/02/2019;15:45;165;82;83
13/02/2019;16:00;133;64;69
13/02/2019;16:15;146;75;71
13/02/2019;16:30;157;66;91
13/02/2019;16:45;165;87;78
13/02/2019;17:00;200;89;111
13/02/2019;17:15;180;77;103
13/02/2019;17:30;169;69;100
13/02/2019;17:45;192;82;110
13/02/2019;18:00;173;78;95
13/02/2019;18:15;140;83;57
13/02/2019;18:30;125;54;71
13/02/2019;18:45;132;71;61
13/02/2019;19:00;127;55;72
13/02/2019;19:15;82;36;46
13/02/2019;19:30;85;39;46
13/02/2019;19:45;98;41;57
13/02/2019;20:00;104;60;44
13/02/2019;20:15;111;62;49
13/02/2019;20:30;86;41;45
13/02/2019;20:45;71;29;42
13/02/2019;21:00;52;11;41
13/02/2019;21:15;45;16;29
13/02/2019;21:30;35;16;19
13/02/2019;21:45;66;37;29
13/02/2019;22:00;49;22;27
13/02/2019;22:15;60;29;31
13/02/2019;22:30;52;14;38
13/02/2019;22:45;32;8;24
13/02/2019;23:00;40;19;21
13/02/2019;23:15;43;15;28
13/02/2019;23:30;13;4;9
13/02/2019;23:45;18;4;14
14/02/2019;00:00;11;2;9
14/02/2019;00:15;12;2;10
14/02/2019;00:30;18;6;12
14/02/2019;00:45;19;2;17
14/02/2019;01:00;6;1;5
14/02/2019;01:15;5;1;4
14/02/2019;01:30;10;4;6
14/02/2019;01:45;3;0;3
14/02/2019;02:00;5;5;0
14/02/2019;02:15;2;2;0
14/02/2019;02:30;3;0;3
14/02/2019;02:45;0;0;0
14/02/2019;03:00;3;0;3
14/02/2019;03:15;1;1;0
14/02/2019;03:30;0;0;0
14/02/2019;03:45;0;0;0
14/02/2019;04:00;1;0;1
14/02/2019;04:15;0;0;0
14/02/2019;04:30;4;3;1
14/02/2019;04:45;3;3;0
14/02/2019;05:00;1;1;0
14/02/2019;05:15;1;0;1
14/02/2019;05:30;12;8;4
14/02/2019;05:45;11;8;3
14/02/2019;06:00;20;15;5
14/02/2019;06:15;16;12;4
14/02/2019;06:30;28;13;15
14/02/2019;06:45;46;27;19
14/02/2019;07:00;57;32;25
14/02/2019;07:15;119;76;43
14/02/2019;07:30;346;199;147
14/02/2019;07:45;175;80;95
14/02/2019;08:00;118;58;60
14/02/2019;08:15;151;75;76
14/02/2019;08:30;123;73;50
14/02/2019;08:45;131;76;55
14/02/2019;09:00;102;66;36
14/02/2019;09:15;120;81;39
14/02/2019;09:30;129;72;57
14/02/2019;09:45;110;63;47
14/02/2019;10:00;71;41;30
14/02/2019;10:15;79;37;42
14/02/2019;10:30;68;28;40
14/02/2019;10:45;70;44;26
14/02/2019;11:00;98;37;61
14/02/2019;11:15;96;38;58
14/02/2019;11:30;111;58;53
14/02/2019;11:45;88;40;48
14/02/2019;12:00;97;38;59
14/02/2019;12:15;134;56;78
14/02/2019;12:30;106;50;56
14/02/2019;12:45;119;45;74
14/02/2019;13:00;226;68;158
14/02/2019;13:15;119;49;70
14/02/2019;13:30;118;50;68
14/02/2019;13:45;133;82;51
14/02/2019;14:00;111;56;55
14/02/2019;14:15;91;48;43
14/02/2019;14:30;113;63;50
14/02/2019;14:45;111;60;51
14/02/2019;15:00;100;50;50
14/02/2019;15:15;140;78;62
14/02/2019;15:30;256;107;149
14/02/2019;15:45;161;84;77
14/02/2019;16:00;129;69;60
14/02/2019;16:15;151;88;63
14/02/2019;16:30;154;65;89
14/02/2019;16:45;199;102;97
14/02/2019;17:00;189;92;97
14/02/2019;17:15;194;79;115
14/02/2019;17:30;153;62;91
14/02/2019;17:45;166;80;86
14/02/2019;18:00;151;71;80
14/02/2019;18:15;130;65;65
14/02/2019;18:30;151;74;77
14/02/2019;18:45;169;94;75
14/02/2019;19:00;81;30;51
14/02/2019;19:15;91;49;42
14/02/2019;19:30;82;35;47
14/02/2019;19:45;101;52;49
14/02/2019;20:00;92;51;41
14/02/2019;20:15;82;48;34
14/02/2019;20:30;60;18;42
14/02/2019;20:45;62;26;36
14/02/2019;21:00;43;25;18
14/02/2019;21:15;38;20;18
14/02/2019;21:30;31;11;20
14/02/2019;21:45;65;27;38
14/02/2019;22:00;53;18;35
14/02/2019;22:15;69;28;41
14/02/2019;22:30;36;9;27
14/02/2019;22:45;38;17;21
14/02/2019;23:00;35;7;28
14/02/2019;23:15;26;13;13
14/02/2019;23:30;27;8;19
14/02/2019;23:45;21;8;13
15/02/2019;00:00;17;6;11
15/02/2019;00:15;18;6;12
15/02/2019;00:30;21;3;18
15/02/2019;00:45;16;2;14
15/02/2019;01:00;9;0;9
15/02/2019;01:15;13;0;13
15/02/2019;01:30;9;2;7
15/02/2019;01:45;10;3;7
15/02/2019;02:00;7;4;3
15/02/2019;02:15;6;0;6
15/02/2019;02:30;4;3;1
15/02/2019;02:45;2;1;1
15/02/2019;03:00;0;0;0
15/02/2019;03:15;3;1;2
15/02/2019;03:30;2;2;0
15/02/2019;03:45;1;1;0
15/02/2019;04:00;0;0;0
15/02/2019;04:15;2;1;1
15/02/2019;04:30;1;1;0
15/02/2019;04:45;0;0;0
15/02/2019;05:00;4;2;2
15/02/2019;05:15;1;0;1
15/02/2019;05:30;8;5;3
15/02/2019;05:45;15;13;2
15/02/2019;06:00;17;10;7
15/02/2019;06:15;23;17;6
15/02/2019;06:30;32;20;12
15/02/2019;06:45;55;30;25
15/02/2019;07:00;52;25;27
15/02/2019;07:15;116;72;44
15/02/2019;07:30;300;203;97
15/02/2019;07:45;160;89;71
15/02/2019;08:00;137;64;73
15/02/2019;08:15;129;66;63
15/02/2019;08:30;118;63;55
15/02/2019;08:45;143;89;54
15/02/2019;09:00;99;74;25
15/02/2019;09:15;124;79;45
15/02/2019;09:30;108;64;44
15/02/2019;09:45;95;55;40
15/02/2019;10:00;71;41;30
15/02/2019;10:15;97;51;46
15/02/2019;10:30;92;43;49
15/02/2019;10:45;77;50;27
15/02/2019;11:00;121;48;73
15/02/2019;11:15;105;40;65
15/02/2019;11:30;115;78;37
15/02/2019;11:45;87;38;49
15/02/2019;12:00;119;54;65
15/02/2019;12:15;149;75;74
15/02/2019;12:30;150;82;68
15/02/2019;12:45;146;75;71
15/02/2019;13:00;303;68;235
15/02/2019;13:15;137;56;81
15/02/2019;13:30;132;54;78
15/02/2019;13:45;119;55;64
15/02/2019;14:00;126;72;54
15/02/2019;14:15;104;48;56
15/02/2019;14:30;121;54;67
15/02/2019;14:45;151;62;89
15/02/2019;15:00;140;46;94
15/02/2019;15:15;141;74;67
15/02/2019;15:30;113;50;63
15/02/2019;15:45;149;63;86
15/02/2019;16:00;145;72;73
15/02/2019;16:15;150;83;67
15/02/2019;16:30;115;64;51
15/02/2019;16:45;155;77;78
15/02/2019;17:00;150;69;81
15/02/2019;17:15;165;85;80
15/02/2019;17:30;131;66;65
15/02/2019;17:45;154;80;74
15/02/2019;18:00;142;79;63
15/02/2019;18:15;106;47;59
15/02/2019;18:30;106;57;49
15/02/2019;18:45;131;61;70
15/02/2019;19:00;137;50;87
15/02/2019;19:15;107;69;38
15/02/2019;19:30;73;39;34
15/02/2019;19:45;113;61;52
15/02/2019;20:00;69;37;32
15/02/2019;20:15;64;30;34
15/02/2019;20:30;55;25;30
15/02/2019;20:45;42;25;17
15/02/2019;21:00;38;24;14
15/02/2019;21:15;40;24;16
15/02/2019;21:30;41;16;25
15/02/2019;21:45;39;22;17
15/02/2019;22:00;77;45;32
15/02/2019;22:15;31;9;22
15/02/2019;22:30;32;13;19
15/02/2019;22:45;30;16;14
15/02/2019;23:00;64;28;36
15/02/2019;23:15;26;12;14
15/02/2019;23:30;44;11;33
15/02/2019;23:45;30;13;17
16/02/2019;00:00;23;5;18
16/02/2019;00:15;22;5;17
16/02/2019;00:30;17;10;7
16/02/2019;00:45;18;2;16
16/02/2019;01:00;31;5;26
16/02/2019;01:15;13;3;10
16/02/2019;01:30;19;3;16
16/02/2019;01:45;6;2;4
16/02/2019;02:00;10;1;9
16/02/2019;02:15;8;0;8
16/02/2019;02:30;17;5;12
16/02/2019;02:45;15;5;10
16/02/2019;03:00;23;4;19
16/02/2019;03:15;14;6;8
16/02/2019;03:30;19;1;18
16/02/2019;03:45;7;1;6
16/02/2019;04:00;0;0;0
16/02/2019;04:15;6;0;6
16/02/2019;04:30;8;3;5
16/02/2019;04:45;3;0;3
16/02/2019;05:00;2;1;1
16/02/2019;05:15;4;1;3
16/02/2019;05:30;2;0;2
16/02/2019;05:45;12;7;5
16/02/2019;06:00;3;1;2
16/02/2019;06:15;5;2;3
16/02/2019;06:30;11;4;7
16/02/2019;06:45;17;9;8
16/02/2019;07:00;9;5;4
16/02/2019;07:15;6;4;2
16/02/2019;07:30;12;9;3
16/02/2019;07:45;30;13;17
16/02/2019;08:00;20;10;10
16/02/2019;08:15;38;21;17
16/02/2019;08:30;29;16;13
16/02/2019;08:45;41;26;15
16/02/2019;09:00;33;16;17
16/02/2019;09:15;48;24;24
16/02/2019;09:30;42;24;18
16/02/2019;09:45;73;54;19
16/02/2019;10:00;50;22;28
16/02/2019;10:15;48;25;23
16/02/2019;10:30;70;44;26
16/02/2019;10:45;92;62;30
16/02/2019;11:00;82;43;39
16/02/2019;11:15;72;33;39
16/02/2019;11:30;71;41;30
16/02/2019;11:45;107;50;57
16/02/2019;12:00;86;32;54
16/02/2019;12:15;111;56;55
16/02/2019;12:30;101;59;42
16/02/2019;12:45;107;60;47
16/02/2019;13:00;95;54;41
16/02/2019;13:15;91;41;50
16/02/2019;13:30;87;41;46
16/02/2019;13:45;103;52;51
16/02/2019;14:00;112;53;59
16/02/2019;14:15;110;75;35
16/02/2019;14:30;109;61;48
16/02/2019;14:45;119;60;59
16/02/2019;15:00;72;29;43
16/02/2019;15:15;111;54;57
16/02/2019;15:30;102;43;59
16/02/2019;15:45;111;54;57
16/02/2019;16:00;97;42;55
16/02/2019;16:15;77;40;37
16/02/2019;16:30;118;46;72
16/02/2019;16:45;107;64;43
16/02/2019;17:00;87;47;40
16/02/2019;17:15;108;60;48
16/02/2019;17:30;112;46;66
16/02/2019;17:45;107;43;64
16/02/2019;18:00;81;39;42
16/02/2019;18:15;85;45;40
16/02/2019;18:30;56;26;30
16/02/2019;18:45;75;45;30
16/02/2019;19:00;65;40;25
16/02/2019;19:15;84;49;35
16/02/2019;19:30;70;44;26
16/02/2019;19:45;88;60;28
16/02/2019;20:00;47;27;20
16/02/2019;20:15;51;27;24
16/02/2019;20:30;48;17;31
16/02/2019;20:45;46;26;20
16/02/2019;21:00;34;13;21
16/02/2019;21:15;32;16;16
16/02/2019;21:30;28;9;19
16/02/2019;21:45;50;16;34
16/02/2019;22:00;38;20;18
16/02/2019;22:15;35;14;21
16/02/2019;22:30;39;17;22
16/02/2019;22:45;41;17;24
16/02/2019;23:00;31;14;17
16/02/2019;23:15;36;7;29
16/02/2019;23:30;43;7;36
16/02/2019;23:45;23;6;17
17/02/2019;00:00;40;13;27
17/02/2019;00:15;15;4;11
17/02/2019;00:30;26;4;22
17/02/2019;00:45;22;11;11
17/02/2019;01:00;20;4;16
17/02/2019;01:15;19;2;17
17/02/2019;01:30;14;2;12
17/02/2019;01:45;14;8;6
17/02/2019;02:00;12;4;8
17/02/2019;02:15;12;5;7
17/02/2019;02:30;13;8;5
17/02/2019;02:45;7;0;7
17/02/2019;03:00;10;2;8
17/02/2019;03:15;5;1;4
17/02/2019;03:30;11;4;7
17/02/2019;03:45;6;0;6
17/02/2019;04:00;7;1;6
17/02/2019;04:15;5;0;5
17/02/2019;04:30;8;2;6
17/02/2019;04:45;3;1;2
17/02/2019;05:00;3;2;1
17/02/2019;05:15;3;3;0
17/02/2019;05:30;6;5;1
17/02/2019;05:45;2;1;1
17/02/2019;06:00;2;1;1
17/02/2019;06:15;7;5;2
17/02/2019;06:30;3;0;3
17/02/2019;06:45;8;7;1
17/02/2019;07:00;1;0;1
17/02/2019;07:15;6;5;1
17/02/2019;07:30;6;5;1
17/02/2019;07:45;9;5;4
17/02/2019;08:00;11;1;10
17/02/2019;08:15;12;6;6
17/02/2019;08:30;9;6;3
17/02/2019;08:45;21;8;13
17/02/2019;09:00;10;4;6
17/02/2019;09:15;27;9;18
17/02/2019;09:30;31;16;15
17/02/2019;09:45;56;28;28
17/02/2019;10:00;35;18;17
17/02/2019;10:15;26;17;9
17/02/2019;10:30;23;7;16
17/02/2019;10:45;27;10;17
17/02/2019;11:00;30;10;20
17/02/2019;11:15;46;22;24
17/02/2019;11:30;49;19;30
17/02/2019;11:45;45;14;31
17/02/2019;12:00;52;26;26
17/02/2019;12:15;71;42;29
17/02/2019;12:30;48;27;21
17/02/2019;12:45;65;27;38
17/02/2019;13:00;53;21;32
17/02/2019;13:15;69;36;33
17/02/2019;13:30;61;22;39
17/02/2019;13:45;85;30;55
17/02/2019;14:00;85;46;39
17/02/2019;14:15;87;40;47
17/02/2019;14:30;61;39;22
17/02/2019;14:45;91;51;40
17/02/2019;15:00;62;36;26
17/02/2019;15:15;84;35;49
17/02/2019;15:30;89;53;36
17/02/2019;15:45;94;47;47
17/02/2019;16:00;63;23;40
17/02/2019;16:15;77;31;46
17/02/2019;16:30;81;44;37
17/02/2019;16:45;80;38;42
17/02/2019;17:00;84;41;43
17/02/2019;17:15;93;48;45
17/02/2019;17:30;86;37;49
17/02/2019;17:45;64;29;35
17/02/2019;18:00;69;29;40
17/02/2019;18:15;68;34;34
17/02/2019;18:30;44;23;21
17/02/2019;18:45;63;31;32
17/02/2019;19:00;43;19;24
17/02/2019;19:15;45;29;16
17/02/2019;19:30;46;29;17
17/02/2019;19:45;41;16;25
17/02/2019;20:00;40;14;26
17/02/2019;20:15;27;8;19
17/02/2019;20:30;24;11;13
17/02/2019;20:45;35;11;24
17/02/2019;21:00;24;13;11
17/02/2019;21:15;18;5;13
17/02/2019;21:30;23;5;18
17/02/2019;21:45;20;5;15
17/02/2019;22:00;28;10;18
17/02/2019;22:15;21;8;13
17/02/2019;22:30;14;7;7
17/02/2019;22:45;12;3;9
17/02/2019;23:00;13;6;7
17/02/2019;23:15;15;5;10
17/02/2019;23:30;9;4;5
17/02/2019;23:45;1;1;0
18/02/2019;00:00;6;3;3
18/02/2019;00:15;5;0;5
18/02/2019;00:30;5;1;4
18/02/2019;00:45;4;2;2
18/02/2019;01:00;1;1;0
18/02/2019;01:15;6;4;2
18/02/2019;01:30;4;4;0
18/02/2019;01:45;2;2;0
18/02/2019;02:00;0;0;0
18/02/2019;02:15;1;0;1
18/02/2019;02:30;2;0;2
18/02/2019;02:45;0;0;0
18/02/2019;03:00;1;0;1
18/02/2019;03:15;0;0;0
18/02/2019;03:30;1;1;0
18/02/2019;03:45;2;2;0
18/02/2019;04:00;1;1;0
18/02/2019;04:15;0;0;0
18/02/2019;04:30;1;1;0
18/02/2019;04:45;1;0;1
18/02/2019;05:00;1;1;0
18/02/2019;05:15;4;3;1
18/02/2019;05:30;12;6;6
18/02/2019;05:45;19;17;2
18/02/2019;06:00;13;4;9
18/02/2019;06:15;25;20;5
18/02/2019;06:30;33;21;12
18/02/2019;06:45;38;26;12
18/02/2019;07:00;58;25;33
18/02/2019;07:15;131;90;41
18/02/2019;07:30;352;226;126
18/02/2019;07:45;168;71;97
18/02/2019;08:00;134;59;75
18/02/2019;08:15;162;81;81
18/02/2019;08:30;152;81;71
18/02/2019;08:45;142;86;56
18/02/2019;09:00;101;60;41
18/02/2019;09:15;103;62;41
18/02/2019;09:30;92;51;41
18/02/2019;09:45;115;72;43
18/02/2019;10:00;72;40;32
18/02/2019;10:15;80;33;47
18/02/2019;10:30;73;33;40
18/02/2019;10:45;77;43;34
18/02/2019;11:00;93;34;59
18/02/2019;11:15;88;43;45
18/02/2019;11:30;82;42;40
18/02/2019;11:45;70;38;32
18/02/2019;12:00;99;37;62
18/02/2019;12:15;117;58;59
18/02/2019;12:30;110;43;67
18/02/2019;12:45;107;46;61
18/02/2019;13:00;210;59;151
18/02/2019;13:15;128;57;71
18/02/2019;13:30;102;50;52
18/02/2019;13:45;167;81;86
18/02/2019;14:00;113;58;55
18/02/2019;14:15;84;45;39
18/02/2019;14:30;106;53;53
18/02/2019;14:45;120;69;51
18/02/2019;15:00;127;70;57
18/02/2019;15:15;127;60;67
18/02/2019;15:30;291;142;149
18/02/2019;15:45;165;81;84
18/02/2019;16:00;126;56;70
18/02/2019;16:15;176;75;101
18/02/2019;16:30;143;70;73
18/02/2019;16:45;159;64;95
18/02/2019;17:00;191;88;103
18/02/2019;17:15;208;93;115
18/02/2019;17:30;148;62;86
18/02/2019;17:45;174;82;92
18/02/2019;18:00;165;56;109
18/02/2019;18:15;134;65;69
18/02/2019;18:30;126;65;61
18/02/2019;18:45;125;56;69
18/02/2019;19:00;156;81;75
18/02/2019;19:15;96;48;48
18/02/2019;19:30;84;35;49
18/02/2019;19:45;116;56;60
18/02/2019;20:00;68;30;38
18/02/2019;20:15;83;48;35
18/02/2019;20:30;65;21;44
18/02/2019;20:45;34;27;7
18/02/2019;21:00;38;15;23
18/02/2019;21:15;51;25;26
18/02/2019;21:30;39;20;19
18/02/2019;21:45;32;17;15
18/02/2019;22:00;48;23;25
18/02/2019;22:15;31;13;18
18/02/2019;22:30;28;9;19
18/02/2019;22:45;21;8;13
18/02/2019;23:00;31;9;22
18/02/2019;23:15;10;7;3
18/02/2019;23:30;17;4;13
18/02/2019;23:45;11;4;7
19/02/2019;00:00;16;3;13
19/02/2019;00:15;11;6;5
19/02/2019;00:30;7;0;7
19/02/2019;00:45;2;0;2
19/02/2019;01:00;4;3;1
19/02/2019;01:15;6;3;3
19/02/2019;01:30;8;6;2
19/02/2019;01:45;2;2;0
19/02/2019;02:00;3;1;2
19/02/2019;02:15;0;0;0
19/02/2019;02:30;1;1;0
19/02/2019;02:45;0;0;0
19/02/2019;03:00;3;2;1
19/02/2019;03:15;0;0;0
19/02/2019;03:30;1;0;1
19/02/2019;03:45;0;0;0
19/02/2019;04:00;1;0;1
19/02/2019;04:15;0;0;0
19/02/2019;04:30;2;2;0
19/02/2019;04:45;0;0;0
19/02/2019;05:00;0;0;0
19/02/2019;05:15;2;1;1
19/02/2019;05:30;10;4;6
19/02/2019;05:45;15;12;3
19/02/2019;06:00;18;11;7
19/02/2019;06:15;22;17;5
19/02/2019;06:30;39;23;16
19/02/2019;06:45;53;27;26
19/02/2019;07:00;56;31;25
19/02/2019;07:15;145;95;50
19/02/2019;07:30;320;210;110
19/02/2019;07:45;178;96;82
19/02/2019;08:00;120;50;70
19/02/2019;08:15;156;69;87
19/02/2019;08:30;127;73;54
19/02/2019;08:45;166;116;50
19/02/2019;09:00;123;64;59
19/02/2019;09:15;148;83;65
19/02/2019;09:30;84;45;39
19/02/2019;09:45;88;48;40
19/02/2019;10:00;77;46;31
19/02/2019;10:15;78;37;41
19/02/2019;10:30;85;44;41
19/02/2019;10:45;76;43;33
19/02/2019;11:00;86;38;48
19/02/2019;11:15;105;45;60
19/02/2019;11:30;89;41;48
19/02/2019;11:45;81;51;30
19/02/2019;12:00;97;39;58
19/02/2019;12:15;121;49;72
19/02/2019;12:30;112;41;71
19/02/2019;12:45;127;52;75
19/02/2019;13:00;203;64;139
19/02/2019;13:15;143;64;79
19/02/2019;13:30;123;57;66
19/02/2019;13:45;163;79;84
19/02/2019;14:00;89;41;48
19/02/2019;14:15;96;45;51
19/02/2019;14:30;120;65;55
19/02/2019;14:45;117;54;63
19/02/2019;15:00;99;49;50
19/02/2019;15:15;125;71;54
19/02/2019;15:30;273;133;140
19/02/2019;15:45;194;95;99
19/02/2019;16:00;149;61;88
19/02/2019;16:15;162;79;83
19/02/2019;16:30;170;88;82
19/02/2019;16:45;156;74;82
19/02/2019;17:00;157;64;93
19/02/2019;17:15;210;90;120
19/02/2019;17:30;191;100;91
19/02/2019;17:45;183;80;103
19/02/2019;18:00;168;70;98
19/02/2019;18:15;137;52;85
19/02/2019;18:30;124;61;63
19/02/2019;18:45;141;82;59
19/02/2019;19:00;108;45;63
19/02/2019;19:15;157;80;77
19/02/2019;19:30;105;49;56
19/02/2019;19:45;105;40;65
19/02/2019;20:00;101;41;60
19/02/2019;20:15;76;29;47
19/02/2019;20:30;84;42;42
19/02/2019;20:45;51;19;32
19/02/2019;21:00;56;23;33
19/02/2019;21:15;41;10;31
19/02/2019;21:30;32;8;24
19/02/2019;21:45;56;23;33
19/02/2019;22:00;48;21;27
19/02/2019;22:15;43;19;24
19/02/2019;22:30;41;13;28
19/02/2019;22:45;31;17;14
19/02/2019;23:00;65;22;43
19/02/2019;23:15;35;12;23
19/02/2019;23:30;15;3;12
19/02/2019;23:45;22;11;11
20/02/2019;00:00;17;11;6
20/02/2019;00:15;9;5;4
20/02/2019;00:30;10;3;7
20/02/2019;00:45;8;3;5
20/02/2019;01:00;11;3;8
20/02/2019;01:15;5;3;2
20/02/2019;01:30;5;2;3
20/02/2019;01:45;4;2;2
20/02/2019;02:00;2;1;1
20/02/2019;02:15;6;0;6
20/02/2019;02:30;4;2;2
20/02/2019;02:45;0;0;0
20/02/2019;03:00;1;1;0
20/02/2019;03:15;1;0;1
20/02/2019;03:30;3;0;3
20/02/2019;03:45;0;0;0
20/02/2019;04:00;0;0;0
20/02/2019;04:15;0;0;0
20/02/2019;04:30;1;1;0
20/02/2019;04:45;3;3;0
20/02/2019;05:00;1;1;0
20/02/2019;05:15;2;1;1
20/02/2019;05:30;5;2;3
20/02/2019;05:45;17;9;8
20/02/2019;06:00;23;16;7
20/02/2019;06:15;29;19;10
20/02/2019;06:30;36;21;15
20/02/2019;06:45;51;30;21
20/02/2019;07:00;60;33;27
20/02/2019;07:15;165;105;60
20/02/2019;07:30;331;197;134
20/02/2019;07:45;161;90;71
20/02/2019;08:00;128;61;67
20/02/2019;08:15;122;65;57
20/02/2019;08:30;134;73;61
20/02/2019;08:45;133;74;59
20/02/2019;09:00;123;77;46
20/02/2019;09:15;129;92;37
20/02/2019;09:30;113;61;52
20/02/2019;09:45;71;34;37
20/02/2019;10:00;80;44;36
20/02/2019;10:15;74;36;38
20/02/2019;10:30;71;42;29
20/02/2019;10:45;66;35;31
20/02/2019;11:00;102;49;53
20/02/2019;11:15;116;53;63
20/02/2019;11:30;90;49;41
20/02/2019;11:45;81;33;48
20/02/2019;12:00;97;41;56
20/02/2019;12:15;196;55;141
20/02/2019;12:30;120;45;75
20/02/2019;12:45;113;62;51
20/02/2019;13:00;230;82;148
20/02/2019;13:15;126;57;69
20/02/2019;13:30;120;52;68
20/02/2019;13:45;121;68;53
20/02/2019;14:00;106;55;51
20/02/2019;14:15;127;73;54
20/02/2019;14:30;118;65;53
20/02/2019;14:45;144;82;62
20/02/2019;15:00;118;64;54
20/02/2019;15:15;120;60;60
20/02/2019;15:30;163;79;84
20/02/2019;15:45;145;80;65
20/02/2019;16:00;155;75;80
20/02/2019;16:15;146;77;69
20/02/2019;16:30;160;79;81
20/02/2019;16:45;191;100;91
20/02/2019;17:00;168;62;106
20/02/2019;17:15;187;85;102
20/02/2019;17:30;183;81;102
20/02/2019;17:45;183;82;101
20/02/2019;18:00;169;78;91
20/02/2019;18:15;142;69;73
20/02/2019;18:30;125;48;77
20/02/2019;18:45;145;64;81
20/02/2019;19:00;130;42;88
20/02/2019;19:15;113;64;49
20/02/2019;19:30;103;46;57
20/02/2019;19:45;86;40;46
20/02/2019;20:00;95;48;47
20/02/2019;20:15;92;58;34
20/02/2019;20:30;50;27;23
20/02/2019;20:45;54;21;33
20/02/2019;21:00;40;15;25
20/02/2019;21:15;48;24;24
20/02/2019;21:30;42;17;25
20/02/2019;21:45;63;28;35
20/02/2019;22:00;37;16;21
20/02/2019;22:15;53;28;25
20/02/2019;22:30;39;24;15
20/02/2019;22:45;44;19;25
20/02/2019;23:00;31;12;19
20/02/2019;23:15;26;9;17
20/02/2019;23:30;16;7;9
20/02/2019;23:45;21;5;16
21/02/2019;00:00;25;4;21
21/02/2019;00:15;15;4;11
21/02/2019;00:30;15;4;11
21/02/2019;00:45;17;5;12
21/02/2019;01:00;3;0;3
21/02/2019;01:15;7;0;7
21/02/2019;01:30;3;0;3
21/02/2019;01:45;5;1;4
21/02/2019;02:00;2;0;2
21/02/2019;02:15;0;0;0
21/02/2019;02:30;0;0;0
21/02/2019;02:45;6;5;1
21/02/2019;03:00;0;0;0
21/02/2019;03:15;1;0;1
21/02/2019;03:30;2;2;0
21/02/2019;03:45;0;0;0
21/02/2019;04:00;1;1;0
21/02/2019;04:15;0;0;0
21/02/2019;04:30;1;1;0
21/02/2019;04:45;1;1;0
21/02/2019;05:00;1;1;0
21/02/2019;05:15;3;2;1
21/02/2019;05:30;8;4;4
21/02/2019;05:45;17;12;5
21/02/2019;06:00;19;14;5
21/02/2019;06:15;27;20;7
21/02/2019;06:30;33;16;17
21/02/2019;06:45;57;33;24
21/02/2019;07:00;61;32;29
21/02/2019;07:15;147;98;49
21/02/2019;07:30;323;197;126
21/02/2019;07:45;183;100;83
21/02/2019;08:00;108;52;56
21/02/2019;08:15;144;79;65
21/02/2019;08:30;127;69;58
21/02/2019;08:45;141;91;50
21/02/2019;09:00;107;80;27
21/02/2019;09:15;112;66;46
21/02/2019;09:30;99;63;36
21/02/2019;09:45;109;60;49
21/02/2019;10:00;65;35;30
21/02/2019;10:15;77;35;42
21/02/2019;10:30;85;45;40
21/02/2019;10:45;85;44;41
21/02/2019;11:00;106;42;64
21/02/2019;11:15;81;29;52
21/02/2019;11:30;81;42;39
21/02/2019;11:45;100;43;57
21/02/2019;12:00;80;32;48
21/02/2019;12:15;120;48;72
21/02/2019;12:30;99;43;56
21/02/2019;12:45;126;51;75
21/02/2019;13:00;233;65;168
21/02/2019;13:15;127;50;77
21/02/2019;13:30;118;47;71
21/02/2019;13:45;159;81;78
21/02/2019;14:00;112;53;59
21/02/2019;14:15;122;62;60
21/02/2019;14:30;108;62;46
21/02/2019;14:45;118;66;52
21/02/2019;15:00;103;48;55
21/02/2019;15:15;117;64;53
21/02/2019;15:30;244;125;119
21/02/2019;15:45;161;99;62
21/02/2019;16:00;151;75;76
21/02/2019;16:15;139;75;64
21/02/2019;16:30;177;68;109
21/02/2019;16:45;214;94;120
21/02/2019;17:00;185;71;114
21/02/2019;17:15;214;79;135
21/02/2019;17:30;159;87;72
21/02/2019;17:45;198;77;121
21/02/2019;18:00;174;68;106
21/02/2019;18:15;177;84;93
21/02/2019;18:30;172;87;85
21/02/2019;18:45;154;74;80
21/02/2019;19:00;114;45;69
21/02/2019;19:15;119;61;58
21/02/2019;19:30;100;57;43
21/02/2019;19:45;100;49;51
21/02/2019;20:00;96;50;46
21/02/2019;20:15;63;26;37
21/02/2019;20:30;57;28;29
21/02/2019;20:45;55;28;27
21/02/2019;21:00;54;23;31
21/02/2019;21:15;60;33;27
21/02/2019;21:30;52;15;37
21/02/2019;21:45;61;18;43
21/02/2019;22:00;64;15;49
21/02/2019;22:15;38;16;22
21/02/2019;22:30;30;4;26
21/02/2019;22:45;47;21;26
21/02/2019;23:00;25;4;21
21/02/2019;23:15;19;9;10
21/02/2019;23:30;27;9;18
21/02/2019;23:45;17;11;6
22/02/2019;00:00;15;6;9
22/02/2019;00:15;14;3;11
22/02/2019;00:30;19;9;10
22/02/2019;00:45;12;6;6
22/02/2019;01:00;10;7;3
22/02/2019;01:15;11;5;6
22/02/2019;01:30;11;3;8
22/02/2019;01:45;4;2;2
22/02/2019;02:00;6;3;3
22/02/2019;02:15;3;1;2
22/02/2019;02:30;1;0;1
22/02/2019;02:45;1;0;1
22/02/2019;03:00;0;0;0
22/02/2019;03:15;1;0;1
22/02/2019;03:30;1;1;0
22/02/2019;03:45;3;1;2
22/02/2019;04:00;1;1;0
22/02/2019;04:15;0;0;0
22/02/2019;04:30;1;1;0
22/02/2019;04:45;2;2;0
22/02/2019;05:00;1;1;0
22/02/2019;05:15;2;1;1
22/02/2019;05:30;10;6;4
22/02/2019;05:45;13;8;5
22/02/2019;06:00;25;16;9
22/02/2019;06:15;21;19;2
22/02/2019;06:30;31;17;14
22/02/2019;06:45;44;24;20
22/02/2019;07:00;54;25;29
22/02/2019;07:15;135;95;40
22/02/2019;07:30;281;172;109
22/02/2019;07:45;170;104;66
22/02/2019;08:00;126;61;65
22/02/2019;08:15;130;66;64
22/02/2019;08:30;114;64;50
22/02/2019;08:45;168;108;60
22/02/2019;09:00;108;60;48
22/02/2019;09:15;144;102;42
22/02/2019;09:30;101;61;40
22/02/2019;09:45;97;49;48
22/02/2019;10:00;94;46;48
22/02/2019;10:15;93;46;47
22/02/2019;10:30;101;54;47
22/02/2019;10:45;89;51;38
22/02/2019;11:00;99;37;62
22/02/2019;11:15;112;51;61
22/02/2019;11:30;96;47;49
22/02/2019;11:45;93;43;50
22/02/2019;12:00;107;47;60
22/02/2019;12:15;140;77;63
22/02/2019;12:30;149;66;83
22/02/2019;12:45;132;54;78
22/02/2019;13:00;257;66;191
22/02/2019;13:15;155;71;84
22/02/2019;13:30;118;48;70
22/02/2019;13:45;137;66;71
22/02/2019;14:00;122;60;62
22/02/2019;14:15;124;53;71
22/02/2019;14:30;155;74;81
22/02/2019;14:45;111;57;54
22/02/2019;15:00;136;55;81
22/02/2019;15:15;106;56;50
22/02/2019;15:30;111;55;56
22/02/2019;15:45;141;69;72
22/02/2019;16:00;108;62;46
22/02/2019;16:15;127;67;60
22/02/2019;16:30;112;48;64
22/02/2019;16:45;119;50;69
22/02/2019;17:00;133;63;70
22/02/2019;17:15;111;36;75
22/02/2019;17:30;137;64;73
22/02/2019;17:45;112;51;61
22/02/2019;18:00;115;53;62
22/02/2019;18:15;103;44;59
22/02/2019;18:30;135;66;69
22/02/2019;18:45;88;46;42
22/02/2019;19:00;102;49;53
22/02/2019;19:15;101;52;49
22/02/2019;19:30;77;36;41
22/02/2019;19:45;78;32;46
22/02/2019;20:00;62;33;29
22/02/2019;20:15;54;33;21
22/02/2019;20:30;54;19;35
22/02/2019;20:45;54;30;24
22/02/2019;21:00;53;22;31
22/02/2019;21:15;65;42;23
22/02/2019;21:30;20;8;12
22/02/2019;21:45;43;22;21
22/02/2019;22:00;29;16;13
22/02/2019;22:15;49;28;21
22/02/2019;22:30;39;10;29
22/02/2019;22:45;26;11;15
22/02/2019;23:00;30;4;26
22/02/2019;23:15;29;13;16
22/02/2019;23:30;15;3;12
22/02/2019;23:45;24;6;18
23/02/2019;00:00;21;14;7
23/02/2019;00:15;15;3;12
23/02/2019;00:30;20;6;14
23/02/2019;00:45;15;5;10
23/02/2019;01:00;29;7;22
23/02/2019;01:15;14;6;8
23/02/2019;01:30;12;6;6
23/02/2019;01:45;18;6;12
23/02/2019;02:00;6;1;5
23/02/2019;02:15;9;1;8
23/02/2019;02:30;9;4;5
23/02/2019;02:45;9;1;8
23/02/2019;03:00;7;2;5
23/02/2019;03:15;6;1;5
23/02/2019;03:30;5;0;5
23/02/2019;03:45;8;3;5
23/02/2019;04:00;2;2;0
23/02/2019;04:15;1;0;1
23/02/2019;04:30;6;4;2
23/02/2019;04:45;3;1;2
23/02/2019;05:00;2;2;0
23/02/2019;05:15;0;0;0
23/02/2019;05:30;7;4;3
23/02/2019;05:45;11;8;3
23/02/2019;06:00;3;2;1
23/02/2019;06:15;6;5;1
23/02/2019;06:30;6;4;2
23/02/2019;06:45;11;6;5
23/02/2019;07:00;13;6;7
23/02/2019;07:15;11;8;3
23/02/2019;07:30;7;2;5
23/02/2019;07:45;26;12;14
23/02/2019;08:00;21;9;12
23/02/2019;08:15;27;17;10
23/02/2019;08:30;33;18;15
23/02/2019;08:45;65;46;19
23/02/2019;09:00;49;27;22
23/02/2019;09:15;61;36;25
23/02/2019;09:30;65;28;37
23/02/2019;09:45;78;51;27
23/02/2019;10:00;67;34;33
23/02/2019;10:15;58;23;35
23/02/2019;10:30;79;44;35
23/02/2019;10:45;105;56;49
23/02/2019;11:00;78;52;26
23/02/2019;11:15;104;49;55
23/02/2019;11:30;80;35;45
23/02/2019;11:45;94;51;43
23/02/2019;12:00;106;44;62
23/02/2019;12:15;122;60;62
23/02/2019;12:30;104;57;47
23/02/2019;12:45;97;44;53
23/02/2019;13:00;132;64;68
23/02/2019;13:15;110;42;68
23/02/2019;13:30;105;54;51
23/02/2019;13:45;104;45;59
23/02/2019;14:00;115;51;64
23/02/2019;14:15;92;43;49
23/02/2019;14:30;106;58;48
23/02/2019;14:45;114;62;52
23/02/2019;15:00;96;39;57
23/02/2019;15:15;111;63;48
23/02/2019;15:30;97;42;55
23/02/2019;15:45;96;51;45
23/02/2019;16:00;102;48;54
23/02/2019;16:15;95;48;47
23/02/2019;16:30;89;42;47
23/02/2019;16:45;106;52;54
23/02/2019;17:00;124;67;57
23/02/2019;17:15;107;62;45
23/02/2019;17:30;99;40;59
23/02/2019;17:45;99;39;60
23/02/2019;18:00;68;25;43
23/02/2019;18:15;93;40;53
23/02/2019;18:30;84;39;45
23/02/2019;18:45;71;33;38
23/02/2019;19:00;56;31;25
23/02/2019;19:15;76;28;48
23/02/2019;19:30;56;35;21
23/02/2019;19:45;53;28;25
23/02/2019;20:00;40;18;22
23/02/2019;20:15;61;31;30
23/02/2019;20:30;45;16;29
23/02/2019;20:45;40;12;28
23/02/2019;21:00;29;17;12
23/02/2019;21:15;38;21;17
23/02/2019;21:30;49;19;30
23/02/2019;21:45;26;14;12
23/02/2019;22:00;23;10;13
23/02/2019;22:15;42;22;20
23/02/2019;22:30;33;11;22
23/02/2019;22:45;24;11;13
23/02/2019;23:00;30;17;13
23/02/2019;23:15;35;24;11
23/02/2019;23:30;30;12;18
23/02/2019;23:45;25;13;12
24/02/2019;00:00;27;10;17
24/02/2019;00:15;31;12;19
24/02/2019;00:30;26;6;20
24/02/2019;00:45;19;9;10
24/02/2019;01:00;25;14;11
24/02/2019;01:15;18;14;4
24/02/2019;01:30;16;8;8
24/02/2019;01:45;6;1;5
24/02/2019;02:00;21;6;15
24/02/2019;02:15;12;7;5
24/02/2019;02:30;8;2;6
24/02/2019;02:45;15;0;15
24/02/2019;03:00;10;3;7
24/02/2019;03:15;10;1;9
24/02/2019;03:30;10;4;6
24/02/2019;03:45;6;5;1
24/02/2019;04:00;3;1;2
24/02/2019;04:15;2;2;0
24/02/2019;04:30;5;4;1
24/02/2019;04:45;1;1;0
24/02/2019;05:00;2;1;1
24/02/2019;05:15;1;1;0
24/02/2019;05:30;4;2;2
24/02/2019;05:45;7;3;4
24/02/2019;06:00;2;1;1
24/02/2019;06:15;9;7;2
24/02/2019;06:30;4;4;0
24/02/2019;06:45;5;3;2
24/02/2019;07:00;4;2;2
24/02/2019;07:15;1;1;0
24/02/2019;07:30;10;4;6
24/02/2019;07:45;7;2;5
24/02/2019;08:00;4;2;2
24/02/2019;08:15;6;6;0
24/02/2019;08:30;17;8;9
24/02/2019;08:45;34;23;11
24/02/2019;09:00;28;20;8
24/02/2019;09:15;22;10;12
24/02/2019;09:30;38;20;18
24/02/2019;09:45;54;37;17
24/02/2019;10:00;33;17;16
24/02/2019;10:15;37;18;19
24/02/2019;10:30;38;24;14
24/02/2019;10:45;30;18;12
24/02/2019;11:00;43;14;29
24/02/2019;11:15;40;14;26
24/02/2019;11:30;41;24;17
24/02/2019;11:45;62;28;34
24/02/2019;12:00;68;30;38
24/02/2019;12:15;63;25;38
24/02/2019;12:30;50;21;29
24/02/2019;12:45;78;37;41
24/02/2019;13:00;61;25;36
24/02/2019;13:15;84;50;34
24/02/2019;13:30;74;46;28
24/02/2019;13:45;69;30;39
24/02/2019;14:00;64;36;28
24/02/2019;14:15;96;41;55
24/02/2019;14:30;72;45;27
24/02/2019;14:45;70;29;41
24/02/2019;15:00;78;35;43
24/02/2019;15:15;92;36;56
24/02/2019;15:30;95;46;49
24/02/2019;15:45;78;43;35
24/02/2019;16:00;77;25;52
24/02/2019;16:15;57;26;31
24/02/2019;16:30;46;26;20
24/02/2019;16:45;90;36;54
24/02/2019;17:00;54;29;25
24/02/2019;17:15;103;49;54
24/02/2019;17:30;61;35;26
24/02/2019;17:45;96;41;55
24/02/2019;18:00;53;19;34
24/02/2019;18:15;49;23;26
24/02/2019;18:30;41;18;23
24/02/2019;18:45;50;27;23
24/02/2019;19:00;39;23;16
24/02/2019;19:15;34;12;22
24/02/2019;19:30;45;28;17
24/02/2019;19:45;35;20;15
24/02/2019;20:00;45;25;20
24/02/2019;20:15;35;18;17
24/02/2019;20:30;18;8;10
24/02/2019;20:45;31;18;13
24/02/2019;21:00;17;4;13
24/02/2019;21:15;15;3;12
24/02/2019;21:30;25;18;7
24/02/2019;21:45;19;6;13
24/02/2019;22:00;18;7;11
24/02/2019;22:15;14;6;8
24/02/2019;22:30;15;7;8
24/02/2019;22:45;19;9;10
24/02/2019;23:00;14;4;10
24/02/2019;23:15;19;9;10
24/02/2019;23:30;4;0;4
24/02/2019;23:45;4;2;2
25/02/2019;00:00;7;0;7
25/02/2019;00:15;3;2;1
25/02/2019;00:30;6;1;5
25/02/2019;00:45;8;3;5
25/02/2019;01:00;7;1;6
25/02/2019;01:15;1;1;0
25/02/2019;01:30;3;2;1
25/02/2019;01:45;4;2;2
25/02/2019;02:00;3;0;3
25/02/2019;02:15;1;0;1
25/02/2019;02:30;2;2;0
25/02/2019;02:45;0;0;0
25/02/2019;03:00;1;1;0
25/02/2019;03:15;1;1;0
25/02/2019;03:30;1;0;1
25/02/2019;03:45;0;0;0
25/02/2019;04:00;1;1;0
25/02/2019;04:15;1;1;0
25/02/2019;04:30;1;1;0
25/02/2019;04:45;2;2;0
25/02/2019;05:00;1;1;0
25/02/2019;05:15;1;0;1
25/02/2019;05:30;12;10;2
25/02/2019;05:45;17;7;10
25/02/2019;06:00;23;13;10
25/02/2019;06:15;20;12;8
25/02/2019;06:30;29;16;13
25/02/2019;06:45;58;36;22
25/02/2019;07:00;73;44;29
25/02/2019;07:15;148;105;43
25/02/2019;07:30;343;204;139
25/02/2019;07:45;177;94;83
25/02/2019;08:00;122;62;60
25/02/2019;08:15;133;67;66
25/02/2019;08:30;136;73;63
25/02/2019;08:45;139;86;53
25/02/2019;09:00;97;57;40
25/02/2019;09:15;116;71;45
25/02/2019;09:30;83;48;35
25/02/2019;09:45;84;53;31
25/02/2019;10:00;69;31;38
25/02/2019;10:15;64;32;32
25/02/2019;10:30;79;37;42
25/02/2019;10:45;77;32;45
25/02/2019;11:00;106;48;58
25/02/2019;11:15;94;36;58
25/02/2019;11:30;96;49;47
25/02/2019;11:45;99;39;60
25/02/2019;12:00;88;40;48
25/02/2019;12:15;114;47;67
25/02/2019;12:30;108;44;64
25/02/2019;12:45;121;54;67
25/02/2019;13:00;214;62;152
25/02/2019;13:15;119;43;76
25/02/2019;13:30;115;42;73
25/02/2019;13:45;159;81;78
25/02/2019;14:00;101;49;52
25/02/2019;14:15;90;51;39
25/02/2019;14:30;101;50;51
25/02/2019;14:45;134;56;78
25/02/2019;15:00;130;71;59
25/02/2019;15:15;162;83;79
25/02/2019;15:30;243;125;118
25/02/2019;15:45;182;101;81
25/02/2019;16:00;148;75;73
25/02/2019;16:15;159;66;93
25/02/2019;16:30;136;66;70
25/02/2019;16:45;175;83;92
25/02/2019;17:00;160;72;88
25/02/2019;17:15;207;102;105
25/02/2019;17:30;193;81;112
25/02/2019;17:45;182;71;111
25/02/2019;18:00;152;72;80
25/02/2019;18:15;133;62;71
25/02/2019;18:30;145;75;70
25/02/2019;18:45;155;74;81
25/02/2019;19:00;135;76;59
25/02/2019;19:15;96;47;49
25/02/2019;19:30;100;45;55
25/02/2019;19:45;90;40;50
25/02/2019;20:00;99;43;56
25/02/2019;20:15;88;42;46
25/02/2019;20:30;61;26;35
25/02/2019;20:45;50;23;27
25/02/2019;21:00;27;10;17
25/02/2019;21:15;42;19;23
25/02/2019;21:30;51;17;34
25/02/2019;21:45;30;16;14
25/02/2019;22:00;50;25;25
25/02/2019;22:15;42;17;25
25/02/2019;22:30;47;28;19
25/02/2019;22:45;32;13;19
25/02/2019;23:00;23;13;10
25/02/2019;23:15;15;9;6
25/02/2019;23:30;12;5;7
25/02/2019;23:45;14;6;8
26/02/2019;00:00;15;2;13
26/02/2019;00:15;12;5;7
26/02/2019;00:30;13;3;10
26/02/2019;00:45;5;2;3
26/02/2019;01:00;5;2;3
26/02/2019;01:15;12;3;9
26/02/2019;01:30;9;4;5
26/02/2019;01:45;11;5;6
26/02/2019;02:00;3;3;0
26/02/2019;02:15;2;0;2
26/02/2019;02:30;3;0;3
26/02/2019;02:45;2;1;1
26/02/2019;03:00;2;0;2
26/02/2019;03:15;2;0;2
26/02/2019;03:30;3;1;2
26/02/2019;03:45;0;0;0
26/02/2019;04:00;0;0;0
26/02/2019;04:15;1;1;0
26/02/2019;04:30;1;1;0
26/02/2019;04:45;1;1;0
26/02/2019;05:00;2;1;1
26/02/2019;05:15;4;1;3
26/02/2019;05:30;17;10;7
26/02/2019;05:45;15;11;4
26/02/2019;06:00;17;13;4
26/02/2019;06:15;24;15;9
26/02/2019;06:30;42;26;16
26/02/2019;06:45;58;34;24
26/02/2019;07:00;53;37;16
26/02/2019;07:15;144;94;50
26/02/2019;07:30;277;170;107
26/02/2019;07:45;193;94;99
26/02/2019;08:00;127;69;58
26/02/2019;08:15;170;80;90
26/02/2019;08:30;165;91;74
26/02/2019;08:45;150;96;54
26/02/2019;09:00;126;70;56
26/02/2019;09:15;143;96;47
26/02/2019;09:30;87;50;37
26/02/2019;09:45;94;61;33
26/02/2019;10:00;77;37;40
26/02/2019;10:15;84;34;50
26/02/2019;10:30;74;40;34
26/02/2019;10:45;78;45;33
26/02/2019;11:00;122;48;74
26/02/2019;11:15;103;40;63
26/02/2019;11:30;108;54;54
26/02/2019;11:45;107;59;48
26/02/2019;12:00;107;45;62
26/02/2019;12:15;117;37;80
26/02/2019;12:30;122;50;72
26/02/2019;12:45;145;67;78
26/02/2019;13:00;212;68;144
26/02/2019;13:15;127;51;76
26/02/2019;13:30;138;68;70
26/02/2019;13:45;143;75;68
26/02/2019;14:00;99;51;48
26/02/2019;14:15;115;54;61
26/02/2019;14:30;113;67;46
26/02/2019;14:45;142;82;60
26/02/2019;15:00;100;52;48
26/02/2019;15:15;119;61;58
26/02/2019;15:30;261;135;126
26/02/2019;15:45;189;81;108
26/02/2019;16:00;174;79;95
26/02/2019;16:15;161;85;76
26/02/2019;16:30;160;78;82
26/02/2019;16:45;192;80;112
26/02/2019;17:00;176;92;84
26/02/2019;17:15;199;96;103
26/02/2019;17:30;191;96;95
26/02/2019;17:45;200;103;97
26/02/2019;18:00;146;70;76
26/02/2019;18:15;131;67;64
26/02/2019;18:30;132;62;70
26/02/2019;18:45;118;55;63
26/02/2019;19:00;121;70;51
26/02/2019;19:15;134;58;76
26/02/2019;19:30;135;70;65
26/02/2019;19:45;122;44;78
26/02/2019;20:00;92;33;59
26/02/2019;20:15;79;26;53
26/02/2019;20:30;58;31;27
26/02/2019;20:45;44;20;24
26/02/2019;21:00;53;23;30
26/02/2019;21:15;45;18;27
26/02/2019;21:30;34;12;22
26/02/2019;21:45;33;14;19
26/02/2019;22:00;49;13;36
26/02/2019;22:15;48;18;30
26/02/2019;22:30;32;19;13
26/02/2019;22:45;35;8;27
26/02/2019;23:00;16;5;11
26/02/2019;23:15;14;7;7
26/02/2019;23:30;26;21;5
26/02/2019;23:45;22;14;8
27/02/2019;00:00;22;9;13
27/02/2019;00:15;9;2;7
27/02/2019;00:30;11;4;7
27/02/2019;00:45;3;0;3
27/02/2019;01:00;6;2;4
27/02/2019;01:15;12;6;6
27/02/2019;01:30;0;0;0
27/02/2019;01:45;1;1;0
27/02/2019;02:00;3;2;1
27/02/2019;02:15;4;2;2
27/02/2019;02:30;0;0;0
27/02/2019;02:45;1;0;1
27/02/2019;03:00;2;0;2
27/02/2019;03:15;3;0;3
27/02/2019;03:30;2;2;0
27/02/2019;03:45;0;0;0
27/02/2019;04:00;1;1;0
27/02/2019;04:15;1;1;0
27/02/2019;04:30;3;0;3
27/02/2019;04:45;2;2;0
27/02/2019;05:00;2;2;0
27/02/2019;05:15;1;0;1
27/02/2019;05:30;14;6;8
27/02/2019;05:45;15;9;6
27/02/2019;06:00;22;15;7
27/02/2019;06:15;29;19;10
27/02/2019;06:30;33;21;12
27/02/2019;06:45;57;30;27
27/02/2019;07:00;54;27;27
27/02/2019;07:15;182;120;62
27/02/2019;07:30;341;187;154
27/02/2019;07:45;167;95;72
27/02/2019;08:00;119;67;52
27/02/2019;08:15;135;69;66
27/02/2019;08:30;145;96;49
27/02/2019;08:45;163;105;58
27/02/2019;09:00;123;75;48
27/02/2019;09:15;137;82;55
27/02/2019;09:30;104;55;49
27/02/2019;09:45;100;54;46
27/02/2019;10:00;66;28;38
27/02/2019;10:15;76;35;41
27/02/2019;10:30;94;44;50
27/02/2019;10:45;99;59;40
27/02/2019;11:00;95;35;60
27/02/2019;11:15;113;56;57
27/02/2019;11:30;94;53;41
27/02/2019;11:45;95;42;53
27/02/2019;12:00;113;59;54
27/02/2019;12:15;126;53;73
27/02/2019;12:30;118;58;60
27/02/2019;12:45;142;60;82
27/02/2019;13:00;290;110;180
27/02/2019;13:15;129;67;62
27/02/2019;13:30;118;58;60
27/02/2019;13:45;140;67;73
27/02/2019;14:00;131;61;70
27/02/2019;14:15;129;67;62
27/02/2019;14:30;135;67;68
27/02/2019;14:45;132;70;62
27/02/2019;15:00;138;84;54
27/02/2019;15:15;155;82;73
27/02/2019;15:30;186;66;120
27/02/2019;15:45;166;66;100
27/02/2019;16:00;154;66;88
27/02/2019;16:15;153;86;67
27/02/2019;16:30;181;101;80
27/02/2019;16:45;207;95;112
27/02/2019;17:00;185;81;104
27/02/2019;17:15;211;95;116
27/02/2019;17:30;210;113;97
27/02/2019;17:45;193;109;84
27/02/2019;18:00;183;87;96
27/02/2019;18:15;149;64;85
27/02/2019;18:30;129;61;68
27/02/2019;18:45;148;73;75
27/02/2019;19:00;140;70;70
27/02/2019;19:15;147;93;54
27/02/2019;19:30;142;100;42
27/02/2019;19:45;148;94;54
27/02/2019;20:00;97;43;54
27/02/2019;20:15;68;34;34
27/02/2019;20:30;73;29;44
27/02/2019;20:45;98;28;70
27/02/2019;21:00;107;24;83
27/02/2019;21:15;75;19;56
27/02/2019;21:30;54;17;37
27/02/2019;21:45;50;23;27
27/02/2019;22:00;64;24;40
27/02/2019;22:15;58;24;34
27/02/2019;22:30;53;27;26
27/02/2019;22:45;38;12;26
27/02/2019;23:00;45;16;29
27/02/2019;23:15;36;17;19
27/02/2019;23:30;26;10;16
27/02/2019;23:45;16;9;7
28/02/2019;00:00;21;4;17
28/02/2019;00:15;18;4;14
28/02/2019;00:30;9;1;8
28/02/2019;00:45;12;2;10
28/02/2019;01:00;15;1;14
28/02/2019;01:15;8;3;5
28/02/2019;01:30;10;1;9
28/02/2019;01:45;10;0;10
28/02/2019;02:00;3;1;2
28/02/2019;02:15;3;1;2
28/02/2019;02:30;1;0;1
28/02/2019;02:45;1;1;0
28/02/2019;03:00;2;0;2
28/02/2019;03:15;2;1;1
28/02/2019;03:30;1;1;0
28/02/2019;03:45;0;0;0
28/02/2019;04:00;0;0;0
28/02/2019;04:15;3;1;2
28/02/2019;04:30;4;2;2
28/02/2019;04:45;4;4;0
28/02/2019;05:00;4;2;2
28/02/2019;05:15;8;3;5
28/02/2019;05:30;12;7;5
28/02/2019;05:45;10;6;4
28/02/2019;06:00;14;11;3
28/02/2019;06:15;36;22;14
28/02/2019;06:30;37;15;22
28/02/2019;06:45;44;24;20
28/02/2019;07:00;50;27;23
28/02/2019;07:15;113;73;40
28/02/2019;07:30;133;73;60
28/02/2019;07:45;135;82;53
28/02/2019;08:00;96;45;51
28/02/2019;08:15;101;44;57
28/02/2019;08:30;82;40;42
28/02/2019;08:45;125;56;69
28/02/2019;09:00;96;51;45
28/02/2019;09:15;73;37;36
28/02/2019;09:30;91;39;52
28/02/2019;09:45;111;33;78
28/02/2019;10:00;125;67;58
28/02/2019;10:15;88;60;28
28/02/2019;10:30;80;50;30
28/02/2019;10:45;88;56;32
28/02/2019;11:00;80;52;28
28/02/2019;11:15;84;58;26
28/02/2019;11:30;99;56;43
28/02/2019;11:45;90;54;36
28/02/2019;12:00;116;80;36
28/02/2019;12:15;96;59;37
28/02/2019;12:30;101;53;48
28/02/2019;12:45;87;51;36
28/02/2019;13:00;96;43;53
28/02/2019;13:15;68;37;31
28/02/2019;13:30;83;41;42
28/02/2019;13:45;72;35;37
28/02/2019;14:00;73;35;38
28/02/2019;14:15;85;48;37
28/02/2019;14:30;85;43;42
28/02/2019;14:45;113;63;50
28/02/2019;15:00;96;49;47
28/02/2019;15:15;81;36;45
28/02/2019;15:30;97;50;47
28/02/2019;15:45;92;37;55
28/02/2019;16:00;73;44;29
28/02/2019;16:15;84;31;53
28/02/2019;16:30;82;36;46
28/02/2019;16:45;93;40;53
28/02/2019;17:00;82;37;45
28/02/2019;17:15;88;33;55
28/02/2019;17:30;88;46;42
28/02/2019;17:45;131;88;43
28/02/2019;18:00;81;56;25
28/02/2019;18:15;91;55;36
28/02/2019;18:30;80;47;33
28/02/2019;18:45;86;54;32
28/02/2019;19:00;92;70;22
28/02/2019;19:15;45;24;21
28/02/2019;19:30;37;22;15
28/02/2019;19:45;70;34;36
28/02/2019;20:00;68;19;49
28/02/2019;20:15;68;29;39
28/02/2019;20:30;66;18;48
28/02/2019;20:45;42;15;27
28/02/2019;21:00;40;15;25
28/02/2019;21:15;50;18;32
28/02/2019;21:30;54;18;36
28/02/2019;21:45;48;19;29
28/02/2019;22:00;47;9;38
28/02/2019;22:15;36;13;23
28/02/2019;22:30;40;15;25
28/02/2019;22:45;34;3;31
28/02/2019;23:00;39;8;31
28/02/2019;23:15;28;9;19
28/02/2019;23:30;40;3;37
28/02/2019;23:45;30;5;25
01/03/2019;00:00;22;3;19
01/03/2019;00:15;28;2;26
01/03/2019;00:30;17;4;13
01/03/2019;00:45;26;3;23
01/03/2019;01:00;20;0;20
01/03/2019;01:15;11;1;10
01/03/2019;01:30;12;3;9
01/03/2019;01:45;10;0;10
01/03/2019;02:00;14;0;14
01/03/2019;02:15;11;2;9
01/03/2019;02:30;6;1;5
01/03/2019;02:45;10;3;7
01/03/2019;03:00;5;0;5
01/03/2019;03:15;4;2;2
01/03/2019;03:30;11;1;10
01/03/2019;03:45;5;1;4
01/03/2019;04:00;2;0;2
01/03/2019;04:15;6;1;5
01/03/2019;04:30;2;0;2
01/03/2019;04:45;3;1;2
01/03/2019;05:00;2;1;1
01/03/2019;05:15;10;5;5
01/03/2019;05:30;4;0;4
01/03/2019;05:45;15;9;6
01/03/2019;06:00;12;7;5
01/03/2019;06:15;17;11;6
01/03/2019;06:30;14;9;5
01/03/2019;06:45;31;25;6
01/03/2019;07:00;24;13;11
01/03/2019;07:15;33;14;19
01/03/2019;07:30;49;27;22
01/03/2019;07:45;64;30;34
01/03/2019;08:00;64;39;25
01/03/2019;08:15;54;36;18
01/03/2019;08:30;70;40;30
01/03/2019;08:45;90;63;27
01/03/2019;09:00;43;26;17
01/03/2019;09:15;33;20;13
01/03/2019;09:30;37;26;11
01/03/2019;09:45;46;31;15
01/03/2019;10:00;30;14;16
01/03/2019;10:15;42;21;21
01/03/2019;10:30;59;37;22
01/03/2019;10:45;46;22;24
01/03/2019;11:00;55;25;30
01/03/2019;11:15;57;27;30
01/03/2019;11:30;60;33;27
01/03/2019;11:45;62;27;35
01/03/2019;12:00;55;22;33
01/03/2019;12:15;65;32;33
01/03/2019;12:30;68;26;42
01/03/2019;12:45;66;28;38
01/03/2019;13:00;84;39;45
01/03/2019;13:15;58;29;29
01/03/2019;13:30;70;32;38
01/03/2019;13:45;84;31;53
01/03/2019;14:00;70;28;42
01/03/2019;14:15;70;46;24
01/03/2019;14:30;85;42;43
01/03/2019;14:45;62;34;28
01/03/2019;15:00;68;32;36
01/03/2019;15:15;78;37;41
01/03/2019;15:30;63;29;34
01/03/2019;15:45;66;27;39
01/03/2019;16:00;83;36;47
01/03/2019;16:15;77;35;42
01/03/2019;16:30;73;39;34
01/03/2019;16:45;74;34;40
01/03/2019;17:00;70;33;37
01/03/2019;17:15;77;31;46
01/03/2019;17:30;89;41;48
01/03/2019;17:45;86;30;56
01/03/2019;18:00;59;20;39
01/03/2019;18:15;60;38;22
01/03/2019;18:30;76;44;32
01/03/2019;18:45;75;39;36
01/03/2019;19:00;66;39;27
01/03/2019;19:15;52;24;28
01/03/2019;19:30;54;21;33
01/03/2019;19:45;49;24;25
01/03/2019;20:00;36;9;27
01/03/2019;20:15;38;21;17
01/03/2019;20:30;28;16;12
01/03/2019;20:45;26;11;15
01/03/2019;21:00;28;14;14
01/03/2019;21:15;33;17;16
01/03/2019;21:30;28;8;20
01/03/2019;21:45;28;7;21
01/03/2019;22:00;26;11;15
01/03/2019;22:15;33;8;25
01/03/2019;22:30;25;12;13
01/03/2019;22:45;13;6;7
01/03/2019;23:00;17;3;14
01/03/2019;23:15;15;8;7
01/03/2019;23:30;13;4;9
01/03/2019;23:45;13;4;9
02/03/2019;00:00;12;2;10
02/03/2019;00:15;6;2;4
02/03/2019;00:30;8;3;5
02/03/2019;00:45;11;2;9
02/03/2019;01:00;3;1;2
02/03/2019;01:15;7;4;3
02/03/2019;01:30;9;3;6
02/03/2019;01:45;3;0;3
02/03/2019;02:00;4;2;2
02/03/2019;02:15;4;1;3
02/03/2019;02:30;8;4;4
02/03/2019;02:45;0;0;0
02/03/2019;03:00;1;1;0
02/03/2019;03:15;8;0;8
02/03/2019;03:30;3;1;2
02/03/2019;03:45;0;0;0
02/03/2019;04:00;0;0;0
02/03/2019;04:15;1;0;1
02/03/2019;04:30;2;2;0
02/03/2019;04:45;3;1;2
02/03/2019;05:00;0;0;0
02/03/2019;05:15;2;0;2
02/03/2019;05:30;7;5;2
02/03/2019;05:45;8;6;2
02/03/2019;06:00;5;3;2
02/03/2019;06:15;4;2;2
02/03/2019;06:30;3;1;2
02/03/2019;06:45;10;6;4
02/03/2019;07:00;3;3;0
02/03/2019;07:15;6;3;3
02/03/2019;07:30;10;3;7
02/03/2019;07:45;25;17;8
02/03/2019;08:00;17;7;10
02/03/2019;08:15;28;13;15
02/03/2019;08:30;30;17;13
02/03/2019;08:45;48;28;20
02/03/2019;09:00;30;15;15
02/03/2019;09:15;43;23;20
02/03/2019;09:30;63;34;29
02/03/2019;09:45;61;31;30
02/03/2019;10:00;53;31;22
02/03/2019;10:15;72;40;32
02/03/2019;10:30;92;49;43
02/03/2019;10:45;78;59;19
02/03/2019;11:00;70;40;30
02/03/2019;11:15;72;36;36
02/03/2019;11:30;90;55;35
02/03/2019;11:45;89;52;37
02/03/2019;12:00;73;31;42
02/03/2019;12:15;91;39;52
02/03/2019;12:30;74;39;35
02/03/2019;12:45;83;38;45
02/03/2019;13:00;69;37;32
02/03/2019;13:15;65;40;25
02/03/2019;13:30;71;33;38
02/03/2019;13:45;67;34;33
02/03/2019;14:00;100;38;62
02/03/2019;14:15;78;38;40
02/03/2019;14:30;68;32;36
02/03/2019;14:45;71;32;39
02/03/2019;15:00;77;33;44
02/03/2019;15:15;91;47;44
02/03/2019;15:30;65;23;42
02/03/2019;15:45;76;35;41
02/03/2019;16:00;76;32;44
02/03/2019;16:15;73;32;41
02/03/2019;16:30;56;31;25
02/03/2019;16:45;66;24;42
02/03/2019;17:00;62;30;32
02/03/2019;17:15;59;27;32
02/03/2019;17:30;88;45;43
02/03/2019;17:45;68;29;39
02/03/2019;18:00;100;45;55
02/03/2019;18:15;86;39;47
02/03/2019;18:30;78;43;35
02/03/2019;18:45;77;40;37
02/03/2019;19:00;56;32;24
02/03/2019;19:15;57;24;33
02/03/2019;19:30;59;38;21
02/03/2019;19:45;63;41;22
02/03/2019;20:00;50;31;19
02/03/2019;20:15;30;17;13
02/03/2019;20:30;31;19;12
02/03/2019;20:45;43;27;16
02/03/2019;21:00;40;27;13
02/03/2019;21:15;22;10;12
02/03/2019;21:30;36;18;18
02/03/2019;21:45;21;10;11
02/03/2019;22:00;25;10;15
02/03/2019;22:15;25;10;15
02/03/2019;22:30;29;12;17
02/03/2019;22:45;36;23;13
02/03/2019;23:00;22;7;15
02/03/2019;23:15;27;15;12
02/03/2019;23:30;20;9;11
02/03/2019;23:45;17;8;9
03/03/2019;00:00;23;12;11
03/03/2019;00:15;20;5;15
03/03/2019;00:30;10;4;6
03/03/2019;00:45;22;3;19
03/03/2019;01:00;25;7;18
03/03/2019;01:15;21;3;18
03/03/2019;01:30;11;0;11
03/03/2019;01:45;20;5;15
03/03/2019;02:00;10;0;10
03/03/2019;02:15;11;2;9
03/03/2019;02:30;17;1;16
03/03/2019;02:45;9;1;8
03/03/2019;03:00;18;2;16
03/03/2019;03:15;21;0;21
03/03/2019;03:30;12;0;12
03/03/2019;03:45;18;6;12
03/03/2019;04:00;4;0;4
03/03/2019;04:15;5;1;4
03/03/2019;04:30;1;1;0
03/03/2019;04:45;5;1;4
03/03/2019;05:00;5;2;3
03/03/2019;05:15;3;3;0
03/03/2019;05:30;8;1;7
03/03/2019;05:45;2;1;1
03/03/2019;06:00;7;6;1
03/03/2019;06:15;4;2;2
03/03/2019;06:30;6;3;3
03/03/2019;06:45;5;3;2
03/03/2019;07:00;2;0;2
03/03/2019;07:15;4;3;1
03/03/2019;07:30;2;2;0
03/03/2019;07:45;7;3;4
03/03/2019;08:00;7;2;5
03/03/2019;08:15;17;8;9
03/03/2019;08:30;15;6;9
03/03/2019;08:45;17;7;10
03/03/2019;09:00;17;6;11
03/03/2019;09:15;18;9;9
03/03/2019;09:30;29;14;15
03/03/2019;09:45;55;31;24
03/03/2019;10:00;39;18;21
03/03/2019;10:15;36;18;18
03/03/2019;10:30;39;25;14
03/03/2019;10:45;26;14;12
03/03/2019;11:00;39;22;17
03/03/2019;11:15;59;34;25
03/03/2019;11:30;58;31;27
03/03/2019;11:45;59;33;26
03/03/2019;12:00;70;41;29
03/03/2019;12:15;98;72;26
03/03/2019;12:30;118;96;22
03/03/2019;12:45;140;110;30
03/03/2019;13:00;89;68;21
03/03/2019;13:15;62;42;20
03/03/2019;13:30;63;48;15
03/03/2019;13:45;71;56;15
03/03/2019;14:00;51;18;33
03/03/2019;14:15;80;50;30
03/03/2019;14:30;57;23;34
03/03/2019;14:45;47;26;21
03/03/2019;15:00;65;28;37
03/03/2019;15:15;91;27;64
03/03/2019;15:30;73;26;47
03/03/2019;15:45;84;23;61
03/03/2019;16:00;110;18;92
03/03/2019;16:15;99;30;69
03/03/2019;16:30;85;23;62
03/03/2019;16:45;95;37;58
03/03/2019;17:00;73;22;51
03/03/2019;17:15;68;28;40
03/03/2019;17:30;61;28;33
03/03/2019;17:45;61;27;34
03/03/2019;18:00;38;19;19
03/03/2019;18:15;49;12;37
03/03/2019;18:30;41;15;26
03/03/2019;18:45;59;28;31
03/03/2019;19:00;45;17;28
03/03/2019;19:15;58;32;26
03/03/2019;19:30;26;12;14
03/03/2019;19:45;28;16;12
03/03/2019;20:00;40;15;25
03/03/2019;20:15;31;20;11
03/03/2019;20:30;23;10;13
03/03/2019;20:45;21;15;6
03/03/2019;21:00;18;9;9
03/03/2019;21:15;22;13;9
03/03/2019;21:30;21;9;12
03/03/2019;21:45;25;7;18
03/03/2019;22:00;15;4;11
03/03/2019;22:15;11;5;6
03/03/2019;22:30;22;6;16
03/03/2019;22:45;15;6;9
03/03/2019;23:00;13;6;7
03/03/2019;23:15;10;4;6
03/03/2019;23:30;4;1;3
03/03/2019;23:45;7;1;6
04/03/2019;00:00;3;2;1
04/03/2019;00:15;6;5;1
04/03/2019;00:30;8;1;7
04/03/2019;00:45;5;3;2
04/03/2019;01:00;4;0;4
04/03/2019;01:15;15;2;13
04/03/2019;01:30;4;0;4
04/03/2019;01:45;3;2;1
04/03/2019;02:00;2;0;2
04/03/2019;02:15;3;0;3
04/03/2019;02:30;2;0;2
04/03/2019;02:45;1;0;1
04/03/2019;03:00;5;0;5
04/03/2019;03:15;0;0;0
04/03/2019;03:30;1;1;0
04/03/2019;03:45;0;0;0
04/03/2019;04:00;0;0;0
04/03/2019;04:15;0;0;0
04/03/2019;04:30;2;2;0
04/03/2019;04:45;2;2;0
04/03/2019;05:00;2;1;1
04/03/2019;05:15;1;0;1
04/03/2019;05:30;11;6;5
04/03/2019;05:45;11;6;5
04/03/2019;06:00;17;12;5
04/03/2019;06:15;19;11;8
04/03/2019;06:30;30;23;7
04/03/2019;06:45;35;28;7
04/03/2019;07:00;39;21;18
04/03/2019;07:15;46;21;25
04/03/2019;07:30;47;32;15
04/03/2019;07:45;79;42;37
04/03/2019;08:00;77;40;37
04/03/2019;08:15;64;30;34
04/03/2019;08:30;90;46;44
04/03/2019;08:45;97;57;40
04/03/2019;09:00;63;34;29
04/03/2019;09:15;62;30;32
04/03/2019;09:30;40;17;23
04/03/2019;09:45;61;27;34
04/03/2019;10:00;46;30;16
04/03/2019;10:15;66;34;32
04/03/2019;10:30;49;29;20
04/03/2019;10:45;57;33;24
04/03/2019;11:00;51;28;23
04/03/2019;11:15;52;28;24
04/03/2019;11:30;48;22;26
04/03/2019;11:45;57;27;30
04/03/2019;12:00;64;18;46
04/03/2019;12:15;60;31;29
04/03/2019;12:30;49;19;30
04/03/2019;12:45;33;19;14
04/03/2019;13:00;49;19;30
04/03/2019;13:15;53;24;29
04/03/2019;13:30;48;27;21
04/03/2019;13:45;53;25;28
04/03/2019;14:00;44;20;24
04/03/2019;14:15;53;24;29
04/03/2019;14:30;42;27;15
04/03/2019;14:45;38;22;16
04/03/2019;15:00;45;15;30
04/03/2019;15:15;45;14;31
04/03/2019;15:30;53;26;27
04/03/2019;15:45;62;32;30
04/03/2019;16:00;52;20;32
04/03/2019;16:15;83;45;38
04/03/2019;16:30;50;23;27
04/03/2019;16:45;80;42;38
04/03/2019;17:00;105;48;57
04/03/2019;17:15;99;57;42
04/03/2019;17:30;88;47;41
04/03/2019;17:45;81;35;46
04/03/2019;18:00;74;37;37
04/03/2019;18:15;74;39;35
04/03/2019;18:30;64;37;27
04/03/2019;18:45;77;47;30
04/03/2019;19:00;68;34;34
04/03/2019;19:15;57;26;31
04/03/2019;19:30;29;12;17
04/03/2019;19:45;48;21;27
04/03/2019;20:00;42;29;13
04/03/2019;20:15;45;24;21
04/03/2019;20:30;39;21;18
04/03/2019;20:45;37;21;16
04/03/2019;21:00;28;11;17
04/03/2019;21:15;20;12;8
04/03/2019;21:30;38;18;20
04/03/2019;21:45;23;11;12
04/03/2019;22:00;19;8;11
04/03/2019;22:15;23;13;10
04/03/2019;22:30;12;4;8
04/03/2019;22:45;12;6;6
04/03/2019;23:00;15;4;11
04/03/2019;23:15;23;5;18
04/03/2019;23:30;14;6;8
04/03/2019;23:45;9;2;7
05/03/2019;00:00;3;0;3
05/03/2019;00:15;13;7;6
05/03/2019;00:30;5;1;4
05/03/2019;00:45;7;0;7
05/03/2019;01:00;8;0;8
05/03/2019;01:15;4;0;4
05/03/2019;01:30;3;0;3
05/03/2019;01:45;4;2;2
05/03/2019;02:00;1;0;1
05/03/2019;02:15;7;0;7
05/03/2019;02:30;6;0;6
05/03/2019;02:45;9;4;5
05/03/2019;03:00;2;1;1
05/03/2019;03:15;5;0;5
05/03/2019;03:30;3;1;2
05/03/2019;03:45;3;0;3
05/03/2019;04:00;0;0;0
05/03/2019;04:15;1;0;1
05/03/2019;04:30;2;2;0
05/03/2019;04:45;3;1;2
05/03/2019;05:00;2;1;1
05/03/2019;05:15;3;2;1
05/03/2019;05:30;10;6;4
05/03/2019;05:45;16;9;7
05/03/2019;06:00;17;15;2
05/03/2019;06:15;22;14;8
05/03/2019;06:30;26;20;6
05/03/2019;06:45;44;30;14
05/03/2019;07:00;44;19;25
05/03/2019;07:15;46;26;20
05/03/2019;07:30;70;36;34
05/03/2019;07:45;85;49;36
05/03/2019;08:00;100;52;48
05/03/2019;08:15;91;45;46
05/03/2019;08:30;104;47;57
05/03/2019;08:45;109;58;51
05/03/2019;09:00;101;75;26
05/03/2019;09:15;88;55;33
05/03/2019;09:30;80;46;34
05/03/2019;09:45;109;60;49
05/03/2019;10:00;71;41;30
05/03/2019;10:15;54;25;29
05/03/2019;10:30;69;40;29
05/03/2019;10:45;65;38;27
05/03/2019;11:00;84;45;39
05/03/2019;11:15;89;46;43
05/03/2019;11:30;54;25;29
05/03/2019;11:45;74;34;40
05/03/2019;12:00;79;35;44
05/03/2019;12:15;81;31;50
05/03/2019;12:30;73;33;40
05/03/2019;12:45;84;43;41
05/03/2019;13:00;88;28;60
05/03/2019;13:15;67;32;35
05/03/2019;13:30;103;50;53
05/03/2019;13:45;60;28;32
05/03/2019;14:00;67;35;32
05/03/2019;14:15;73;42;31
05/03/2019;14:30;98;43;55
05/03/2019;14:45;76;44;32
05/03/2019;15:00;69;27;42
05/03/2019;15:15;75;30;45
05/03/2019;15:30;87;40;47
05/03/2019;15:45;98;46;52
05/03/2019;16:00;106;49;57
05/03/2019;16:15;96;57;39
05/03/2019;16:30;106;45;61
05/03/2019;16:45;120;56;64
05/03/2019;17:00;111;49;62
05/03/2019;17:15;122;65;57
05/03/2019;17:30;129;73;56
05/03/2019;17:45;150;70;80
05/03/2019;18:00;134;55;79
05/03/2019;18:15;127;67;60
05/03/2019;18:30;114;53;61
05/03/2019;18:45;89;52;37
05/03/2019;19:00;96;49;47
05/03/2019;19:15;94;52;42
05/03/2019;19:30;56;21;35
05/03/2019;19:45;72;15;57
05/03/2019;20:00;61;22;39
05/03/2019;20:15;48;17;31
05/03/2019;20:30;42;12;30
05/03/2019;20:45;46;21;25
05/03/2019;21:00;51;23;28
05/03/2019;21:15;27;8;19
05/03/2019;21:30;21;9;12
05/03/2019;21:45;39;16;23
05/03/2019;22:00;32;11;21
05/03/2019;22:15;24;8;16
05/03/2019;22:30;23;12;11
05/03/2019;22:45;24;12;12
05/03/2019;23:00;20;5;15
05/03/2019;23:15;19;5;14
05/03/2019;23:30;11;1;10
05/03/2019;23:45;13;4;9
06/03/2019;00:00;8;3;5
06/03/2019;00:15;6;0;6
06/03/2019;00:30;15;7;8
06/03/2019;00:45;4;0;4
06/03/2019;01:00;3;2;1
06/03/2019;01:15;4;3;1
06/03/2019;01:30;2;1;1
06/03/2019;01:45;4;1;3
06/03/2019;02:00;1;0;1
06/03/2019;02:15;2;1;1
06/03/2019;02:30;2;0;2
06/03/2019;02:45;0;0;0
06/03/2019;03:00;1;1;0
06/03/2019;03:15;1;0;1
06/03/2019;03:30;1;0;1
06/03/2019;03:45;2;1;1
06/03/2019;04:00;1;1;0
06/03/2019;04:15;0;0;0
06/03/2019;04:30;1;1;0
06/03/2019;04:45;1;1;0
06/03/2019;05:00;3;2;1
06/03/2019;05:15;4;3;1
06/03/2019;05:30;14;6;8
06/03/2019;05:45;18;8;10
06/03/2019;06:00;14;8;6
06/03/2019;06:15;33;25;8
06/03/2019;06:30;29;14;15
06/03/2019;06:45;47;30;17
06/03/2019;07:00;48;26;22
06/03/2019;07:15;76;33;43
06/03/2019;07:30;75;45;30
06/03/2019;07:45;88;44;44
06/03/2019;08:00;95;48;47
06/03/2019;08:15;114;62;52
06/03/2019;08:30;118;73;45
06/03/2019;08:45;135;96;39
06/03/2019;09:00;88;46;42
06/03/2019;09:15;95;53;42
06/03/2019;09:30;78;46;32
06/03/2019;09:45;92;53;39
06/03/2019;10:00;68;33;35
06/03/2019;10:15;68;34;34
06/03/2019;10:30;78;51;27
06/03/2019;10:45;87;34;53
06/03/2019;11:00;66;26;40
06/03/2019;11:15;65;31;34
06/03/2019;11:30;84;39;45
06/03/2019;11:45;76;47;29
06/03/2019;12:00;83;33;50
06/03/2019;12:15;89;40;49
06/03/2019;12:30;87;42;45
06/03/2019;12:45;80;42;38
06/03/2019;13:00;98;53;45
06/03/2019;13:15;75;35;40
06/03/2019;13:30;77;34;43
06/03/2019;13:45;88;40;48
06/03/2019;14:00;85;42;43
06/03/2019;14:15;88;45;43
06/03/2019;14:30;101;44;57
06/03/2019;14:45;99;47;52
06/03/2019;15:00;111;51;60
06/03/2019;15:15;97;52;45
06/03/2019;15:30;78;36;42
06/03/2019;15:45;106;51;55
06/03/2019;16:00;118;55;63
06/03/2019;16:15;113;59;54
06/03/2019;16:30;117;54;63
06/03/2019;16:45;145;65;80
06/03/2019;17:00;131;64;67
06/03/2019;17:15;124;47;77
06/03/2019;17:30;156;86;70
06/03/2019;17:45;139;60;79
06/03/2019;18:00;132;64;68
06/03/2019;18:15;147;74;73
06/03/2019;18:30;100;52;48
06/03/2019;18:45;120;47;73
06/03/2019;19:00;97;40;57
06/03/2019;19:15;99;49;50
06/03/2019;19:30;60;27;33
06/03/2019;19:45;86;38;48
06/03/2019;20:00;76;31;45
06/03/2019;20:15;50;26;24
06/03/2019;20:30;56;24;32
06/03/2019;20:45;31;10;21
06/03/2019;21:00;38;15;23
06/03/2019;21:15;61;16;45
06/03/2019;21:30;36;15;21
06/03/2019;21:45;47;21;26
06/03/2019;22:00;38;20;18
06/03/2019;22:15;39;17;22
06/03/2019;22:30;33;17;16
06/03/2019;22:45;24;8;16
06/03/2019;23:00;20;7;13
06/03/2019;23:15;22;7;15
06/03/2019;23:30;29;8;21
06/03/2019;23:45;12;2;10
07/03/2019;00:00;12;5;7
07/03/2019;00:15;12;0;12
07/03/2019;00:30;14;4;10
07/03/2019;00:45;6;2;4
07/03/2019;01:00;7;0;7
07/03/2019;01:15;3;1;2
07/03/2019;01:30;3;2;1
07/03/2019;01:45;0;0;0
07/03/2019;02:00;2;1;1
07/03/2019;02:15;1;0;1
07/03/2019;02:30;0;0;0
07/03/2019;02:45;4;3;1
07/03/2019;03:00;2;0;2
07/03/2019;03:15;3;2;1
07/03/2019;03:30;2;0;2
07/03/2019;03:45;1;1;0
07/03/2019;04:00;2;0;2
07/03/2019;04:15;2;1;1
07/03/2019;04:30;1;1;0
07/03/2019;04:45;0;0;0
07/03/2019;05:00;4;3;1
07/03/2019;05:15;3;2;1
07/03/2019;05:30;11;5;6
07/03/2019;05:45;20;15;5
07/03/2019;06:00;20;13;7
07/03/2019;06:15;23;16;7
07/03/2019;06:30;33;22;11
07/03/2019;06:45;50;36;14
07/03/2019;07:00;46;24;22
07/03/2019;07:15;76;44;32
07/03/2019;07:30;60;31;29
07/03/2019;07:45;71;36;35
07/03/2019;08:00;76;38;38
07/03/2019;08:15;86;51;35
07/03/2019;08:30;81;42;39
07/03/2019;08:45;98;62;36
07/03/2019;09:00;65;32;33
07/03/2019;09:15;65;42;23
07/03/2019;09:30;54;32;22
07/03/2019;09:45;42;31;11
07/03/2019;10:00;47;32;15
07/03/2019;10:15;45;26;19
07/03/2019;10:30;48;27;21
07/03/2019;10:45;51;27;24
07/03/2019;11:00;63;40;23
07/03/2019;11:15;49;24;25
07/03/2019;11:30;55;25;30
07/03/2019;11:45;52;27;25
07/03/2019;12:00;63;28;35
07/03/2019;12:15;70;41;29
07/03/2019;12:30;62;28;34
07/03/2019;12:45;55;24;31
07/03/2019;13:00;66;23;43
07/03/2019;13:15;75;35;40
07/03/2019;13:30;78;39;39
07/03/2019;13:45;92;53;39
07/03/2019;14:00;67;36;31
07/03/2019;14:15;73;32;41
07/03/2019;14:30;75;32;43
07/03/2019;14:45;80;32;48
07/03/2019;15:00;77;41;36
07/03/2019;15:15;80;47;33
07/03/2019;15:30;83;46;37
07/03/2019;15:45;88;45;43
07/03/2019;16:00;96;53;43
07/03/2019;16:15;85;39;46
07/03/2019;16:30;100;44;56
07/03/2019;16:45;124;64;60
07/03/2019;17:00;115;53;62
07/03/2019;17:15;133;67;66
07/03/2019;17:30;119;70;49
07/03/2019;17:45;124;51;73
07/03/2019;18:00;114;50;64
07/03/2019;18:15;107;51;56
07/03/2019;18:30;113;43;70
07/03/2019;18:45;109;48;61
07/03/2019;19:00;94;30;64
07/03/2019;19:15;98;48;50
07/03/2019;19:30;77;36;41
07/03/2019;19:45;77;42;35
07/03/2019;20:00;76;36;40
07/03/2019;20:15;46;18;28
07/03/2019;20:30;34;15;19
07/03/2019;20:45;33;11;22
07/03/2019;21:00;31;11;20
07/03/2019;21:15;34;23;11
07/03/2019;21:30;21;7;14
07/03/2019;21:45;32;11;21
07/03/2019;22:00;39;15;24
07/03/2019;22:15;45;14;31
07/03/2019;22:30;27;3;24
07/03/2019;22:45;17;5;12
07/03/2019;23:00;30;6;24
07/03/2019;23:15;23;11;12
07/03/2019;23:30;25;5;20
07/03/2019;23:45;23;3;20
08/03/2019;00:00;6;2;4
08/03/2019;00:15;14;2;12
08/03/2019;00:30;8;2;6
08/03/2019;00:45;14;7;7
08/03/2019;01:00;17;4;13
08/03/2019;01:15;8;4;4
08/03/2019;01:30;0;0;0
08/03/2019;01:45;5;3;2
08/03/2019;02:00;1;0;1
08/03/2019;02:15;2;2;0
08/03/2019;02:30;5;1;4
08/03/2019;02:45;2;1;1
08/03/2019;03:00;0;0;0
08/03/2019;03:15;0;0;0
08/03/2019;03:30;1;0;1
08/03/2019;03:45;0;0;0
08/03/2019;04:00;0;0;0
08/03/2019;04:15;2;1;1
08/03/2019;04:30;2;2;0
08/03/2019;04:45;1;0;1
08/03/2019;05:00;1;1;0
08/03/2019;05:15;5;2;3
08/03/2019;05:30;11;4;7
08/03/2019;05:45;19;14;5
08/03/2019;06:00;13;10;3
08/03/2019;06:15;25;15;10
08/03/2019;06:30;25;16;9
08/03/2019;06:45;48;30;18
08/03/2019;07:00;47;18;29
08/03/2019;07:15;55;30;25
08/03/2019;07:30;55;22;33
08/03/2019;07:45;103;51;52
08/03/2019;08:00;96;49;47
08/03/2019;08:15;102;57;45
08/03/2019;08:30;98;56;42
08/03/2019;08:45;120;74;46
08/03/2019;09:00;93;59;34
08/03/2019;09:15;91;65;26
08/03/2019;09:30;89;58;31
08/03/2019;09:45;101;54;47
08/03/2019;10:00;76;44;32
08/03/2019;10:15;85;45;40
08/03/2019;10:30;75;38;37
08/03/2019;10:45;80;49;31
08/03/2019;11:00;85;51;34
08/03/2019;11:15;78;46;32
08/03/2019;11:30;93;48;45
08/03/2019;11:45;103;52;51
08/03/2019;12:00;81;46;35
08/03/2019;12:15;94;33;61
08/03/2019;12:30;90;34;56
08/03/2019;12:45;82;34;48
08/03/2019;13:00;104;52;52
08/03/2019;13:15;84;32;52
08/03/2019;13:30;102;45;57
08/03/2019;13:45;113;56;57
08/03/2019;14:00;74;34;40
08/03/2019;14:15;126;66;60
08/03/2019;14:30;118;49;69
08/03/2019;14:45;134;71;63
08/03/2019;15:00;105;49;56
08/03/2019;15:15;107;64;43
08/03/2019;15:30;83;45;38
08/03/2019;15:45;104;47;57
08/03/2019;16:00;116;54;62
08/03/2019;16:15;107;51;56
08/03/2019;16:30;123;65;58
08/03/2019;16:45;110;44;66
08/03/2019;17:00;104;36;68
08/03/2019;17:15;98;51;47
08/03/2019;17:30;101;41;60
08/03/2019;17:45;117;51;66
08/03/2019;18:00;111;40;71
08/03/2019;18:15;101;53;48
08/03/2019;18:30;96;44;52
08/03/2019;18:45;114;47;67
08/03/2019;19:00;100;60;40
08/03/2019;19:15;92;38;54
08/03/2019;19:30;77;41;36
08/03/2019;19:45;72;48;24
08/03/2019;20:00;66;32;34
08/03/2019;20:15;70;38;32
08/03/2019;20:30;45;26;19
08/03/2019;20:45;25;14;11
08/03/2019;21:00;49;27;22
08/03/2019;21:15;49;23;26
08/03/2019;21:30;44;29;15
08/03/2019;21:45;32;15;17
08/03/2019;22:00;30;7;23
08/03/2019;22:15;38;6;32
08/03/2019;22:30;24;9;15
08/03/2019;22:45;34;10;24
08/03/2019;23:00;44;6;38
08/03/2019;23:15;22;11;11
08/03/2019;23:30;20;5;15
08/03/2019;23:45;32;11;21
09/03/2019;00:00;25;6;19
09/03/2019;00:15;23;6;17
09/03/2019;00:30;23;10;13
09/03/2019;00:45;14;3;11
09/03/2019;01:00;17;6;11
09/03/2019;01:15;12;3;9
09/03/2019;01:30;12;6;6
09/03/2019;01:45;9;3;6
09/03/2019;02:00;7;2;5
09/03/2019;02:15;14;7;7
09/03/2019;02:30;5;4;1
09/03/2019;02:45;6;2;4
09/03/2019;03:00;2;1;1
09/03/2019;03:15;7;3;4
09/03/2019;03:30;2;0;2
09/03/2019;03:45;7;1;6
09/03/2019;04:00;2;0;2
09/03/2019;04:15;1;1;0
09/03/2019;04:30;1;1;0
09/03/2019;04:45;1;1;0
09/03/2019;05:00;6;4;2
09/03/2019;05:15;4;2;2
09/03/2019;05:30;6;1;5
09/03/2019;05:45;10;9;1
09/03/2019;06:00;6;4;2
09/03/2019;06:15;10;7;3
09/03/2019;06:30;11;7;4
09/03/2019;06:45;10;4;6
09/03/2019;07:00;6;2;4
09/03/2019;07:15;6;5;1
09/03/2019;07:30;10;4;6
09/03/2019;07:45;14;8;6
09/03/2019;08:00;14;8;6
09/03/2019;08:15;21;13;8
09/03/2019;08:30;23;11;12
09/03/2019;08:45;32;21;11
09/03/2019;09:00;32;19;13
09/03/2019;09:15;41;32;9
09/03/2019;09:30;53;31;22
09/03/2019;09:45;71;50;21
09/03/2019;10:00;52;27;25
09/03/2019;10:15;55;25;30
09/03/2019;10:30;79;41;38
09/03/2019;10:45;61;37;24
09/03/2019;11:00;63;39;24
09/03/2019;11:15;73;33;40
09/03/2019;11:30;79;47;32
09/03/2019;11:45;77;38;39
09/03/2019;12:00;68;30;38
09/03/2019;12:15;74;35;39
09/03/2019;12:30;70;30;40
09/03/2019;12:45;78;41;37
09/03/2019;13:00;81;41;40
09/03/2019;13:15;75;37;38
09/03/2019;13:30;66;33;33
09/03/2019;13:45;78;34;44
09/03/2019;14:00;73;44;29
09/03/2019;14:15;70;32;38
09/03/2019;14:30;97;54;43
09/03/2019;14:45;86;45;41
09/03/2019;15:00;75;33;42
09/03/2019;15:15;77;44;33
09/03/2019;15:30;65;36;29
09/03/2019;15:45;80;36;44
09/03/2019;16:00;57;20;37
09/03/2019;16:15;81;35;46
09/03/2019;16:30;54;26;28
09/03/2019;16:45;56;29;27
09/03/2019;17:00;51;17;34
09/03/2019;17:15;56;30;26
09/03/2019;17:30;64;22;42
09/03/2019;17:45;90;53;37
09/03/2019;18:00;59;30;29
09/03/2019;18:15;56;27;29
09/03/2019;18:30;43;21;22
09/03/2019;18:45;47;16;31
09/03/2019;19:00;54;29;25
09/03/2019;19:15;58;38;20
09/03/2019;19:30;42;28;14
09/03/2019;19:45;45;21;24
09/03/2019;20:00;43;10;33
09/03/2019;20:15;46;17;29
09/03/2019;20:30;36;16;20
09/03/2019;20:45;44;19;25
09/03/2019;21:00;31;18;13
09/03/2019;21:15;26;15;11
09/03/2019;21:30;52;18;34
09/03/2019;21:45;43;12;31
09/03/2019;22:00;25;12;13
09/03/2019;22:15;38;8;30
09/03/2019;22:30;24;10;14
09/03/2019;22:45;26;8;18
09/03/2019;23:00;24;10;14
09/03/2019;23:15;30;7;23
09/03/2019;23:30;31;12;19
09/03/2019;23:45;11;3;8
10/03/2019;00:00;27;5;22
10/03/2019;00:15;26;6;20
10/03/2019;00:30;18;4;14
10/03/2019;00:45;18;5;13
10/03/2019;01:00;17;12;5
10/03/2019;01:15;16;4;12
10/03/2019;01:30;14;3;11
10/03/2019;01:45;14;6;8
10/03/2019;02:00;9;4;5
10/03/2019;02:15;16;10;6
10/03/2019;02:30;12;4;8
10/03/2019;02:45;11;4;7
10/03/2019;03:00;10;4;6
10/03/2019;03:15;12;6;6
10/03/2019;03:30;8;3;5
10/03/2019;03:45;4;1;3
10/03/2019;04:00;7;1;6
10/03/2019;04:15;2;2;0
10/03/2019;04:30;1;1;0
10/03/2019;04:45;2;1;1
10/03/2019;05:00;1;1;0
10/03/2019;05:15;5;2;3
10/03/2019;05:30;2;0;2
10/03/2019;05:45;3;3;0
10/03/2019;06:00;8;7;1
10/03/2019;06:15;6;5;1
10/03/2019;06:30;3;3;0
10/03/2019;06:45;4;3;1
10/03/2019;07:00;7;5;2
10/03/2019;07:15;5;1;4
10/03/2019;07:30;7;4;3
10/03/2019;07:45;3;3;0
10/03/2019;08:00;14;10;4
10/03/2019;08:15;2;2;0
10/03/2019;08:30;9;6;3
10/03/2019;08:45;15;11;4
10/03/2019;09:00;9;6;3
10/03/2019;09:15;11;5;6
10/03/2019;09:30;10;6;4
10/03/2019;09:45;19;11;8
10/03/2019;10:00;7;2;5
10/03/2019;10:15;8;5;3
10/03/2019;10:30;5;3;2
10/03/2019;10:45;15;10;5
10/03/2019;11:00;15;6;9
10/03/2019;11:15;25;12;13
10/03/2019;11:30;15;5;10
10/03/2019;11:45;19;8;11
10/03/2019;12:00;19;10;9
10/03/2019;12:15;21;12;9
10/03/2019;12:30;16;5;11
10/03/2019;12:45;13;5;8
10/03/2019;13:00;23;5;18
10/03/2019;13:15;20;13;7
10/03/2019;13:30;33;16;17
10/03/2019;13:45;37;6;31
10/03/2019;14:00;24;10;14
10/03/2019;14:15;38;14;24
10/03/2019;14:30;25;15;10
10/03/2019;14:45;27;14;13
10/03/2019;15:00;29;10;19
10/03/2019;15:15;24;6;18
10/03/2019;15:30;26;16;10
10/03/2019;15:45;18;8;10
10/03/2019;16:00;37;20;17
10/03/2019;16:15;34;21;13
10/03/2019;16:30;35;20;15
10/03/2019;16:45;35;22;13
10/03/2019;17:00;27;13;14
10/03/2019;17:15;29;25;4
10/03/2019;17:30;24;12;12
10/03/2019;17:45;38;18;20
10/03/2019;18:00;44;27;17
10/03/2019;18:15;42;21;21
10/03/2019;18:30;25;12;13
10/03/2019;18:45;23;12;11
10/03/2019;19:00;32;14;18
10/03/2019;19:15;24;14;10
10/03/2019;19:30;30;17;13
10/03/2019;19:45;28;11;17
10/03/2019;20:00;28;14;14
10/03/2019;20:15;21;8;13
10/03/2019;20:30;12;2;10
10/03/2019;20:45;16;7;9
10/03/2019;21:00;18;9;9
10/03/2019;21:15;19;10;9
10/03/2019;21:30;19;8;11
10/03/2019;21:45;10;1;9
10/03/2019;22:00;6;2;4
10/03/2019;22:15;24;10;14
10/03/2019;22:30;17;3;14
10/03/2019;22:45;5;4;1
10/03/2019;23:00;9;6;3
10/03/2019;23:15;8;3;5
10/03/2019;23:30;9;4;5
10/03/2019;23:45;6;2;4
11/03/2019;00:00;3;2;1
11/03/2019;00:15;1;0;1
11/03/2019;00:30;2;2;0
11/03/2019;00:45;5;1;4
11/03/2019;01:00;2;2;0
11/03/2019;01:15;4;4;0
11/03/2019;01:30;0;0;0
11/03/2019;01:45;1;1;0
11/03/2019;02:00;4;0;4
11/03/2019;02:15;1;1;0
11/03/2019;02:30;1;0;1
11/03/2019;02:45;0;0;0
11/03/2019;03:00;0;0;0
11/03/2019;03:15;0;0;0
11/03/2019;03:30;0;0;0
11/03/2019;03:45;1;1;0
11/03/2019;04:00;1;0;1
11/03/2019;04:15;1;1;0
11/03/2019;04:30;2;2;0
11/03/2019;04:45;1;1;0
11/03/2019;05:00;0;0;0
11/03/2019;05:15;2;1;1
11/03/2019;05:30;11;6;5
11/03/2019;05:45;11;8;3
11/03/2019;06:00;12;9;3
11/03/2019;06:15;17;7;10
11/03/2019;06:30;30;19;11
11/03/2019;06:45;54;38;16
11/03/2019;07:00;63;35;28
11/03/2019;07:15;163;116;47
11/03/2019;07:30;334;222;112
11/03/2019;07:45;155;85;70
11/03/2019;08:00;134;78;56
11/03/2019;08:15;141;83;58
11/03/2019;08:30;101;58;43
11/03/2019;08:45;125;87;38
11/03/2019;09:00;88;49;39
11/03/2019;09:15;67;42;25
11/03/2019;09:30;50;26;24
11/03/2019;09:45;47;26;21
11/03/2019;10:00;62;34;28
11/03/2019;10:15;51;27;24
11/03/2019;10:30;60;40;20
11/03/2019;10:45;54;20;34
11/03/2019;11:00;64;29;35
11/03/2019;11:15;72;25;47
11/03/2019;11:30;43;19;24
11/03/2019;11:45;64;32;32
11/03/2019;12:00;48;22;26
11/03/2019;12:15;72;33;39
11/03/2019;12:30;87;29;58
11/03/2019;12:45;83;39;44
11/03/2019;13:00;197;46;151
11/03/2019;13:15;103;36;67
11/03/2019;13:30;76;40;36
11/03/2019;13:45;98;53;45
11/03/2019;14:00;68;29;39
11/03/2019;14:15;66;37;29
11/03/2019;14:30;75;27;48
11/03/2019;14:45;80;39;41
11/03/2019;15:00;90;41;49
11/03/2019;15:15;96;57;39
11/03/2019;15:30;234;116;118
11/03/2019;15:45;116;54;62
11/03/2019;16:00;100;44;56
11/03/2019;16:15;104;48;56
11/03/2019;16:30;98;43;55
11/03/2019;16:45;135;56;79
11/03/2019;17:00;122;39;83
11/03/2019;17:15;168;90;78
11/03/2019;17:30;122;55;67
11/03/2019;17:45;134;60;74
11/03/2019;18:00;102;46;56
11/03/2019;18:15;113;58;55
11/03/2019;18:30;112;52;60
11/03/2019;18:45;105;54;51
11/03/2019;19:00;88;39;49
11/03/2019;19:15;77;40;37
11/03/2019;19:30;75;40;35
11/03/2019;19:45;71;30;41
11/03/2019;20:00;75;38;37
11/03/2019;20:15;47;21;26
11/03/2019;20:30;39;23;16
11/03/2019;20:45;51;25;26
11/03/2019;21:00;35;11;24
11/03/2019;21:15;48;23;25
11/03/2019;21:30;37;10;27
11/03/2019;21:45;37;16;21
11/03/2019;22:00;27;13;14
11/03/2019;22:15;30;8;22
11/03/2019;22:30;28;15;13
11/03/2019;22:45;22;10;12
11/03/2019;23:00;18;2;16
11/03/2019;23:15;19;3;16
11/03/2019;23:30;6;3;3
11/03/2019;23:45;11;7;4
12/03/2019;00:00;12;3;9
12/03/2019;00:15;3;2;1
12/03/2019;00:30;4;1;3
12/03/2019;00:45;6;4;2
12/03/2019;01:00;2;0;2
12/03/2019;01:15;0;0;0
12/03/2019;01:30;1;1;0
12/03/2019;01:45;0;0;0
12/03/2019;02:00;0;0;0
12/03/2019;02:15;1;0;1
12/03/2019;02:30;1;1;0
12/03/2019;02:45;0;0;0
12/03/2019;03:00;3;1;2
12/03/2019;03:15;1;0;1
12/03/2019;03:30;0;0;0
12/03/2019;03:45;4;1;3
12/03/2019;04:00;2;1;1
12/03/2019;04:15;2;0;2
12/03/2019;04:30;7;7;0
12/03/2019;04:45;3;3;0
12/03/2019;05:00;1;1;0
12/03/2019;05:15;1;0;1
12/03/2019;05:30;10;5;5
12/03/2019;05:45;13;11;2
12/03/2019;06:00;19;13;6
12/03/2019;06:15;23;13;10
12/03/2019;06:30;33;17;16
12/03/2019;06:45;56;42;14
12/03/2019;07:00;55;32;23
12/03/2019;07:15;176;122;54
12/03/2019;07:30;310;209;101
12/03/2019;07:45;170;85;85
12/03/2019;08:00;126;63;63
12/03/2019;08:15;180;101;79
12/03/2019;08:30;140;74;66
12/03/2019;08:45;144;81;63
12/03/2019;09:00;127;77;50
12/03/2019;09:15;117;76;41
12/03/2019;09:30;103;57;46
12/03/2019;09:45;95;60;35
12/03/2019;10:00;64;39;25
12/03/2019;10:15;74;33;41
12/03/2019;10:30;88;41;47
12/03/2019;10:45;72;40;32
12/03/2019;11:00;92;43;49
12/03/2019;11:15;99;53;46
12/03/2019;11:30;86;40;46
12/03/2019;11:45;89;34;55
12/03/2019;12:00;97;41;56
12/03/2019;12:15;107;44;63
12/03/2019;12:30;120;52;68
12/03/2019;12:45;142;66;76
12/03/2019;13:00;235;53;182
12/03/2019;13:15;156;63;93
12/03/2019;13:30;114;53;61
12/03/2019;13:45;123;68;55
12/03/2019;14:00;107;44;63
12/03/2019;14:15;92;41;51
12/03/2019;14:30;120;64;56
12/03/2019;14:45;104;55;49
12/03/2019;15:00;120;62;58
12/03/2019;15:15;132;65;67
12/03/2019;15:30;272;139;133
12/03/2019;15:45;169;81;88
12/03/2019;16:00;131;69;62
12/03/2019;16:15;148;71;77
12/03/2019;16:30;159;72;87
12/03/2019;16:45;177;80;97
12/03/2019;17:00;174;77;97
12/03/2019;17:15;202;93;109
12/03/2019;17:30;173;90;83
12/03/2019;17:45;191;89;102
12/03/2019;18:00;159;58;101
12/03/2019;18:15;133;50;83
12/03/2019;18:30;156;84;72
12/03/2019;18:45;167;83;84
12/03/2019;19:00;100;49;51
12/03/2019;19:15;151;85;66
12/03/2019;19:30;112;51;61
12/03/2019;19:45;107;53;54
12/03/2019;20:00;84;40;44
12/03/2019;20:15;67;24;43
12/03/2019;20:30;48;24;24
12/03/2019;20:45;38;19;19
12/03/2019;21:00;41;16;25
12/03/2019;21:15;43;18;25
12/03/2019;21:30;55;22;33
12/03/2019;21:45;54;18;36
12/03/2019;22:00;56;11;45
12/03/2019;22:15;56;13;43
12/03/2019;22:30;30;13;17
12/03/2019;22:45;29;8;21
12/03/2019;23:00;33;12;21
12/03/2019;23:15;35;14;21
12/03/2019;23:30;17;8;9
12/03/2019;23:45;13;2;11
13/03/2019;00:00;10;1;9
13/03/2019;00:15;11;3;8
13/03/2019;00:30;7;4;3
13/03/2019;00:45;3;1;2
13/03/2019;01:00;4;3;1
13/03/2019;01:15;6;4;2
13/03/2019;01:30;0;0;0
13/03/2019;01:45;6;1;5
13/03/2019;02:00;0;0;0
13/03/2019;02:15;1;0;1
13/03/2019;02:30;1;1;0
13/03/2019;02:45;1;1;0
13/03/2019;03:00;4;4;0
13/03/2019;03:15;1;1;0
13/03/2019;03:30;0;0;0
13/03/2019;03:45;0;0;0
13/03/2019;04:00;0;0;0
13/03/2019;04:15;2;2;0
13/03/2019;04:30;2;1;1
13/03/2019;04:45;0;0;0
13/03/2019;05:00;2;1;1
13/03/2019;05:15;1;0;1
13/03/2019;05:30;11;5;6
13/03/2019;05:45;16;12;4
13/03/2019;06:00;11;7;4
13/03/2019;06:15;25;16;9
13/03/2019;06:30;18;8;10
13/03/2019;06:45;52;36;16
13/03/2019;07:00;62;31;31
13/03/2019;07:15;186;119;67
13/03/2019;07:30;352;220;132
13/03/2019;07:45;176;89;87
13/03/2019;08:00;128;67;61
13/03/2019;08:15;151;97;54
13/03/2019;08:30;116;66;50
13/03/2019;08:45;162;103;59
13/03/2019;09:00;117;76;41
13/03/2019;09:15;104;68;36
13/03/2019;09:30;83;55;28
13/03/2019;09:45;77;44;33
13/03/2019;10:00;67;32;35
13/03/2019;10:15;64;42;22
13/03/2019;10:30;55;37;18
13/03/2019;10:45;65;31;34
13/03/2019;11:00;88;38;50
13/03/2019;11:15;78;43;35
13/03/2019;11:30;76;42;34
13/03/2019;11:45;70;36;34
13/03/2019;12:00;83;43;40
13/03/2019;12:15;106;42;64
13/03/2019;12:30;132;88;44
13/03/2019;12:45;112;47;65
13/03/2019;13:00;257;45;212
13/03/2019;13:15;111;44;67
13/03/2019;13:30;88;36;52
13/03/2019;13:45;156;85;71
13/03/2019;14:00;102;50;52
13/03/2019;14:15;109;37;72
13/03/2019;14:30;110;57;53
13/03/2019;14:45;97;41;56
13/03/2019;15:00;131;72;59
13/03/2019;15:15;106;52;54
13/03/2019;15:30;201;79;122
13/03/2019;15:45;149;68;81
13/03/2019;16:00;132;53;79
13/03/2019;16:15;139;82;57
13/03/2019;16:30;123;64;59
13/03/2019;16:45;133;68;65
13/03/2019;17:00;151;65;86
13/03/2019;17:15;128;67;61
13/03/2019;17:30;170;83;87
13/03/2019;17:45;181;72;109
13/03/2019;18:00;153;62;91
13/03/2019;18:15;133;61;72
13/03/2019;18:30;105;54;51
13/03/2019;18:45;130;63;67
13/03/2019;19:00;115;50;65
13/03/2019;19:15;98;60;38
13/03/2019;19:30;72;34;38
13/03/2019;19:45;90;44;46
13/03/2019;20:00;111;51;60
13/03/2019;20:15;105;65;40
13/03/2019;20:30;61;27;34
13/03/2019;20:45;63;29;34
13/03/2019;21:00;52;17;35
13/03/2019;21:15;40;20;20
13/03/2019;21:30;34;17;17
13/03/2019;21:45;45;21;24
13/03/2019;22:00;44;16;28
13/03/2019;22:15;37;12;25
13/03/2019;22:30;24;8;16
13/03/2019;22:45;36;14;22
13/03/2019;23:00;80;30;50
13/03/2019;23:15;33;9;24
13/03/2019;23:30;12;7;5
13/03/2019;23:45;22;3;19
14/03/2019;00:00;12;7;5
14/03/2019;00:15;12;3;9
14/03/2019;00:30;12;3;9
14/03/2019;00:45;14;2;12
14/03/2019;01:00;3;0;3
14/03/2019;01:15;2;0;2
14/03/2019;01:30;3;1;2
14/03/2019;01:45;3;1;2
14/03/2019;02:00;3;1;2
14/03/2019;02:15;3;0;3
14/03/2019;02:30;2;1;1
14/03/2019;02:45;0;0;0
14/03/2019;03:00;1;0;1
14/03/2019;03:15;2;0;2
14/03/2019;03:30;3;3;0
14/03/2019;03:45;1;0;1
14/03/2019;04:00;2;2;0
14/03/2019;04:15;0;0;0
14/03/2019;04:30;1;1;0
14/03/2019;04:45;1;0;1
14/03/2019;05:00;3;2;1
14/03/2019;05:15;5;3;2
14/03/2019;05:30;11;7;4
14/03/2019;05:45;9;6;3
14/03/2019;06:00;11;8;3
14/03/2019;06:15;20;14;6
14/03/2019;06:30;34;16;18
14/03/2019;06:45;47;29;18
14/03/2019;07:00;45;22;23
14/03/2019;07:15;169;118;51
14/03/2019;07:30;291;179;112
14/03/2019;07:45;180;101;79
14/03/2019;08:00;118;66;52
14/03/2019;08:15;128;67;61
14/03/2019;08:30;123;75;48
14/03/2019;08:45;139;86;53
14/03/2019;09:00;91;50;41
14/03/2019;09:15;101;60;41
14/03/2019;09:30;79;48;31
14/03/2019;09:45;71;43;28
14/03/2019;10:00;66;33;33
14/03/2019;10:15;49;31;18
14/03/2019;10:30;51;27;24
14/03/2019;10:45;72;40;32
14/03/2019;11:00;79;29;50
14/03/2019;11:15;67;36;31
14/03/2019;11:30;62;28;34
14/03/2019;11:45;61;26;35
14/03/2019;12:00;76;37;39
14/03/2019;12:15;84;35;49
14/03/2019;12:30;96;45;51
14/03/2019;12:45;98;42;56
14/03/2019;13:00;175;43;132
14/03/2019;13:15;122;41;81
14/03/2019;13:30;67;30;37
14/03/2019;13:45;81;41;40
14/03/2019;14:00;81;36;45
14/03/2019;14:15;57;29;28
14/03/2019;14:30;58;21;37
14/03/2019;14:45;61;32;29
14/03/2019;15:00;97;54;43
14/03/2019;15:15;74;46;28
14/03/2019;15:30;161;49;112
14/03/2019;15:45;98;42;56
14/03/2019;16:00;72;34;38
14/03/2019;16:15;81;37;44
14/03/2019;16:30;87;43;44
14/03/2019;16:45;75;33;42
14/03/2019;17:00;94;47;47
14/03/2019;17:15;137;43;94
14/03/2019;17:30;98;33;65
14/03/2019;17:45;116;72;44
14/03/2019;18:00;93;41;52
14/03/2019;18:15;102;46;56
14/03/2019;18:30;78;30;48
14/03/2019;18:45;85;43;42
14/03/2019;19:00;61;26;35
14/03/2019;19:15;61;33;28
14/03/2019;19:30;45;20;25
14/03/2019;19:45;57;26;31
14/03/2019;20:00;51;25;26
14/03/2019;20:15;42;17;25
14/03/2019;20:30;32;14;18
14/03/2019;20:45;24;8;16
14/03/2019;21:00;28;13;15
14/03/2019;21:15;18;8;10
14/03/2019;21:30;26;18;8
14/03/2019;21:45;31;13;18
14/03/2019;22:00;34;10;24
14/03/2019;22:15;28;7;21
14/03/2019;22:30;26;9;17
14/03/2019;22:45;24;13;11
14/03/2019;23:00;15;4;11
14/03/2019;23:15;23;11;12
14/03/2019;23:30;9;5;4
14/03/2019;23:45;3;0;3
15/03/2019;00:00;9;3;6
15/03/2019;00:15;6;4;2
15/03/2019;00:30;5;2;3
15/03/2019;00:45;5;0;5
15/03/2019;01:00;1;0;1
15/03/2019;01:15;3;0;3
15/03/2019;01:30;2;1;1
15/03/2019;01:45;4;3;1
15/03/2019;02:00;3;3;0
15/03/2019;02:15;2;0;2
15/03/2019;02:30;3;1;2
15/03/2019;02:45;1;1;0
15/03/2019;03:00;1;1;0
15/03/2019;03:15;2;0;2
15/03/2019;03:30;0;0;0
15/03/2019;03:45;2;1;1
15/03/2019;04:00;1;0;1
15/03/2019;04:15;0;0;0
15/03/2019;04:30;2;1;1
15/03/2019;04:45;0;0;0
15/03/2019;05:00;0;0;0
15/03/2019;05:15;1;1;0
15/03/2019;05:30;10;8;2
15/03/2019;05:45;19;14;5
15/03/2019;06:00;15;11;4
15/03/2019;06:15;22;15;7
15/03/2019;06:30;27;13;14
15/03/2019;06:45;45;24;21
15/03/2019;07:00;39;19;20
15/03/2019;07:15;105;70;35
15/03/2019;07:30;274;179;95
15/03/2019;07:45;135;79;56
15/03/2019;08:00;95;64;31
15/03/2019;08:15;92;53;39
15/03/2019;08:30;100;53;47
15/03/2019;08:45;102;60;42
15/03/2019;09:00;89;44;45
15/03/2019;09:15;71;48;23
15/03/2019;09:30;58;35;23
15/03/2019;09:45;71;43;28
15/03/2019;10:00;41;26;15
15/03/2019;10:15;60;20;40
15/03/2019;10:30;43;27;16
15/03/2019;10:45;52;32;20
15/03/2019;11:00;55;27;28
15/03/2019;11:15;70;27;43
15/03/2019;11:30;46;28;18
15/03/2019;11:45;49;25;24
15/03/2019;12:00;54;19;35
15/03/2019;12:15;91;42;49
15/03/2019;12:30;106;50;56
15/03/2019;12:45;98;35;63
15/03/2019;13:00;214;52;162
15/03/2019;13:15;103;35;68
15/03/2019;13:30;88;32;56
15/03/2019;13:45;105;48;57
15/03/2019;14:00;64;27;37
15/03/2019;14:15;92;41;51
15/03/2019;14:30;67;36;31
15/03/2019;14:45;86;42;44
15/03/2019;15:00;100;58;42
15/03/2019;15:15;66;25;41
15/03/2019;15:30;93;41;52
15/03/2019;15:45;94;32;62
15/03/2019;16:00;72;25;47
15/03/2019;16:15;88;46;42
15/03/2019;16:30;82;31;51
15/03/2019;16:45;90;33;57
15/03/2019;17:00;87;40;47
15/03/2019;17:15;105;50;55
15/03/2019;17:30;84;45;39
15/03/2019;17:45;88;41;47
15/03/2019;18:00;56;27;29
15/03/2019;18:15;74;38;36
15/03/2019;18:30;84;43;41
15/03/2019;18:45;65;31;34
15/03/2019;19:00;73;33;40
15/03/2019;19:15;69;35;34
15/03/2019;19:30;62;31;31
15/03/2019;19:45;44;22;22
15/03/2019;20:00;56;33;23
15/03/2019;20:15;53;29;24
15/03/2019;20:30;48;21;27
15/03/2019;20:45;32;19;13
15/03/2019;21:00;46;28;18
15/03/2019;21:15;37;18;19
15/03/2019;21:30;36;7;29
15/03/2019;21:45;31;17;14
15/03/2019;22:00;37;20;17
15/03/2019;22:15;35;11;24
15/03/2019;22:30;22;7;15
15/03/2019;22:45;25;4;21
15/03/2019;23:00;27;9;18
15/03/2019;23:15;20;10;10
15/03/2019;23:30;24;8;16
15/03/2019;23:45;24;4;20
16/03/2019;00:00;23;7;16
16/03/2019;00:15;21;10;11
16/03/2019;00:30;9;2;7
16/03/2019;00:45;10;2;8
16/03/2019;01:00;9;3;6
16/03/2019;01:15;20;7;13
16/03/2019;01:30;13;2;11
16/03/2019;01:45;14;3;11
16/03/2019;02:00;8;4;4
16/03/2019;02:15;10;2;8
16/03/2019;02:30;18;7;11
16/03/2019;02:45;16;6;10
16/03/2019;03:00;3;1;2
16/03/2019;03:15;3;1;2
16/03/2019;03:30;2;0;2
16/03/2019;03:45;8;6;2
16/03/2019;04:00;5;3;2
16/03/2019;04:15;7;3;4
16/03/2019;04:30;5;1;4
16/03/2019;04:45;8;5;3
16/03/2019;05:00;3;2;1
16/03/2019;05:15;4;4;0
16/03/2019;05:30;2;1;1
16/03/2019;05:45;6;4;2
16/03/2019;06:00;6;6;0
16/03/2019;06:15;2;2;0
16/03/2019;06:30;5;1;4
16/03/2019;06:45;13;6;7
16/03/2019;07:00;11;5;6
16/03/2019;07:15;13;10;3
16/03/2019;07:30;14;6;8
16/03/2019;07:45;19;11;8
16/03/2019;08:00;18;13;5
16/03/2019;08:15;43;24;19
16/03/2019;08:30;41;20;21
16/03/2019;08:45;40;24;16
16/03/2019;09:00;49;28;21
16/03/2019;09:15;68;38;30
16/03/2019;09:30;73;35;38
16/03/2019;09:45;79;46;33
16/03/2019;10:00;81;39;42
16/03/2019;10:15;67;45;22
16/03/2019;10:30;79;43;36
16/03/2019;10:45;97;55;42
16/03/2019;11:00;90;57;33
16/03/2019;11:15;85;52;33
16/03/2019;11:30;107;51;56
16/03/2019;11:45;116;61;55
16/03/2019;12:00;110;58;52
16/03/2019;12:15;101;56;45
16/03/2019;12:30;122;78;44
16/03/2019;12:45;118;64;54
16/03/2019;13:00;79;48;31
16/03/2019;13:15;90;51;39
16/03/2019;13:30;101;58;43
16/03/2019;13:45;115;52;63
16/03/2019;14:00;112;50;62
16/03/2019;14:15;102;33;69
16/03/2019;14:30;94;52;42
16/03/2019;14:45;103;53;50
16/03/2019;15:00;86;45;41
16/03/2019;15:15;131;57;74
16/03/2019;15:30;110;62;48
16/03/2019;15:45;100;44;56
16/03/2019;16:00;125;59;66
16/03/2019;16:15;128;57;71
16/03/2019;16:30;118;66;52
16/03/2019;16:45;115;59;56
16/03/2019;17:00;126;65;61
16/03/2019;17:15;96;38;58
16/03/2019;17:30;117;70;47
16/03/2019;17:45;113;57;56
16/03/2019;18:00;124;50;74
16/03/2019;18:15;92;41;51
16/03/2019;18:30;91;45;46
16/03/2019;18:45;94;43;51
16/03/2019;19:00;65;30;35
16/03/2019;19:15;69;40;29
16/03/2019;19:30;51;31;20
16/03/2019;19:45;78;44;34
16/03/2019;20:00;59;25;34
16/03/2019;20:15;60;32;28
16/03/2019;20:30;51;22;29
16/03/2019;20:45;39;18;21
16/03/2019;21:00;37;19;18
16/03/2019;21:15;52;28;24
16/03/2019;21:30;51;25;26
16/03/2019;21:45;18;10;8
16/03/2019;22:00;25;10;15
16/03/2019;22:15;31;16;15
16/03/2019;22:30;58;21;37
16/03/2019;22:45;31;7;24
16/03/2019;23:00;26;5;21
16/03/2019;23:15;25;4;21
16/03/2019;23:30;34;11;23
16/03/2019;23:45;16;8;8
17/03/2019;00:00;26;1;25
17/03/2019;00:15;26;14;12
17/03/2019;00:30;28;4;24
17/03/2019;00:45;17;6;11
17/03/2019;01:00;16;5;11
17/03/2019;01:15;29;6;23
17/03/2019;01:30;19;12;7
17/03/2019;01:45;15;7;8
17/03/2019;02:00;4;3;1
17/03/2019;02:15;9;2;7
17/03/2019;02:30;12;4;8
17/03/2019;02:45;18;9;9
17/03/2019;03:00;5;1;4
17/03/2019;03:15;12;7;5
17/03/2019;03:30;8;4;4
17/03/2019;03:45;2;2;0
17/03/2019;04:00;6;1;5
17/03/2019;04:15;1;0;1
17/03/2019;04:30;10;5;5
17/03/2019;04:45;4;1;3
17/03/2019;05:00;3;1;2
17/03/2019;05:15;10;9;1
17/03/2019;05:30;1;0;1
17/03/2019;05:45;7;4;3
17/03/2019;06:00;11;6;5
17/03/2019;06:15;3;2;1
17/03/2019;06:30;1;0;1
17/03/2019;06:45;6;4;2
17/03/2019;07:00;3;2;1
17/03/2019;07:15;7;3;4
17/03/2019;07:30;12;3;9
17/03/2019;07:45;3;2;1
17/03/2019;08:00;9;2;7
17/03/2019;08:15;16;9;7
17/03/2019;08:30;13;5;8
17/03/2019;08:45;30;12;18
17/03/2019;09:00;18;11;7
17/03/2019;09:15;37;25;12
17/03/2019;09:30;36;20;16
17/03/2019;09:45;75;38;37
17/03/2019;10:00;45;24;21
17/03/2019;10:15;54;29;25
17/03/2019;10:30;63;28;35
17/03/2019;10:45;58;25;33
17/03/2019;11:00;85;31;54
17/03/2019;11:15;55;33;22
17/03/2019;11:30;59;29;30
17/03/2019;11:45;91;41;50
17/03/2019;12:00;72;28;44
17/03/2019;12:15;64;29;35
17/03/2019;12:30;46;26;20
17/03/2019;12:45;77;38;39
17/03/2019;13:00;66;25;41
17/03/2019;13:15;56;23;33
17/03/2019;13:30;68;35;33
17/03/2019;13:45;58;32;26
17/03/2019;14:00;75;38;37
17/03/2019;14:15;66;29;37
17/03/2019;14:30;68;36;32
17/03/2019;14:45;68;35;33
17/03/2019;15:00;55;28;27
17/03/2019;15:15;74;29;45
17/03/2019;15:30;75;41;34
17/03/2019;15:45;62;35;27
17/03/2019;16:00;58;27;31
17/03/2019;16:15;54;22;32
17/03/2019;16:30;59;33;26
17/03/2019;16:45;57;31;26
17/03/2019;17:00;51;25;26
17/03/2019;17:15;57;31;26
17/03/2019;17:30;36;20;16
17/03/2019;17:45;36;15;21
17/03/2019;18:00;45;21;24
17/03/2019;18:15;37;21;16
17/03/2019;18:30;26;11;15
17/03/2019;18:45;51;33;18
17/03/2019;19:00;24;9;15
17/03/2019;19:15;38;24;14
17/03/2019;19:30;31;17;14
17/03/2019;19:45;23;16;7
17/03/2019;20:00;38;13;25
17/03/2019;20:15;24;10;14
17/03/2019;20:30;17;5;12
17/03/2019;20:45;18;10;8
17/03/2019;21:00;12;4;8
17/03/2019;21:15;7;2;5
17/03/2019;21:30;21;11;10
17/03/2019;21:45;23;9;14
17/03/2019;22:00;25;10;15
17/03/2019;22:15;17;7;10
17/03/2019;22:30;11;4;7
17/03/2019;22:45;21;9;12
17/03/2019;23:00;13;5;8
17/03/2019;23:15;5;2;3
17/03/2019;23:30;5;1;4
17/03/2019;23:45;7;3;4
18/03/2019;00:00;9;5;4
18/03/2019;00:15;1;1;0
18/03/2019;00:30;3;1;2
18/03/2019;00:45;2;1;1
18/03/2019;01:00;1;0;1
18/03/2019;01:15;0;0;0
18/03/2019;01:30;4;0;4
18/03/2019;01:45;2;1;1
18/03/2019;02:00;4;2;2
18/03/2019;02:15;0;0;0
18/03/2019;02:30;0;0;0
18/03/2019;02:45;1;1;0
18/03/2019;03:00;0;0;0
18/03/2019;03:15;0;0;0
18/03/2019;03:30;0;0;0
18/03/2019;03:45;2;1;1
18/03/2019;04:00;2;2;0
18/03/2019;04:15;0;0;0
18/03/2019;04:30;3;2;1
18/03/2019;04:45;1;0;1
18/03/2019;05:00;3;2;1
18/03/2019;05:15;3;3;0
18/03/2019;05:30;14;6;8
18/03/2019;05:45;20;14;6
18/03/2019;06:00;16;11;5
18/03/2019;06:15;19;11;8
18/03/2019;06:30;35;25;10
18/03/2019;06:45;58;36;22
18/03/2019;07:00;61;36;25
18/03/2019;07:15;130;88;42
18/03/2019;07:30;295;184;111
18/03/2019;07:45;213;134;79
18/03/2019;08:00;156;82;74
18/03/2019;08:15;134;68;66
18/03/2019;08:30;155;99;56
18/03/2019;08:45;149;104;45
18/03/2019;09:00;109;63;46
18/03/2019;09:15;147;96;51
18/03/2019;09:30;150;109;41
18/03/2019;09:45;81;46;35
18/03/2019;10:00;78;42;36
18/03/2019;10:15;67;41;26
18/03/2019;10:30;76;43;33
18/03/2019;10:45;70;43;27
18/03/2019;11:00;108;58;50
18/03/2019;11:15;142;83;59
18/03/2019;11:30;86;36;50
18/03/2019;11:45;88;44;44
18/03/2019;12:00;97;37;60
18/03/2019;12:15;110;55;55
18/03/2019;12:30;105;36;69
18/03/2019;12:45;124;48;76
18/03/2019;13:00;220;46;174
18/03/2019;13:15;148;54;94
18/03/2019;13:30;126;48;78
18/03/2019;13:45;179;110;69
18/03/2019;14:00;106;35;71
18/03/2019;14:15;96;39;57
18/03/2019;14:30;126;75;51
18/03/2019;14:45;144;59;85
18/03/2019;15:00;122;58;64
18/03/2019;15:15;119;46;73
18/03/2019;15:30;262;141;121
18/03/2019;15:45;154;74;80
18/03/2019;16:00;140;66;74
18/03/2019;16:15;146;72;74
18/03/2019;16:30;154;74;80
18/03/2019;16:45;137;61;76
18/03/2019;17:00;165;78;87
18/03/2019;17:15;210;80;130
18/03/2019;17:30;152;61;91
18/03/2019;17:45;167;83;84
18/03/2019;18:00;183;65;118
18/03/2019;18:15;151;75;76
18/03/2019;18:30;112;54;58
18/03/2019;18:45;141;60;81
18/03/2019;19:00;152;71;81
18/03/2019;19:15;106;55;51
18/03/2019;19:30;98;42;56
18/03/2019;19:45;95;46;49
18/03/2019;20:00;70;23;47
18/03/2019;20:15;64;30;34
18/03/2019;20:30;73;39;34
18/03/2019;20:45;41;21;20
18/03/2019;21:00;43;19;24
18/03/2019;21:15;42;15;27
18/03/2019;21:30;36;13;23
18/03/2019;21:45;34;14;20
18/03/2019;22:00;32;8;24
18/03/2019;22:15;28;11;17
18/03/2019;22:30;40;12;28
18/03/2019;22:45;32;9;23
18/03/2019;23:00;20;9;11
18/03/2019;23:15;23;6;17
18/03/2019;23:30;18;7;11
18/03/2019;23:45;22;7;15
19/03/2019;00:00;12;3;9
19/03/2019;00:15;12;7;5
19/03/2019;00:30;5;0;5
19/03/2019;00:45;7;0;7
19/03/2019;01:00;8;3;5
19/03/2019;01:15;5;1;4
19/03/2019;01:30;5;2;3
19/03/2019;01:45;5;2;3
19/03/2019;02:00;8;6;2
19/03/2019;02:15;2;0;2
19/03/2019;02:30;3;2;1
19/03/2019;02:45;0;0;0
19/03/2019;03:00;0;0;0
19/03/2019;03:15;1;0;1
19/03/2019;03:30;1;1;0
19/03/2019;03:45;3;3;0
19/03/2019;04:00;5;5;0
19/03/2019;04:15;1;1;0
19/03/2019;04:30;4;3;1
19/03/2019;04:45;1;0;1
19/03/2019;05:00;5;5;0
19/03/2019;05:15;0;0;0
19/03/2019;05:30;10;6;4
19/03/2019;05:45;16;11;5
19/03/2019;06:00;25;16;9
19/03/2019;06:15;25;18;7
19/03/2019;06:30;43;29;14
19/03/2019;06:45;55;41;14
19/03/2019;07:00;60;29;31
19/03/2019;07:15;165;113;52
19/03/2019;07:30;346;235;111
19/03/2019;07:45;333;252;81
19/03/2019;08:00;170;95;75
19/03/2019;08:15;161;71;90
19/03/2019;08:30;156;79;77
19/03/2019;08:45;149;92;57
19/03/2019;09:00;126;77;49
19/03/2019;09:15;176;114;62
19/03/2019;09:30;192;133;59
19/03/2019;09:45;108;60;48
19/03/2019;10:00;84;46;38
19/03/2019;10:15;86;42;44
19/03/2019;10:30;58;31;27
19/03/2019;10:45;88;43;45
19/03/2019;11:00;129;60;69
19/03/2019;11:15;167;91;76
19/03/2019;11:30;114;51;63
19/03/2019;11:45;104;53;51
19/03/2019;12:00;110;42;68
19/03/2019;12:15;129;41;88
19/03/2019;12:30;119;49;70
19/03/2019;12:45;149;63;86
19/03/2019;13:00;268;60;208
19/03/2019;13:15;143;54;89
19/03/2019;13:30;143;74;69
19/03/2019;13:45;201;128;73
19/03/2019;14:00;123;53;70
19/03/2019;14:15;116;70;46
19/03/2019;14:30;114;61;53
19/03/2019;14:45;125;56;69
19/03/2019;15:00;116;56;60
19/03/2019;15:15;135;70;65
19/03/2019;15:30;300;131;169
19/03/2019;15:45;234;107;127
19/03/2019;16:00;139;73;66
19/03/2019;16:15;187;70;117
19/03/2019;16:30;155;59;96
19/03/2019;16:45;157;68;89
19/03/2019;17:00;198;82;116
19/03/2019;17:15;288;106;182
19/03/2019;17:30;192;106;86
19/03/2019;17:45;209;89;120
19/03/2019;18:00;156;64;92
19/03/2019;18:15;158;68;90
19/03/2019;18:30;145;71;74
19/03/2019;18:45;166;75;91
19/03/2019;19:00;148;63;85
19/03/2019;19:15;152;78;74
19/03/2019;19:30;118;58;60
19/03/2019;19:45;129;56;73
19/03/2019;20:00;91;36;55
19/03/2019;20:15;69;24;45
19/03/2019;20:30;64;32;32
19/03/2019;20:45;55;29;26
19/03/2019;21:00;49;15;34
19/03/2019;21:15;67;18;49
19/03/2019;21:30;37;15;22
19/03/2019;21:45;70;18;52
19/03/2019;22:00;77;19;58
19/03/2019;22:15;69;30;39
19/03/2019;22:30;61;24;37
19/03/2019;22:45;33;10;23
19/03/2019;23:00;33;9;24
19/03/2019;23:15;21;9;12
19/03/2019;23:30;11;3;8
19/03/2019;23:45;11;4;7
20/03/2019;00:00;16;4;12
20/03/2019;00:15;12;7;5
20/03/2019;00:30;9;4;5
20/03/2019;00:45;6;0;6
20/03/2019;01:00;7;1;6
20/03/2019;01:15;9;4;5
20/03/2019;01:30;10;1;9
20/03/2019;01:45;7;3;4
20/03/2019;02:00;2;1;1
20/03/2019;02:15;1;0;1
20/03/2019;02:30;0;0;0
20/03/2019;02:45;1;0;1
20/03/2019;03:00;2;0;2
20/03/2019;03:15;2;0;2
20/03/2019;03:30;1;1;0
20/03/2019;03:45;0;0;0
20/03/2019;04:00;3;2;1
20/03/2019;04:15;1;0;1
20/03/2019;04:30;1;1;0
20/03/2019;04:45;3;2;1
20/03/2019;05:00;2;2;0
20/03/2019;05:15;4;2;2
20/03/2019;05:30;9;6;3
20/03/2019;05:45;22;12;10
20/03/2019;06:00;20;16;4
20/03/2019;06:15;23;13;10
20/03/2019;06:30;40;23;17
20/03/2019;06:45;65;42;23
20/03/2019;07:00;68;34;34
20/03/2019;07:15;209;130;79
20/03/2019;07:30;401;262;139
20/03/2019;07:45;406;310;96
20/03/2019;08:00;175;113;62
20/03/2019;08:15;132;61;71
20/03/2019;08:30;154;103;51
20/03/2019;08:45;160;123;37
20/03/2019;09:00;119;78;41
20/03/2019;09:15;146;105;41
20/03/2019;09:30;181;124;57
20/03/2019;09:45;104;56;48
20/03/2019;10:00;66;31;35
20/03/2019;10:15;86;41;45
20/03/2019;10:30;87;38;49
20/03/2019;10:45;87;41;46
20/03/2019;11:00;108;40;68
20/03/2019;11:15;161;49;112
20/03/2019;11:30;119;42;77
20/03/2019;11:45;112;52;60
20/03/2019;12:00;111;49;62
20/03/2019;12:15;141;56;85
20/03/2019;12:30;152;61;91
20/03/2019;12:45;148;66;82
20/03/2019;13:00;314;105;209
20/03/2019;13:15;151;75;76
20/03/2019;13:30;171;96;75
20/03/2019;13:45;239;173;66
20/03/2019;14:00;134;63;71
20/03/2019;14:15;122;60;62
20/03/2019;14:30;142;53;89
20/03/2019;14:45;137;68;69
20/03/2019;15:00;127;71;56
20/03/2019;15:15;145;74;71
20/03/2019;15:30;233;91;142
20/03/2019;15:45;178;77;101
20/03/2019;16:00;130;53;77
20/03/2019;16:15;170;77;93
20/03/2019;16:30;159;66;93
20/03/2019;16:45;198;88;110
20/03/2019;17:00;217;90;127
20/03/2019;17:15;277;112;165
20/03/2019;17:30;224;91;133
20/03/2019;17:45;222;90;132
20/03/2019;18:00;199;100;99
20/03/2019;18:15;178;90;88
20/03/2019;18:30;158;60;98
20/03/2019;18:45;171;84;87
20/03/2019;19:00;142;60;82
20/03/2019;19:15;137;64;73
20/03/2019;19:30;101;48;53
20/03/2019;19:45;134;61;73
20/03/2019;20:00;109;49;60
20/03/2019;20:15;84;37;47
20/03/2019;20:30;74;29;45
20/03/2019;20:45;53;17;36
20/03/2019;21:00;51;20;31
20/03/2019;21:15;67;35;32
20/03/2019;21:30;69;30;39
20/03/2019;21:45;58;26;32
20/03/2019;22:00;60;25;35
20/03/2019;22:15;52;23;29
20/03/2019;22:30;34;16;18
20/03/2019;22:45;43;11;32
20/03/2019;23:00;38;13;25
20/03/2019;23:15;24;6;18
20/03/2019;23:30;23;10;13
20/03/2019;23:45;16;13;3
21/03/2019;00:00;22;8;14
21/03/2019;00:15;14;3;11
21/03/2019;00:30;16;2;14
21/03/2019;00:45;7;4;3
21/03/2019;01:00;8;1;7
21/03/2019;01:15;11;2;9
21/03/2019;01:30;7;1;6
21/03/2019;01:45;5;2;3
21/03/2019;02:00;5;3;2
21/03/2019;02:15;5;1;4
21/03/2019;02:30;3;2;1
21/03/2019;02:45;3;3;0
21/03/2019;03:00;3;0;3
21/03/2019;03:15;7;7;0
21/03/2019;03:30;0;0;0
21/03/2019;03:45;0;0;0
21/03/2019;04:00;2;2;0
21/03/2019;04:15;0;0;0
21/03/2019;04:30;1;1;0
21/03/2019;04:45;1;1;0
21/03/2019;05:00;6;1;5
21/03/2019;05:15;3;3;0
21/03/2019;05:30;6;5;1
21/03/2019;05:45;28;18;10
21/03/2019;06:00;14;8;6
21/03/2019;06:15;23;15;8
21/03/2019;06:30;39;21;18
21/03/2019;06:45;55;37;18
21/03/2019;07:00;85;43;42
21/03/2019;07:15;172;118;54
21/03/2019;07:30;345;217;128
21/03/2019;07:45;342;243;99
21/03/2019;08:00;136;76;60
21/03/2019;08:15;163;92;71
21/03/2019;08:30;151;88;63
21/03/2019;08:45;150;92;58
21/03/2019;09:00;139;74;65
21/03/2019;09:15;148;107;41
21/03/2019;09:30;191;144;47
21/03/2019;09:45;120;77;43
21/03/2019;10:00;70;37;33
21/03/2019;10:15;94;50;44
21/03/2019;10:30;115;60;55
21/03/2019;10:45;71;34;37
21/03/2019;11:00;143;69;74
21/03/2019;11:15;217;120;97
21/03/2019;11:30;108;46;62
21/03/2019;11:45;120;58;62
21/03/2019;12:00;108;49;59
21/03/2019;12:15;140;59;81
21/03/2019;12:30;136;60;76
21/03/2019;12:45;135;63;72
21/03/2019;13:00;279;60;219
21/03/2019;13:15;172;66;106
21/03/2019;13:30;153;73;80
21/03/2019;13:45;221;127;94
21/03/2019;14:00;136;52;84
21/03/2019;14:15;128;71;57
21/03/2019;14:30;143;60;83
21/03/2019;14:45;149;74;75
21/03/2019;15:00;138;58;80
21/03/2019;15:15;180;90;90
21/03/2019;15:30;329;155;174
21/03/2019;15:45;198;113;85
21/03/2019;16:00;161;79;82
21/03/2019;16:15;173;91;82
21/03/2019;16:30;195;81;114
21/03/2019;16:45;194;79;115
21/03/2019;17:00;230;92;138
21/03/2019;17:15;298;104;194
21/03/2019;17:30;203;84;119
21/03/2019;17:45;205;92;113
21/03/2019;18:00;198;84;114
21/03/2019;18:15;214;104;110
21/03/2019;18:30;161;84;77
21/03/2019;18:45;200;89;111
21/03/2019;19:00;116;46;70
21/03/2019;19:15;134;69;65
21/03/2019;19:30;89;44;45
21/03/2019;19:45;128;55;73
21/03/2019;20:00;120;68;52
21/03/2019;20:15;94;45;49
21/03/2019;20:30;59;25;34
21/03/2019;20:45;58;28;30
21/03/2019;21:00;53;23;30
21/03/2019;21:15;62;27;35
21/03/2019;21:30;47;18;29
21/03/2019;21:45;65;19;46
21/03/2019;22:00;79;22;57
21/03/2019;22:15;62;20;42
21/03/2019;22:30;43;16;27
21/03/2019;22:45;47;17;30
21/03/2019;23:00;29;13;16
21/03/2019;23:15;25;9;16
21/03/2019;23:30;15;6;9
21/03/2019;23:45;29;7;22
22/03/2019;00:00;23;5;18
22/03/2019;00:15;12;2;10
22/03/2019;00:30;10;2;8
22/03/2019;00:45;9;2;7
22/03/2019;01:00;12;6;6
22/03/2019;01:15;14;4;10
22/03/2019;01:30;3;1;2
22/03/2019;01:45;3;1;2
22/03/2019;02:00;9;3;6
22/03/2019;02:15;2;2;0
22/03/2019;02:30;4;0;4
22/03/2019;02:45;3;3;0
22/03/2019;03:00;1;1;0
22/03/2019;03:15;2;1;1
22/03/2019;03:30;4;2;2
22/03/2019;03:45;0;0;0
22/03/2019;04:00;2;2;0
22/03/2019;04:15;7;5;2
22/03/2019;04:30;2;2;0
22/03/2019;04:45;2;2;0
22/03/2019;05:00;1;1;0
22/03/2019;05:15;2;2;0
22/03/2019;05:30;14;6;8
22/03/2019;05:45;21;16;5
22/03/2019;06:00;15;9;6
22/03/2019;06:15;27;20;7
22/03/2019;06:30;37;21;16
22/03/2019;06:45;62;35;27
22/03/2019;07:00;62;27;35
22/03/2019;07:15;175;124;51
22/03/2019;07:30;308;196;112
22/03/2019;07:45;254;172;82
22/03/2019;08:00;158;89;69
22/03/2019;08:15;138;77;61
22/03/2019;08:30;126;65;61
22/03/2019;08:45;166;111;55
22/03/2019;09:00;142;81;61
22/03/2019;09:15;151;104;47
22/03/2019;09:30;155;102;53
22/03/2019;09:45;115;66;49
22/03/2019;10:00;104;66;38
22/03/2019;10:15;120;66;54
22/03/2019;10:30;103;49;54
22/03/2019;10:45;111;66;45
22/03/2019;11:00;108;54;54
22/03/2019;11:15;151;65;86
22/03/2019;11:30;118;45;73
22/03/2019;11:45;139;74;65
22/03/2019;12:00;117;46;71
22/03/2019;12:15;170;70;100
22/03/2019;12:30;177;71;106
22/03/2019;12:45;190;80;110
22/03/2019;13:00;335;109;226
22/03/2019;13:15;168;56;112
22/03/2019;13:30;154;61;93
22/03/2019;13:45;186;94;92
22/03/2019;14:00;145;68;77
22/03/2019;14:15;134;51;83
22/03/2019;14:30;108;46;62
22/03/2019;14:45;153;69;84
22/03/2019;15:00;139;77;62
22/03/2019;15:15;135;58;77
22/03/2019;15:30;154;73;81
22/03/2019;15:45;143;62;81
22/03/2019;16:00;125;56;69
22/03/2019;16:15;155;82;73
22/03/2019;16:30;150;74;76
22/03/2019;16:45;181;90;91
22/03/2019;17:00;147;73;74
22/03/2019;17:15;192;71;121
22/03/2019;17:30;175;92;83
22/03/2019;17:45;194;94;100
22/03/2019;18:00;128;58;70
22/03/2019;18:15;163;76;87
22/03/2019;18:30;132;62;70
22/03/2019;18:45;131;61;70
22/03/2019;19:00;152;70;82
22/03/2019;19:15;127;61;66
22/03/2019;19:30;90;48;42
22/03/2019;19:45;95;49;46
22/03/2019;20:00;81;30;51
22/03/2019;20:15;80;45;35
22/03/2019;20:30;51;25;26
22/03/2019;20:45;68;33;35
22/03/2019;21:00;77;35;42
22/03/2019;21:15;48;28;20
22/03/2019;21:30;42;19;23
22/03/2019;21:45;38;14;24
22/03/2019;22:00;38;9;29
22/03/2019;22:15;36;17;19
22/03/2019;22:30;50;20;30
22/03/2019;22:45;51;18;33
22/03/2019;23:00;41;13;28
22/03/2019;23:15;33;5;28
22/03/2019;23:30;37;15;22
22/03/2019;23:45;39;13;26
23/03/2019;00:00;28;9;19
23/03/2019;00:15;18;6;12
23/03/2019;00:30;31;10;21
23/03/2019;00:45;16;5;11
23/03/2019;01:00;27;5;22
23/03/2019;01:15;13;2;11
23/03/2019;01:30;25;11;14
23/03/2019;01:45;15;9;6
23/03/2019;02:00;13;7;6
23/03/2019;02:15;14;7;7
23/03/2019;02:30;12;5;7
23/03/2019;02:45;8;3;5
23/03/2019;03:00;13;5;8
23/03/2019;03:15;5;1;4
23/03/2019;03:30;3;0;3
23/03/2019;03:45;7;3;4
23/03/2019;04:00;4;3;1
23/03/2019;04:15;2;1;1
23/03/2019;04:30;4;2;2
23/03/2019;04:45;4;4;0
23/03/2019;05:00;1;1;0
23/03/2019;05:15;5;2;3
23/03/2019;05:30;8;5;3
23/03/2019;05:45;7;6;1
23/03/2019;06:00;5;3;2
23/03/2019;06:15;5;5;0
23/03/2019;06:30;8;4;4
23/03/2019;06:45;19;11;8
23/03/2019;07:00;12;6;6
23/03/2019;07:15;18;11;7
23/03/2019;07:30;12;8;4
23/03/2019;07:45;25;15;10
23/03/2019;08:00;29;15;14
23/03/2019;08:15;37;26;11
23/03/2019;08:30;47;32;15
23/03/2019;08:45;75;57;18
23/03/2019;09:00;43;23;20
23/03/2019;09:15;78;44;34
23/03/2019;09:30;66;35;31
23/03/2019;09:45;115;76;39
23/03/2019;10:00;75;39;36
23/03/2019;10:15;86;50;36
23/03/2019;10:30;92;59;33
23/03/2019;10:45;137;62;75
23/03/2019;11:00;131;69;62
23/03/2019;11:15;105;54;51
23/03/2019;11:30;129;76;53
23/03/2019;11:45;161;66;95
23/03/2019;12:00;150;78;72
23/03/2019;12:15;127;75;52
23/03/2019;12:30;138;75;63
23/03/2019;12:45;169;86;83
23/03/2019;13:00;114;50;64
23/03/2019;13:15;145;58;87
23/03/2019;13:30;133;71;62
23/03/2019;13:45;145;78;67
23/03/2019;14:00;159;86;73
23/03/2019;14:15;134;65;69
23/03/2019;14:30;146;65;81
23/03/2019;14:45;134;72;62
23/03/2019;15:00;136;76;60
23/03/2019;15:15;132;70;62
23/03/2019;15:30;118;59;59
23/03/2019;15:45;114;72;42
23/03/2019;16:00;115;43;72
23/03/2019;16:15;115;49;66
23/03/2019;16:30;117;62;55
23/03/2019;16:45;145;69;76
23/03/2019;17:00;134;76;58
23/03/2019;17:15;126;48;78
23/03/2019;17:30;134;71;63
23/03/2019;17:45;146;61;85
23/03/2019;18:00;123;54;69
23/03/2019;18:15;135;55;80
23/03/2019;18:30;111;55;56
23/03/2019;18:45;90;45;45
23/03/2019;19:00;112;49;63
23/03/2019;19:15;95;47;48
23/03/2019;19:30;73;32;41
23/03/2019;19:45;78;40;38
23/03/2019;20:00;68;40;28
23/03/2019;20:15;72;44;28
23/03/2019;20:30;45;24;21
23/03/2019;20:45;56;30;26
23/03/2019;21:00;53;17;36
23/03/2019;21:15;45;17;28
23/03/2019;21:30;36;22;14
23/03/2019;21:45;55;31;24
23/03/2019;22:00;40;18;22
23/03/2019;22:15;48;14;34
23/03/2019;22:30;44;18;26
23/03/2019;22:45;40;6;34
23/03/2019;23:00;39;13;26
23/03/2019;23:15;27;12;15
23/03/2019;23:30;27;14;13
23/03/2019;23:45;32;12;20
24/03/2019;00:00;38;17;21
24/03/2019;00:15;24;11;13
24/03/2019;00:30;31;7;24
24/03/2019;00:45;17;6;11
24/03/2019;01:00;20;11;9
24/03/2019;01:15;26;10;16
24/03/2019;01:30;21;5;16
24/03/2019;01:45;12;5;7
24/03/2019;02:00;15;2;13
24/03/2019;02:15;8;2;6
24/03/2019;02:30;15;9;6
24/03/2019;02:45;14;4;10
24/03/2019;03:00;7;0;7
24/03/2019;03:15;6;1;5
24/03/2019;03:30;10;3;7
24/03/2019;03:45;2;2;0
24/03/2019;04:00;7;3;4
24/03/2019;04:15;5;3;2
24/03/2019;04:30;1;0;1
24/03/2019;04:45;4;1;3
24/03/2019;05:00;0;0;0
24/03/2019;05:15;0;0;0
24/03/2019;05:30;1;0;1
24/03/2019;05:45;8;4;4
24/03/2019;06:00;6;5;1
24/03/2019;06:15;3;3;0
24/03/2019;06:30;5;3;2
24/03/2019;06:45;1;0;1
24/03/2019;07:00;8;4;4
24/03/2019;07:15;11;3;8
24/03/2019;07:30;7;4;3
24/03/2019;07:45;12;7;5
24/03/2019;08:00;9;3;6
24/03/2019;08:15;12;8;4
24/03/2019;08:30;21;11;10
24/03/2019;08:45;36;22;14
24/03/2019;09:00;27;14;13
24/03/2019;09:15;35;21;14
24/03/2019;09:30;38;21;17
24/03/2019;09:45;68;33;35
24/03/2019;10:00;56;23;33
24/03/2019;10:15;49;29;20
24/03/2019;10:30;71;33;38
24/03/2019;10:45;49;24;25
24/03/2019;11:00;67;30;37
24/03/2019;11:15;62;38;24
24/03/2019;11:30;74;28;46
24/03/2019;11:45;107;63;44
24/03/2019;12:00;78;33;45
24/03/2019;12:15;73;35;38
24/03/2019;12:30;103;41;62
24/03/2019;12:45;90;49;41
24/03/2019;13:00;90;35;55
24/03/2019;13:15;114;64;50
24/03/2019;13:30;111;58;53
24/03/2019;13:45;107;42;65
24/03/2019;14:00;93;48;45
24/03/2019;14:15;129;56;73
24/03/2019;14:30;114;65;49
24/03/2019;14:45;102;37;65
24/03/2019;15:00;113;51;62
24/03/2019;15:15;158;78;80
24/03/2019;15:30;152;91;61
24/03/2019;15:45;118;59;59
24/03/2019;16:00;117;63;54
24/03/2019;16:15;138;74;64
24/03/2019;16:30;105;56;49
24/03/2019;16:45;165;88;77
24/03/2019;17:00;123;50;73
24/03/2019;17:15;140;83;57
24/03/2019;17:30;153;87;66
24/03/2019;17:45;135;80;55
24/03/2019;18:00;83;55;28
24/03/2019;18:15;88;55;33
24/03/2019;18:30;83;48;35
24/03/2019;18:45;84;42;42
24/03/2019;19:00;73;35;38
24/03/2019;19:15;67;34;33
24/03/2019;19:30;40;20;20
24/03/2019;19:45;51;27;24
24/03/2019;20:00;50;17;33
24/03/2019;20:15;89;18;71
24/03/2019;20:30;35;11;24
24/03/2019;20:45;26;15;11
24/03/2019;21:00;25;14;11
24/03/2019;21:15;27;16;11
24/03/2019;21:30;18;10;8
24/03/2019;21:45;20;10;10
24/03/2019;22:00;18;1;17
24/03/2019;22:15;19;7;12
24/03/2019;22:30;22;6;16
24/03/2019;22:45;26;13;13
24/03/2019;23:00;20;7;13
24/03/2019;23:15;16;3;13
24/03/2019;23:30;10;4;6
24/03/2019;23:45;10;2;8
25/03/2019;00:00;5;4;1
25/03/2019;00:15;3;0;3
25/03/2019;00:30;8;5;3
25/03/2019;00:45;1;1;0
25/03/2019;01:00;3;1;2
25/03/2019;01:15;2;0;2
25/03/2019;01:30;2;2;0
25/03/2019;01:45;2;1;1
25/03/2019;02:00;0;0;0
25/03/2019;02:15;4;1;3
25/03/2019;02:30;2;1;1
25/03/2019;02:45;0;0;0
25/03/2019;03:00;1;0;1
25/03/2019;03:15;0;0;0
25/03/2019;03:30;0;0;0
25/03/2019;03:45;1;0;1
25/03/2019;04:00;0;0;0
25/03/2019;04:15;2;2;0
25/03/2019;04:30;2;2;0
25/03/2019;04:45;0;0;0
25/03/2019;05:00;3;3;0
25/03/2019;05:15;4;0;4
25/03/2019;05:30;15;7;8
25/03/2019;05:45;15;12;3
25/03/2019;06:00;18;13;5
25/03/2019;06:15;34;27;7
25/03/2019;06:30;41;26;15
25/03/2019;06:45;63;38;25
25/03/2019;07:00;91;45;46
25/03/2019;07:15;180;133;47
25/03/2019;07:30;404;270;134
25/03/2019;07:45;289;197;92
25/03/2019;08:00;139;77;62
25/03/2019;08:15;158;86;72
25/03/2019;08:30;150;83;67
25/03/2019;08:45;126;84;42
25/03/2019;09:00;121;73;48
25/03/2019;09:15;144;94;50
25/03/2019;09:30;191;145;46
25/03/2019;09:45;115;75;40
25/03/2019;10:00;71;44;27
25/03/2019;10:15;105;55;50
25/03/2019;10:30;79;40;39
25/03/2019;10:45;89;47;42
25/03/2019;11:00;124;50;74
25/03/2019;11:15;191;104;87
25/03/2019;11:30;95;39;56
25/03/2019;11:45;115;51;64
25/03/2019;12:00;105;47;58
25/03/2019;12:15;126;54;72
25/03/2019;12:30;106;47;59
25/03/2019;12:45;156;71;85
25/03/2019;13:00;301;59;242
25/03/2019;13:15;154;50;104
25/03/2019;13:30;160;92;68
25/03/2019;13:45;198;109;89
25/03/2019;14:00;102;39;63
25/03/2019;14:15;130;74;56
25/03/2019;14:30;125;59;66
25/03/2019;14:45;111;49;62
25/03/2019;15:00;122;51;71
25/03/2019;15:15;156;87;69
25/03/2019;15:30;284;154;130
25/03/2019;15:45;190;86;104
25/03/2019;16:00;165;68;97
25/03/2019;16:15;174;84;90
25/03/2019;16:30;171;79;92
25/03/2019;16:45;141;67;74
25/03/2019;17:00;196;84;112
25/03/2019;17:15;252;94;158
25/03/2019;17:30;175;79;96
25/03/2019;17:45;196;94;102
25/03/2019;18:00;194;71;123
25/03/2019;18:15;146;54;92
25/03/2019;18:30;139;67;72
25/03/2019;18:45;187;85;102
25/03/2019;19:00;160;75;85
25/03/2019;19:15;124;68;56
25/03/2019;19:30;101;44;57
25/03/2019;19:45;104;55;49
25/03/2019;20:00;102;40;62
25/03/2019;20:15;75;40;35
25/03/2019;20:30;54;21;33
25/03/2019;20:45;61;26;35
25/03/2019;21:00;55;22;33
25/03/2019;21:15;57;29;28
25/03/2019;21:30;43;19;24
25/03/2019;21:45;45;22;23
25/03/2019;22:00;30;14;16
25/03/2019;22:15;46;10;36
25/03/2019;22:30;29;16;13
25/03/2019;22:45;40;10;30
25/03/2019;23:00;18;5;13
25/03/2019;23:15;30;8;22
25/03/2019;23:30;18;4;14
25/03/2019;23:45;22;8;14
26/03/2019;00:00;14;8;6
26/03/2019;00:15;9;6;3
26/03/2019;00:30;15;5;10
26/03/2019;00:45;13;2;11
26/03/2019;01:00;5;2;3
26/03/2019;01:15;9;2;7
26/03/2019;01:30;3;0;3
26/03/2019;01:45;1;1;0
26/03/2019;02:00;2;0;2
26/03/2019;02:15;4;3;1
26/03/2019;02:30;0;0;0
26/03/2019;02:45;0;0;0
26/03/2019;03:00;0;0;0
26/03/2019;03:15;1;0;1
26/03/2019;03:30;1;0;1
26/03/2019;03:45;0;0;0
26/03/2019;04:00;0;0;0
26/03/2019;04:15;2;1;1
26/03/2019;04:30;3;3;0
26/03/2019;04:45;1;1;0
26/03/2019;05:00;0;0;0
26/03/2019;05:15;5;4;1
26/03/2019;05:30;8;4;4
26/03/2019;05:45;21;13;8
26/03/2019;06:00;15;9;6
26/03/2019;06:15;35;21;14
26/03/2019;06:30;31;24;7
26/03/2019;06:45;71;41;30
26/03/2019;07:00;68;38;30
26/03/2019;07:15;182;132;50
26/03/2019;07:30;399;277;122
26/03/2019;07:45;381;275;106
26/03/2019;08:00;150;96;54
26/03/2019;08:15;174;86;88
26/03/2019;08:30;157;89;68
26/03/2019;08:45;174;108;66
26/03/2019;09:00;140;66;74
26/03/2019;09:15;173;120;53
26/03/2019;09:30;198;149;49
26/03/2019;09:45;145;92;53
26/03/2019;10:00;77;49;28
26/03/2019;10:15;94;55;39
26/03/2019;10:30;97;57;40
26/03/2019;10:45;104;60;44
26/03/2019;11:00;122;47;75
26/03/2019;11:15;178;79;99
26/03/2019;11:30;116;59;57
26/03/2019;11:45;111;51;60
26/03/2019;12:00;105;39;66
26/03/2019;12:15;124;57;67
26/03/2019;12:30;125;62;63
26/03/2019;12:45;144;57;87
26/03/2019;13:00;288;78;210
26/03/2019;13:15;165;81;84
26/03/2019;13:30;137;59;78
26/03/2019;13:45;233;140;93
26/03/2019;14:00;110;49;61
26/03/2019;14:15;110;59;51
26/03/2019;14:30;104;47;57
26/03/2019;14:45;116;59;57
26/03/2019;15:00;118;50;68
26/03/2019;15:15;156;67;89
26/03/2019;15:30;371;155;216
26/03/2019;15:45;231;104;127
26/03/2019;16:00;155;66;89
26/03/2019;16:15;136;67;69
26/03/2019;16:30;141;55;86
26/03/2019;16:45;215;109;106
26/03/2019;17:00;211;84;127
26/03/2019;17:15;276;99;177
26/03/2019;17:30;224;93;131
26/03/2019;17:45;214;95;119
26/03/2019;18:00;185;78;107
26/03/2019;18:15;179;84;95
26/03/2019;18:30;175;91;84
26/03/2019;18:45;167;78;89
26/03/2019;19:00;200;97;103
26/03/2019;19:15;170;80;90
26/03/2019;19:30;129;55;74
26/03/2019;19:45;125;57;68
26/03/2019;20:00;82;38;44
26/03/2019;20:15;68;25;43
26/03/2019;20:30;82;48;34
26/03/2019;20:45;73;26;47
26/03/2019;21:00;57;23;34
26/03/2019;21:15;55;23;32
26/03/2019;21:30;40;16;24
26/03/2019;21:45;84;20;64
26/03/2019;22:00;35;9;26
26/03/2019;22:15;63;20;43
26/03/2019;22:30;48;24;24
26/03/2019;22:45;43;18;25
26/03/2019;23:00;34;11;23
26/03/2019;23:15;29;10;19
26/03/2019;23:30;22;11;11
26/03/2019;23:45;13;1;12
27/03/2019;00:00;15;4;11
27/03/2019;00:15;13;7;6
27/03/2019;00:30;6;3;3
27/03/2019;00:45;12;1;11
27/03/2019;01:00;7;1;6
27/03/2019;01:15;4;1;3
27/03/2019;01:30;2;2;0
27/03/2019;01:45;2;2;0
27/03/2019;02:00;6;4;2
27/03/2019;02:15;3;0;3
27/03/2019;02:30;2;2;0
27/03/2019;02:45;4;4;0
27/03/2019;03:00;2;0;2
27/03/2019;03:15;3;2;1
27/03/2019;03:30;0;0;0
27/03/2019;03:45;0;0;0
27/03/2019;04:00;1;1;0
27/03/2019;04:15;0;0;0
27/03/2019;04:30;2;2;0
27/03/2019;04:45;1;0;1
27/03/2019;05:00;3;2;1
27/03/2019;05:15;6;0;6
27/03/2019;05:30;13;7;6
27/03/2019;05:45;26;15;11
27/03/2019;06:00;27;18;9
27/03/2019;06:15;27;21;6
27/03/2019;06:30;33;23;10
27/03/2019;06:45;61;39;22
27/03/2019;07:00;72;37;35
27/03/2019;07:15;205;131;74
27/03/2019;07:30;397;262;135
27/03/2019;07:45;424;332;92
27/03/2019;08:00;151;96;55
27/03/2019;08:15;166;98;68
27/03/2019;08:30;154;91;63
27/03/2019;08:45;175;113;62
27/03/2019;09:00;114;72;42
27/03/2019;09:15;129;85;44
27/03/2019;09:30;172;112;60
27/03/2019;09:45;141;75;66
27/03/2019;10:00;90;48;42
27/03/2019;10:15;91;52;39
27/03/2019;10:30;99;45;54
27/03/2019;10:45;85;49;36
27/03/2019;11:00;125;61;64
27/03/2019;11:15;160;51;109
27/03/2019;11:30;139;61;78
27/03/2019;11:45;153;64;89
27/03/2019;12:00;125;57;68
27/03/2019;12:15;148;66;82
27/03/2019;12:30;117;41;76
27/03/2019;12:45;160;71;89
27/03/2019;13:00;311;115;196
27/03/2019;13:15;151;68;83
27/03/2019;13:30;143;75;68
27/03/2019;13:45;262;180;82
27/03/2019;14:00;149;70;79
27/03/2019;14:15;122;57;65
27/03/2019;14:30;146;60;86
27/03/2019;14:45;139;62;77
27/03/2019;15:00;144;70;74
27/03/2019;15:15;192;94;98
27/03/2019;15:30;268;94;174
27/03/2019;15:45;184;88;96
27/03/2019;16:00;158;60;98
27/03/2019;16:15;169;86;83
27/03/2019;16:30;182;83;99
27/03/2019;16:45;189;101;88
27/03/2019;17:00;198;86;112
27/03/2019;17:15;247;97;150
27/03/2019;17:30;221;106;115
27/03/2019;17:45;232;106;126
27/03/2019;18:00;195;74;121
27/03/2019;18:15;214;89;125
27/03/2019;18:30;157;76;81
27/03/2019;18:45;188;73;115
27/03/2019;19:00;172;84;88
27/03/2019;19:15;162;68;94
27/03/2019;19:30;119;43;76
27/03/2019;19:45;121;53;68
27/03/2019;20:00;135;62;73
27/03/2019;20:15;115;55;60
27/03/2019;20:30;101;39;62
27/03/2019;20:45;76;25;51
27/03/2019;21:00;72;26;46
27/03/2019;21:15;56;25;31
27/03/2019;21:30;76;38;38
27/03/2019;21:45;53;26;27
27/03/2019;22:00;75;36;39
27/03/2019;22:15;65;28;37
27/03/2019;22:30;50;13;37
27/03/2019;22:45;43;23;20
27/03/2019;23:00;35;16;19
27/03/2019;23:15;26;8;18
27/03/2019;23:30;18;5;13
27/03/2019;23:45;21;10;11
28/03/2019;00:00;20;1;19
28/03/2019;00:15;9;3;6
28/03/2019;00:30;13;1;12
28/03/2019;00:45;15;1;14
28/03/2019;01:00;8;2;6
28/03/2019;01:15;7;1;6
28/03/2019;01:30;13;6;7
28/03/2019;01:45;4;2;2
28/03/2019;02:00;1;1;0
28/03/2019;02:15;2;1;1
28/03/2019;02:30;2;1;1
28/03/2019;02:45;1;1;0
28/03/2019;03:00;6;4;2
28/03/2019;03:15;2;1;1
28/03/2019;03:30;0;0;0
28/03/2019;03:45;0;0;0
28/03/2019;04:00;1;1;0
28/03/2019;04:15;0;0;0
28/03/2019;04:30;1;1;0
28/03/2019;04:45;2;2;0
28/03/2019;05:00;1;1;0
28/03/2019;05:15;2;2;0
28/03/2019;05:30;5;3;2
28/03/2019;05:45;24;15;9
28/03/2019;06:00;21;15;6
28/03/2019;06:15;25;18;7
28/03/2019;06:30;34;20;14
28/03/2019;06:45;58;36;22
28/03/2019;07:00;73;47;26
28/03/2019;07:15;168;113;55
28/03/2019;07:30;329;227;102
28/03/2019;07:45;356;253;103
28/03/2019;08:00;152;97;55
28/03/2019;08:15;145;66;79
28/03/2019;08:30;196;116;80
28/03/2019;08:45;191;130;61
28/03/2019;09:00;148;81;67
28/03/2019;09:15;177;121;56
28/03/2019;09:30;208;153;55
28/03/2019;09:45;122;71;51
28/03/2019;10:00;107;63;44
28/03/2019;10:15;99;52;47
28/03/2019;10:30;81;42;39
28/03/2019;10:45;116;60;56
28/03/2019;11:00;127;60;67
28/03/2019;11:15;194;112;82
28/03/2019;11:30;131;55;76
28/03/2019;11:45;115;55;60
28/03/2019;12:00;128;49;79
28/03/2019;12:15;140;54;86
28/03/2019;12:30;136;49;87
28/03/2019;12:45;154;69;85
28/03/2019;13:00;253;64;189
28/03/2019;13:15;150;59;91
28/03/2019;13:30;171;66;105
28/03/2019;13:45;243;134;109
28/03/2019;14:00;131;49;82
28/03/2019;14:15;113;51;62
28/03/2019;14:30;126;62;64
28/03/2019;14:45;158;75;83
28/03/2019;15:00;164;77;87
28/03/2019;15:15;178;92;86
28/03/2019;15:30;366;140;226
28/03/2019;15:45;215;101;114
28/03/2019;16:00;168;70;98
28/03/2019;16:15;206;113;93
28/03/2019;16:30;200;84;116
28/03/2019;16:45;220;95;125
28/03/2019;17:00;267;101;166
28/03/2019;17:15;282;106;176
28/03/2019;17:30;209;83;126
28/03/2019;17:45;238;114;124
28/03/2019;18:00;212;98;114
28/03/2019;18:15;200;104;96
28/03/2019;18:30;192;75;117
28/03/2019;18:45;204;82;122
28/03/2019;19:00;144;47;97
28/03/2019;19:15;151;75;76
28/03/2019;19:30;101;44;57
28/03/2019;19:45;122;65;57
28/03/2019;20:00;106;41;65
28/03/2019;20:15;112;57;55
28/03/2019;20:30;98;41;57
28/03/2019;20:45;60;30;30
28/03/2019;21:00;66;28;38
28/03/2019;21:15;82;51;31
28/03/2019;21:30;55;25;30
28/03/2019;21:45;45;12;33
28/03/2019;22:00;61;14;47
28/03/2019;22:15;76;30;46
28/03/2019;22:30;62;24;38
28/03/2019;22:45;36;12;24
28/03/2019;23:00;29;12;17
28/03/2019;23:15;41;16;25
28/03/2019;23:30;39;21;18
28/03/2019;23:45;34;12;22
29/03/2019;00:00;35;12;23
29/03/2019;00:15;25;6;19
29/03/2019;00:30;8;2;6
29/03/2019;00:45;5;3;2
29/03/2019;01:00;15;4;11
29/03/2019;01:15;16;7;9
29/03/2019;01:30;4;0;4
29/03/2019;01:45;12;9;3
29/03/2019;02:00;3;2;1
29/03/2019;02:15;2;0;2
29/03/2019;02:30;1;1;0
29/03/2019;02:45;4;3;1
29/03/2019;03:00;3;3;0
29/03/2019;03:15;2;1;1
29/03/2019;03:30;4;2;2
29/03/2019;03:45;3;0;3
29/03/2019;04:00;2;1;1
29/03/2019;04:15;4;2;2
29/03/2019;04:30;7;6;1
29/03/2019;04:45;1;1;0
29/03/2019;05:00;5;3;2
29/03/2019;05:15;6;2;4
29/03/2019;05:30;17;10;7
29/03/2019;05:45;16;11;5
29/03/2019;06:00;15;10;5
29/03/2019;06:15;28;21;7
29/03/2019;06:30;35;25;10
29/03/2019;06:45;60;35;25
29/03/2019;07:00;73;34;39
29/03/2019;07:15;174;125;49
29/03/2019;07:30;361;253;108
29/03/2019;07:45;272;181;91
29/03/2019;08:00;146;87;59
29/03/2019;08:15;140;73;67
29/03/2019;08:30;161;101;60
29/03/2019;08:45;187;132;55
29/03/2019;09:00;106;63;43
29/03/2019;09:15;156;103;53
29/03/2019;09:30;191;121;70
29/03/2019;09:45;111;70;41
29/03/2019;10:00;107;58;49
29/03/2019;10:15;107;70;37
29/03/2019;10:30;105;55;50
29/03/2019;10:45;132;79;53
29/03/2019;11:00;132;42;90
29/03/2019;11:15;192;89;103
29/03/2019;11:30;124;59;65
29/03/2019;11:45;117;56;61
29/03/2019;12:00;136;49;87
29/03/2019;12:15;205;95;110
29/03/2019;12:30;158;64;94
29/03/2019;12:45;195;90;105
29/03/2019;13:00;352;90;262
29/03/2019;13:15;179;100;79
29/03/2019;13:30;179;95;84
29/03/2019;13:45;175;107;68
29/03/2019;14:00;145;73;72
29/03/2019;14:15;149;74;75
29/03/2019;14:30;167;77;90
29/03/2019;14:45;210;112;98
29/03/2019;15:00;184;65;119
29/03/2019;15:15;199;90;109
29/03/2019;15:30;157;67;90
29/03/2019;15:45;167;85;82
29/03/2019;16:00;154;69;85
29/03/2019;16:15;155;85;70
29/03/2019;16:30;194;107;87
29/03/2019;16:45;168;81;87
29/03/2019;17:00;167;63;104
29/03/2019;17:15;178;67;111
29/03/2019;17:30;175;92;83
29/03/2019;17:45;192;82;110
29/03/2019;18:00;159;63;96
29/03/2019;18:15;156;63;93
29/03/2019;18:30;131;59;72
29/03/2019;18:45;134;57;77
29/03/2019;19:00;141;52;89
29/03/2019;19:15;140;51;89
29/03/2019;19:30;99;40;59
29/03/2019;19:45;85;43;42
29/03/2019;20:00;84;38;46
29/03/2019;20:15;95;38;57
29/03/2019;20:30;74;43;31
29/03/2019;20:45;72;22;50
29/03/2019;21:00;61;31;30
29/03/2019;21:15;52;28;24
29/03/2019;21:30;51;26;25
29/03/2019;21:45;48;30;18
29/03/2019;22:00;69;24;45
29/03/2019;22:15;56;25;31
29/03/2019;22:30;53;26;27
29/03/2019;22:45;42;24;18
29/03/2019;23:00;36;11;25
29/03/2019;23:15;33;4;29
29/03/2019;23:30;37;12;25
29/03/2019;23:45;27;8;19
30/03/2019;00:00;30;13;17
30/03/2019;00:15;25;8;17
30/03/2019;00:30;20;7;13
30/03/2019;00:45;16;5;11
30/03/2019;01:00;24;6;18
30/03/2019;01:15;24;4;20
30/03/2019;01:30;32;10;22
30/03/2019;01:45;21;9;12
30/03/2019;02:00;15;8;7
30/03/2019;02:15;13;9;4
30/03/2019;02:30;12;4;8
30/03/2019;02:45;2;0;2
30/03/2019;03:00;4;1;3
30/03/2019;03:15;6;1;5
30/03/2019;03:30;5;2;3
30/03/2019;03:45;0;0;0
30/03/2019;04:00;3;1;2
30/03/2019;04:15;9;5;4
30/03/2019;04:30;3;3;0
30/03/2019;04:45;4;3;1
30/03/2019;05:00;0;0;0
30/03/2019;05:15;3;3;0
30/03/2019;05:30;4;3;1
30/03/2019;05:45;8;5;3
30/03/2019;06:00;4;3;1
30/03/2019;06:15;4;2;2
30/03/2019;06:30;13;7;6
30/03/2019;06:45;23;13;10
30/03/2019;07:00;20;12;8
30/03/2019;07:15;15;6;9
30/03/2019;07:30;26;17;9
30/03/2019;07:45;36;22;14
30/03/2019;08:00;23;14;9
30/03/2019;08:15;38;19;19
30/03/2019;08:30;40;17;23
30/03/2019;08:45;74;34;40
30/03/2019;09:00;77;46;31
30/03/2019;09:15;85;46;39
30/03/2019;09:30;121;69;52
30/03/2019;09:45;115;72;43
30/03/2019;10:00;91;50;41
30/03/2019;10:15;104;60;44
30/03/2019;10:30;124;62;62
30/03/2019;10:45;125;76;49
30/03/2019;11:00;174;92;82
30/03/2019;11:15;125;68;57
30/03/2019;11:30;140;77;63
30/03/2019;11:45;165;83;82
30/03/2019;12:00;140;73;67
30/03/2019;12:15;157;87;70
30/03/2019;12:30;157;77;80
30/03/2019;12:45;134;59;75
30/03/2019;13:00;138;60;78
30/03/2019;13:15;147;76;71
30/03/2019;13:30;132;70;62
30/03/2019;13:45;157;72;85
30/03/2019;14:00;128;80;48
30/03/2019;14:15;147;62;85
30/03/2019;14:30;155;74;81
30/03/2019;14:45;182;82;100
30/03/2019;15:00;179;77;102
30/03/2019;15:15;151;79;72
30/03/2019;15:30;146;60;86
30/03/2019;15:45;131;60;71
30/03/2019;16:00;137;70;67
30/03/2019;16:15;152;76;76
30/03/2019;16:30;143;76;67
30/03/2019;16:45;143;68;75
30/03/2019;17:00;140;59;81
30/03/2019;17:15;177;98;79
30/03/2019;17:30;180;93;87
30/03/2019;17:45;160;82;78
30/03/2019;18:00;143;56;87
30/03/2019;18:15;127;60;67
30/03/2019;18:30;126;68;58
30/03/2019;18:45;108;59;49
30/03/2019;19:00;127;76;51
30/03/2019;19:15;135;76;59
30/03/2019;19:30;101;70;31
30/03/2019;19:45;97;52;45
30/03/2019;20:00;75;39;36
30/03/2019;20:15;66;34;32
30/03/2019;20:30;63;29;34
30/03/2019;20:45;78;35;43
30/03/2019;21:00;56;32;24
30/03/2019;21:15;56;23;33
30/03/2019;21:30;50;26;24
30/03/2019;21:45;67;18;49
30/03/2019;22:00;54;18;36
30/03/2019;22:15;65;21;44
30/03/2019;22:30;55;13;42
30/03/2019;22:45;48;14;34
30/03/2019;23:00;62;22;40
30/03/2019;23:15;50;14;36
30/03/2019;23:30;39;16;23
30/03/2019;23:45;42;9;33
31/03/2019;00:00;42;12;30
31/03/2019;00:15;41;5;36
31/03/2019;00:30;49;14;35
31/03/2019;00:45;24;8;16
31/03/2019;01:00;25;10;15
31/03/2019;01:15;37;18;19
31/03/2019;01:30;16;6;10
31/03/2019;01:45;23;11;12
31/03/2019;03:00;26;7;19
31/03/2019;03:15;20;4;16
31/03/2019;03:30;27;13;14
31/03/2019;03:45;6;0;6
31/03/2019;04:00;8;4;4
31/03/2019;04:15;8;3;5
31/03/2019;04:30;6;1;5
31/03/2019;04:45;14;2;12
31/03/2019;05:00;12;4;8
31/03/2019;05:15;16;6;10
31/03/2019;05:30;7;4;3
31/03/2019;05:45;8;6;2
31/03/2019;06:00;9;5;4
31/03/2019;06:15;4;3;1
31/03/2019;06:30;6;3;3
31/03/2019;06:45;13;5;8
31/03/2019;07:00;8;4;4
31/03/2019;07:15;9;1;8
31/03/2019;07:30;13;6;7
31/03/2019;07:45;14;10;4
31/03/2019;08:00;8;7;1
31/03/2019;08:15;10;5;5
31/03/2019;08:30;26;14;12
31/03/2019;08:45;24;15;9
31/03/2019;09:00;13;9;4
31/03/2019;09:15;25;15;10
31/03/2019;09:30;51;32;19
31/03/2019;09:45;82;49;33
31/03/2019;10:00;33;15;18
31/03/2019;10:15;53;30;23
31/03/2019;10:30;62;27;35
31/03/2019;10:45;78;42;36
31/03/2019;11:00;84;32;52
31/03/2019;11:15;95;47;48
31/03/2019;11:30;68;30;38
31/03/2019;11:45;95;51;44
31/03/2019;12:00;88;34;54
31/03/2019;12:15;98;50;48
31/03/2019;12:30;86;36;50
31/03/2019;12:45;101;54;47
31/03/2019;13:00;85;41;44
31/03/2019;13:15;117;53;64
31/03/2019;13:30;137;57;80
31/03/2019;13:45;136;60;76
31/03/2019;14:00;105;47;58
31/03/2019;14:15;133;70;63
31/03/2019;14:30;145;75;70
31/03/2019;14:45;124;60;64
31/03/2019;15:00;124;66;58
31/03/2019;15:15;132;57;75
31/03/2019;15:30;132;59;73
31/03/2019;15:45;114;60;54
31/03/2019;16:00;107;52;55
31/03/2019;16:15;115;77;38
31/03/2019;16:30;108;65;43
31/03/2019;16:45;139;87;52
31/03/2019;17:00;133;66;67
31/03/2019;17:15;143;64;79
31/03/2019;17:30;155;77;78
31/03/2019;17:45;149;70;79
31/03/2019;18:00;112;49;63
31/03/2019;18:15;140;94;46
31/03/2019;18:30;122;62;60
31/03/2019;18:45;90;41;49
31/03/2019;19:00;92;51;41
31/03/2019;19:15;79;43;36
31/03/2019;19:30;79;46;33
31/03/2019;19:45;81;32;49
31/03/2019;20:00;76;40;36
31/03/2019;20:15;59;19;40
31/03/2019;20:30;54;24;30
31/03/2019;20:45;42;24;18
31/03/2019;21:00;51;19;32
31/03/2019;21:15;42;10;32
31/03/2019;21:30;23;8;15
31/03/2019;21:45;32;10;22
31/03/2019;22:00;32;11;21
31/03/2019;22:15;21;7;14
31/03/2019;22:30;36;15;21
31/03/2019;22:45;15;11;4
31/03/2019;23:00;24;5;19
31/03/2019;23:15;19;5;14
31/03/2019;23:30;12;8;4
31/03/2019;23:45;6;2;4
01/04/2019;00:00;5;2;3
01/04/2019;00:15;4;2;2
01/04/2019;00:30;5;1;4
01/04/2019;00:45;3;0;3
01/04/2019;01:00;6;1;5
01/04/2019;01:15;6;5;1
01/04/2019;01:30;3;1;2
01/04/2019;01:45;0;0;0
01/04/2019;02:00;5;2;3
01/04/2019;02:15;2;1;1
01/04/2019;02:30;0;0;0
01/04/2019;02:45;1;1;0
01/04/2019;03:00;1;1;0
01/04/2019;03:15;1;1;0
01/04/2019;03:30;0;0;0
01/04/2019;03:45;0;0;0
01/04/2019;04:00;0;0;0
01/04/2019;04:15;0;0;0
01/04/2019;04:30;3;1;2
01/04/2019;04:45;6;0;6
01/04/2019;05:00;0;0;0
01/04/2019;05:15;7;0;7
01/04/2019;05:30;11;8;3
01/04/2019;05:45;17;13;4
01/04/2019;06:00;26;20;6
01/04/2019;06:15;32;25;7
01/04/2019;06:30;39;21;18
01/04/2019;06:45;50;30;20
01/04/2019;07:00;77;37;40
01/04/2019;07:15;189;126;63
01/04/2019;07:30;404;293;111
01/04/2019;07:45;300;210;90
01/04/2019;08:00;172;88;84
01/04/2019;08:15;173;88;85
01/04/2019;08:30;150;91;59
01/04/2019;08:45;169;110;59
01/04/2019;09:00;128;58;70
01/04/2019;09:15;144;105;39
01/04/2019;09:30;210;157;53
01/04/2019;09:45;123;78;45
01/04/2019;10:00;87;51;36
01/04/2019;10:15;88;50;38
01/04/2019;10:30;97;52;45
01/04/2019;10:45;102;53;49
01/04/2019;11:00;127;60;67
01/04/2019;11:15;181;101;80
01/04/2019;11:30;123;64;59
01/04/2019;11:45;131;68;63
01/04/2019;12:00;111;50;61
01/04/2019;12:15;143;62;81
01/04/2019;12:30;143;63;80
01/04/2019;12:45;172;80;92
01/04/2019;13:00;344;51;293
01/04/2019;13:15;185;89;96
01/04/2019;13:30;166;86;80
01/04/2019;13:45;200;117;83
01/04/2019;14:00;137;64;73
01/04/2019;14:15;153;77;76
01/04/2019;14:30;150;87;63
01/04/2019;14:45;159;90;69
01/04/2019;15:00;170;74;96
01/04/2019;15:15;184;92;92
01/04/2019;15:30;352;145;207
01/04/2019;15:45;235;107;128
01/04/2019;16:00;172;74;98
01/04/2019;16:15;189;88;101
01/04/2019;16:30;208;102;106
01/04/2019;16:45;219;91;128
01/04/2019;17:00;227;86;141
01/04/2019;17:15;357;149;208
01/04/2019;17:30;231;108;123
01/04/2019;17:45;239;90;149
01/04/2019;18:00;215;87;128
01/04/2019;18:15;199;95;104
01/04/2019;18:30;190;93;97
01/04/2019;18:45;231;108;123
01/04/2019;19:00;198;87;111
01/04/2019;19:15;174;81;93
01/04/2019;19:30;149;69;80
01/04/2019;19:45;172;60;112
01/04/2019;20:00;128;52;76
01/04/2019;20:15;132;68;64
01/04/2019;20:30;96;42;54
01/04/2019;20:45;80;41;39
01/04/2019;21:00;74;29;45
01/04/2019;21:15;58;23;35
01/04/2019;21:30;69;30;39
01/04/2019;21:45;71;31;40
01/04/2019;22:00;66;38;28
01/04/2019;22:15;50;21;29
01/04/2019;22:30;58;24;34
01/04/2019;22:45;43;21;22
01/04/2019;23:00;26;7;19
01/04/2019;23:15;35;6;29
01/04/2019;23:30;26;8;18
01/04/2019;23:45;21;8;13
02/04/2019;00:00;17;8;9
02/04/2019;00:15;10;4;6
02/04/2019;00:30;18;3;15
02/04/2019;00:45;2;1;1
02/04/2019;01:00;9;2;7
02/04/2019;01:15;16;7;9
02/04/2019;01:30;7;1;6
02/04/2019;01:45;5;1;4
02/04/2019;02:00;3;1;2
02/04/2019;02:15;1;1;0
02/04/2019;02:30;4;4;0
02/04/2019;02:45;3;0;3
02/04/2019;03:00;5;4;1
02/04/2019;03:15;1;1;0
02/04/2019;03:30;2;1;1
02/04/2019;03:45;5;5;0
02/04/2019;04:00;2;0;2
02/04/2019;04:15;1;0;1
02/04/2019;04:30;1;1;0
02/04/2019;04:45;1;1;0
02/04/2019;05:00;2;0;2
02/04/2019;05:15;9;7;2
02/04/2019;05:30;9;5;4
02/04/2019;05:45;17;12;5
02/04/2019;06:00;30;22;8
02/04/2019;06:15;28;19;9
02/04/2019;06:30;46;27;19
02/04/2019;06:45;51;29;22
02/04/2019;07:00;80;46;34
02/04/2019;07:15;179;133;46
02/04/2019;07:30;424;296;128
02/04/2019;07:45;387;289;98
02/04/2019;08:00;170;99;71
02/04/2019;08:15;212;112;100
02/04/2019;08:30;170;96;74
02/04/2019;08:45;237;135;102
02/04/2019;09:00;156;102;54
02/04/2019;09:15;219;139;80
02/04/2019;09:30;250;184;66
02/04/2019;09:45;128;83;45
02/04/2019;10:00;97;43;54
02/04/2019;10:15;99;57;42
02/04/2019;10:30;106;62;44
02/04/2019;10:45;127;77;50
02/04/2019;11:00;147;63;84
02/04/2019;11:15;203;83;120
02/04/2019;11:30;130;60;70
02/04/2019;11:45;133;65;68
02/04/2019;12:00;129;41;88
02/04/2019;12:15;158;69;89
02/04/2019;12:30;152;61;91
02/04/2019;12:45;221;106;115
02/04/2019;13:00;346;94;252
02/04/2019;13:15;223;116;107
02/04/2019;13:30;164;84;80
02/04/2019;13:45;297;181;116
02/04/2019;14:00;154;79;75
02/04/2019;14:15;128;73;55
02/04/2019;14:30;134;62;72
02/04/2019;14:45;147;75;72
02/04/2019;15:00;141;53;88
02/04/2019;15:15;182;107;75
02/04/2019;15:30;382;137;245
02/04/2019;15:45;258;113;145
02/04/2019;16:00;204;97;107
02/04/2019;16:15;223;109;114
02/04/2019;16:30;226;104;122
02/04/2019;16:45;244;124;120
02/04/2019;17:00;234;77;157
02/04/2019;17:15;331;142;189
02/04/2019;17:30;254;114;140
02/04/2019;17:45;252;106;146
02/04/2019;18:00;206;90;116
02/04/2019;18:15;234;107;127
02/04/2019;18:30;173;72;101
02/04/2019;18:45;210;91;119
02/04/2019;19:00;228;86;142
02/04/2019;19:15;213;106;107
02/04/2019;19:30;173;77;96
02/04/2019;19:45;155;53;102
02/04/2019;20:00;137;56;81
02/04/2019;20:15;117;53;64
02/04/2019;20:30;87;29;58
02/04/2019;20:45;70;33;37
02/04/2019;21:00;71;23;48
02/04/2019;21:15;77;30;47
02/04/2019;21:30;77;40;37
02/04/2019;21:45;64;29;35
02/04/2019;22:00;77;24;53
02/04/2019;22:15;58;16;42
02/04/2019;22:30;36;14;22
02/04/2019;22:45;42;16;26
02/04/2019;23:00;33;12;21
02/04/2019;23:15;35;18;17
02/04/2019;23:30;31;15;16
02/04/2019;23:45;16;5;11
03/04/2019;00:00;6;2;4
03/04/2019;00:15;10;4;6
03/04/2019;00:30;14;5;9
03/04/2019;00:45;15;5;10
03/04/2019;01:00;13;2;11
03/04/2019;01:15;7;3;4
03/04/2019;01:30;1;0;1
03/04/2019;01:45;4;4;0
03/04/2019;02:00;4;2;2
03/04/2019;02:15;2;1;1
03/04/2019;02:30;0;0;0
03/04/2019;02:45;1;0;1
03/04/2019;03:00;1;0;1
03/04/2019;03:15;2;0;2
03/04/2019;03:30;3;2;1
03/04/2019;03:45;5;4;1
03/04/2019;04:00;1;1;0
03/04/2019;04:15;0;0;0
03/04/2019;04:30;4;3;1
03/04/2019;04:45;0;0;0
03/04/2019;05:00;4;2;2
03/04/2019;05:15;2;2;0
03/04/2019;05:30;16;9;7
03/04/2019;05:45;28;22;6
03/04/2019;06:00;23;16;7
03/04/2019;06:15;19;12;7
03/04/2019;06:30;43;25;18
03/04/2019;06:45;66;42;24
03/04/2019;07:00;87;49;38
03/04/2019;07:15;195;122;73
03/04/2019;07:30;450;311;139
03/04/2019;07:45;402;298;104
03/04/2019;08:00;184;133;51
03/04/2019;08:15;164;103;61
03/04/2019;08:30;171;94;77
03/04/2019;08:45;179;107;72
03/04/2019;09:00;175;104;71
03/04/2019;09:15;165;105;60
03/04/2019;09:30;175;130;45
03/04/2019;09:45;160;107;53
03/04/2019;10:00;114;59;55
03/04/2019;10:15;109;58;51
03/04/2019;10:30;110;60;50
03/04/2019;10:45;100;55;45
03/04/2019;11:00;145;69;76
03/04/2019;11:15;170;68;102
03/04/2019;11:30;134;78;56
03/04/2019;11:45;136;61;75
03/04/2019;12:00;153;68;85
03/04/2019;12:15;192;94;98
03/04/2019;12:30;183;65;118
03/04/2019;12:45;166;72;94
03/04/2019;13:00;385;111;274
03/04/2019;13:15;214;110;104
03/04/2019;13:30;168;78;90
03/04/2019;13:45;266;177;89
03/04/2019;14:00;165;77;88
03/04/2019;14:15;153;72;81
03/04/2019;14:30;145;62;83
03/04/2019;14:45;174;106;68
03/04/2019;15:00;160;76;84
03/04/2019;15:15;168;97;71
03/04/2019;15:30;266;90;176
03/04/2019;15:45;208;92;116
03/04/2019;16:00;167;73;94
03/04/2019;16:15;189;99;90
03/04/2019;16:30;201;99;102
03/04/2019;16:45;234;102;132
03/04/2019;17:00;223;93;130
03/04/2019;17:15;293;101;192
03/04/2019;17:30;263;114;149
03/04/2019;17:45;271;119;152
03/04/2019;18:00;199;72;127
03/04/2019;18:15;195;83;112
03/04/2019;18:30;149;64;85
03/04/2019;18:45;149;71;78
03/04/2019;19:00;183;58;125
03/04/2019;19:15;164;76;88
03/04/2019;19:30;124;59;65
03/04/2019;19:45;149;53;96
03/04/2019;20:00;139;72;67
03/04/2019;20:15;96;46;50
03/04/2019;20:30;84;27;57
03/04/2019;20:45;67;30;37
03/04/2019;21:00;60;26;34
03/04/2019;21:15;62;29;33
03/04/2019;21:30;70;38;32
03/04/2019;21:45;70;34;36
03/04/2019;22:00;58;32;26
03/04/2019;22:15;67;21;46
03/04/2019;22:30;34;14;20
03/04/2019;22:45;38;12;26
03/04/2019;23:00;46;22;24
03/04/2019;23:15;38;14;24
03/04/2019;23:30;31;10;21
03/04/2019;23:45;15;6;9
04/04/2019;00:00;25;7;18
04/04/2019;00:15;21;7;14
04/04/2019;00:30;16;3;13
04/04/2019;00:45;24;3;21
04/04/2019;01:00;18;4;14
04/04/2019;01:15;10;5;5
04/04/2019;01:30;6;0;6
04/04/2019;01:45;9;1;8
04/04/2019;02:00;5;0;5
04/04/2019;02:15;8;5;3
04/04/2019;02:30;4;2;2
04/04/2019;02:45;2;0;2
04/04/2019;03:00;2;0;2
04/04/2019;03:15;1;1;0
04/04/2019;03:30;4;0;4
04/04/2019;03:45;1;0;1
04/04/2019;04:00;2;0;2
04/04/2019;04:15;2;1;1
04/04/2019;04:30;0;0;0
04/04/2019;04:45;1;1;0
04/04/2019;05:00;0;0;0
04/04/2019;05:15;8;4;4
04/04/2019;05:30;9;7;2
04/04/2019;05:45;20;15;5
04/04/2019;06:00;25;16;9
04/04/2019;06:15;23;14;9
04/04/2019;06:30;36;16;20
04/04/2019;06:45;45;22;23
04/04/2019;07:00;66;31;35
04/04/2019;07:15;148;99;49
04/04/2019;07:30;374;256;118
04/04/2019;07:45;296;225;71
04/04/2019;08:00;153;95;58
04/04/2019;08:15;145;87;58
04/04/2019;08:30;132;79;53
04/04/2019;08:45;142;92;50
04/04/2019;09:00;117;66;51
04/04/2019;09:15;124;83;41
04/04/2019;09:30;146;99;47
04/04/2019;09:45;84;61;23
04/04/2019;10:00;50;24;26
04/04/2019;10:15;55;27;28
04/04/2019;10:30;53;31;22
04/04/2019;10:45;55;33;22
04/04/2019;11:00;95;36;59
04/04/2019;11:15;156;89;67
04/04/2019;11:30;80;42;38
04/04/2019;11:45;63;27;36
04/04/2019;12:00;57;22;35
04/04/2019;12:15;91;27;64
04/04/2019;12:30;81;32;49
04/04/2019;12:45;109;43;66
04/04/2019;13:00;221;59;162
04/04/2019;13:15;113;53;60
04/04/2019;13:30;95;40;55
04/04/2019;13:45;145;89;56
04/04/2019;14:00;109;53;56
04/04/2019;14:15;67;29;38
04/04/2019;14:30;72;36;36
04/04/2019;14:45;63;27;36
04/04/2019;15:00;68;22;46
04/04/2019;15:15;82;44;38
04/04/2019;15:30;318;118;200
04/04/2019;15:45;129;57;72
04/04/2019;16:00;106;57;49
04/04/2019;16:15;121;59;62
04/04/2019;16:30;102;56;46
04/04/2019;16:45;119;47;72
04/04/2019;17:00;144;63;81
04/04/2019;17:15;203;76;127
04/04/2019;17:30;110;45;65
04/04/2019;17:45;142;57;85
04/04/2019;18:00;118;43;75
04/04/2019;18:15;149;73;76
04/04/2019;18:30;103;47;56
04/04/2019;18:45;145;82;63
04/04/2019;19:00;108;40;68
04/04/2019;19:15;125;68;57
04/04/2019;19:30;77;30;47
04/04/2019;19:45;83;36;47
04/04/2019;20:00;76;32;44
04/04/2019;20:15;75;38;37
04/04/2019;20:30;54;12;42
04/04/2019;20:45;44;24;20
04/04/2019;21:00;32;15;17
04/04/2019;21:15;38;13;25
04/04/2019;21:30;33;13;20
04/04/2019;21:45;50;21;29
04/04/2019;22:00;43;17;26
04/04/2019;22:15;47;26;21
04/04/2019;22:30;36;18;18
04/04/2019;22:45;25;8;17
04/04/2019;23:00;33;13;20
04/04/2019;23:15;25;9;16
04/04/2019;23:30;26;13;13
04/04/2019;23:45;16;11;5
05/04/2019;00:00;14;4;10
05/04/2019;00:15;18;4;14
05/04/2019;00:30;18;3;15
05/04/2019;00:45;3;2;1
05/04/2019;01:00;11;3;8
05/04/2019;01:15;12;0;12
05/04/2019;01:30;3;0;3
05/04/2019;01:45;2;0;2
05/04/2019;02:00;8;1;7
05/04/2019;02:15;1;1;0
05/04/2019;02:30;0;0;0
05/04/2019;02:45;1;0;1
05/04/2019;03:00;2;1;1
05/04/2019;03:15;1;1;0
05/04/2019;03:30;0;0;0
05/04/2019;03:45;3;1;2
05/04/2019;04:00;0;0;0
05/04/2019;04:15;0;0;0
05/04/2019;04:30;1;1;0
05/04/2019;04:45;1;1;0
05/04/2019;05:00;1;1;0
05/04/2019;05:15;4;2;2
05/04/2019;05:30;5;4;1
05/04/2019;05:45;13;12;1
05/04/2019;06:00;21;15;6
05/04/2019;06:15;22;19;3
05/04/2019;06:30;27;14;13
05/04/2019;06:45;40;23;17
05/04/2019;07:00;64;26;38
05/04/2019;07:15;139;95;44
05/04/2019;07:30;354;228;126
05/04/2019;07:45;211;157;54
05/04/2019;08:00;155;100;55
05/04/2019;08:15;164;100;64
05/04/2019;08:30;140;82;58
05/04/2019;08:45;165;114;51
05/04/2019;09:00;115;66;49
05/04/2019;09:15;155;121;34
05/04/2019;09:30;142;109;33
05/04/2019;09:45;108;58;50
05/04/2019;10:00;79;45;34
05/04/2019;10:15;106;57;49
05/04/2019;10:30;106;60;46
05/04/2019;10:45;83;40;43
05/04/2019;11:00;121;48;73
05/04/2019;11:15;155;76;79
05/04/2019;11:30;135;77;58
05/04/2019;11:45;118;50;68
05/04/2019;12:00;145;68;77
05/04/2019;12:15;188;76;112
05/04/2019;12:30;136;68;68
05/04/2019;12:45;164;63;101
05/04/2019;13:00;353;62;291
05/04/2019;13:15;153;53;100
05/04/2019;13:30;153;65;88
05/04/2019;13:45;174;92;82
05/04/2019;14:00;127;60;67
05/04/2019;14:15;140;82;58
05/04/2019;14:30;133;56;77
05/04/2019;14:45;144;61;83
05/04/2019;15:00;126;58;68
05/04/2019;15:15;151;76;75
05/04/2019;15:30;137;70;67
05/04/2019;15:45;145;53;92
05/04/2019;16:00;148;71;77
05/04/2019;16:15;156;85;71
05/04/2019;16:30;154;78;76
05/04/2019;16:45;145;68;77
05/04/2019;17:00;153;64;89
05/04/2019;17:15;169;69;100
05/04/2019;17:30;143;63;80
05/04/2019;17:45;174;71;103
05/04/2019;18:00;120;52;68
05/04/2019;18:15;156;76;80
05/04/2019;18:30;125;51;74
05/04/2019;18:45;166;70;96
05/04/2019;19:00;133;53;80
05/04/2019;19:15;123;60;63
05/04/2019;19:30;92;46;46
05/04/2019;19:45;71;46;25
05/04/2019;20:00;100;49;51
05/04/2019;20:15;83;41;42
05/04/2019;20:30;87;36;51
05/04/2019;20:45;78;47;31
05/04/2019;21:00;67;36;31
05/04/2019;21:15;50;23;27
05/04/2019;21:30;50;22;28
05/04/2019;21:45;58;29;29
05/04/2019;22:00;51;27;24
05/04/2019;22:15;53;22;31
05/04/2019;22:30;56;19;37
05/04/2019;22:45;26;10;16
05/04/2019;23:00;49;16;33
05/04/2019;23:15;44;10;34
05/04/2019;23:30;56;19;37
05/04/2019;23:45;41;14;27
06/04/2019;00:00;39;15;24
06/04/2019;00:15;25;6;19
06/04/2019;00:30;28;9;19
06/04/2019;00:45;33;11;22
06/04/2019;01:00;29;5;24
06/04/2019;01:15;32;6;26
06/04/2019;01:30;13;4;9
06/04/2019;01:45;15;3;12
06/04/2019;02:00;12;3;9
06/04/2019;02:15;14;5;9
06/04/2019;02:30;8;3;5
06/04/2019;02:45;2;1;1
06/04/2019;03:00;9;5;4
06/04/2019;03:15;10;9;1
06/04/2019;03:30;9;5;4
06/04/2019;03:45;2;0;2
06/04/2019;04:00;4;4;0
06/04/2019;04:15;1;0;1
06/04/2019;04:30;2;2;0
06/04/2019;04:45;5;4;1
06/04/2019;05:00;3;1;2
06/04/2019;05:15;5;3;2
06/04/2019;05:30;3;1;2
06/04/2019;05:45;11;7;4
06/04/2019;06:00;8;8;0
06/04/2019;06:15;7;5;2
06/04/2019;06:30;9;3;6
06/04/2019;06:45;17;11;6
06/04/2019;07:00;13;3;10
06/04/2019;07:15;13;7;6
06/04/2019;07:30;18;10;8
06/04/2019;07:45;34;24;10
06/04/2019;08:00;25;10;15
06/04/2019;08:15;29;21;8
06/04/2019;08:30;52;34;18
06/04/2019;08:45;77;54;23
06/04/2019;09:00;61;38;23
06/04/2019;09:15;70;40;30
06/04/2019;09:30;85;50;35
06/04/2019;09:45;119;76;43
06/04/2019;10:00;80;47;33
06/04/2019;10:15;74;37;37
06/04/2019;10:30;85;43;42
06/04/2019;10:45;111;53;58
06/04/2019;11:00;95;50;45
06/04/2019;11:15;104;59;45
06/04/2019;11:30;102;45;57
06/04/2019;11:45;111;41;70
06/04/2019;12:00;118;50;68
06/04/2019;12:15;109;61;48
06/04/2019;12:30;106;54;52
06/04/2019;12:45;115;65;50
06/04/2019;13:00;114;57;57
06/04/2019;13:15;138;82;56
06/04/2019;13:30;121;56;65
06/04/2019;13:45;145;80;65
06/04/2019;14:00;149;68;81
06/04/2019;14:15;162;82;80
06/04/2019;14:30;148;77;71
06/04/2019;14:45;165;90;75
06/04/2019;15:00;143;72;71
06/04/2019;15:15;116;68;48
06/04/2019;15:30;122;56;66
06/04/2019;15:45;159;75;84
06/04/2019;16:00;153;64;89
06/04/2019;16:15;131;58;73
06/04/2019;16:30;147;72;75
06/04/2019;16:45;144;57;87
06/04/2019;17:00;137;56;81
06/04/2019;17:15;156;63;93
06/04/2019;17:30;111;58;53
06/04/2019;17:45;145;70;75
06/04/2019;18:00;131;60;71
06/04/2019;18:15;141;60;81
06/04/2019;18:30;92;42;50
06/04/2019;18:45;126;50;76
06/04/2019;19:00;88;42;46
06/04/2019;19:15;69;30;39
06/04/2019;19:30;66;28;38
06/04/2019;19:45;87;41;46
06/04/2019;20:00;86;52;34
06/04/2019;20:15;71;35;36
06/04/2019;20:30;69;31;38
06/04/2019;20:45;92;39;53
06/04/2019;21:00;56;27;29
06/04/2019;21:15;51;26;25
06/04/2019;21:30;41;18;23
06/04/2019;21:45;58;24;34
06/04/2019;22:00;48;28;20
06/04/2019;22:15;34;24;10
06/04/2019;22:30;43;14;29
06/04/2019;22:45;35;13;22
06/04/2019;23:00;55;20;35
06/04/2019;23:15;31;5;26
06/04/2019;23:30;30;12;18
06/04/2019;23:45;34;12;22
07/04/2019;00:00;35;14;21
07/04/2019;00:15;35;13;22
07/04/2019;00:30;39;10;29
07/04/2019;00:45;27;8;19
07/04/2019;01:00;26;8;18
07/04/2019;01:15;31;10;21
07/04/2019;01:30;21;10;11
07/04/2019;01:45;31;17;14
07/04/2019;02:00;21;11;10
07/04/2019;02:15;22;7;15
07/04/2019;02:30;9;1;8
07/04/2019;02:45;15;8;7
07/04/2019;03:00;15;3;12
07/04/2019;03:15;11;2;9
07/04/2019;03:30;7;3;4
07/04/2019;03:45;9;3;6
07/04/2019;04:00;3;2;1
07/04/2019;04:15;2;1;1
07/04/2019;04:30;8;5;3
07/04/2019;04:45;5;2;3
07/04/2019;05:00;2;1;1
07/04/2019;05:15;7;6;1
07/04/2019;05:30;1;1;0
07/04/2019;05:45;8;5;3
07/04/2019;06:00;4;3;1
07/04/2019;06:15;5;4;1
07/04/2019;06:30;7;2;5
07/04/2019;06:45;8;4;4
07/04/2019;07:00;3;1;2
07/04/2019;07:15;3;2;1
07/04/2019;07:30;6;4;2
07/04/2019;07:45;13;7;6
07/04/2019;08:00;10;1;9
07/04/2019;08:15;16;12;4
07/04/2019;08:30;16;8;8
07/04/2019;08:45;16;10;6
07/04/2019;09:00;15;7;8
07/04/2019;09:15;49;23;26
07/04/2019;09:30;42;14;28
07/04/2019;09:45;56;33;23
07/04/2019;10:00;33;17;16
07/04/2019;10:15;41;23;18
07/04/2019;10:30;34;18;16
07/04/2019;10:45;57;28;29
07/04/2019;11:00;44;23;21
07/04/2019;11:15;54;24;30
07/04/2019;11:30;66;29;37
07/04/2019;11:45;71;47;24
07/04/2019;12:00;64;35;29
07/04/2019;12:15;85;36;49
07/04/2019;12:30;69;36;33
07/04/2019;12:45;72;38;34
07/04/2019;13:00;61;29;32
07/04/2019;13:15;74;33;41
07/04/2019;13:30;81;41;40
07/04/2019;13:45;81;44;37
07/04/2019;14:00;100;46;54
07/04/2019;14:15;98;51;47
07/04/2019;14:30;87;43;44
07/04/2019;14:45;88;44;44
07/04/2019;15:00;94;30;64
07/04/2019;15:15;98;53;45
07/04/2019;15:30;107;62;45
07/04/2019;15:45;110;52;58
07/04/2019;16:00;92;37;55
07/04/2019;16:15;74;42;32
07/04/2019;16:30;84;39;45
07/04/2019;16:45;104;52;52
07/04/2019;17:00;100;49;51
07/04/2019;17:15;100;49;51
07/04/2019;17:30;120;61;59
07/04/2019;17:45;117;53;64
07/04/2019;18:00;88;33;55
07/04/2019;18:15;76;38;38
07/04/2019;18:30;56;29;27
07/04/2019;18:45;104;53;51
07/04/2019;19:00;81;45;36
07/04/2019;19:15;81;42;39
07/04/2019;19:30;56;25;31
07/04/2019;19:45;60;32;28
07/04/2019;20:00;68;26;42
07/04/2019;20:15;64;33;31
07/04/2019;20:30;47;23;24
07/04/2019;20:45;36;18;18
07/04/2019;21:00;33;13;20
07/04/2019;21:15;35;22;13
07/04/2019;21:30;28;8;20
07/04/2019;21:45;29;8;21
07/04/2019;22:00;27;12;15
07/04/2019;22:15;27;16;11
07/04/2019;22:30;24;8;16
07/04/2019;22:45;22;10;12
07/04/2019;23:00;14;7;7
07/04/2019;23:15;22;8;14
07/04/2019;23:30;10;2;8
07/04/2019;23:45;7;3;4
08/04/2019;00:00;5;2;3
08/04/2019;00:15;12;6;6
08/04/2019;00:30;0;0;0
08/04/2019;00:45;4;1;3
08/04/2019;01:00;7;5;2
08/04/2019;01:15;1;1;0
08/04/2019;01:30;3;1;2
08/04/2019;01:45;2;2;0
08/04/2019;02:00;4;2;2
08/04/2019;02:15;3;1;2
08/04/2019;02:30;3;0;3
08/04/2019;02:45;2;2;0
08/04/2019;03:00;1;1;0
08/04/2019;03:15;0;0;0
08/04/2019;03:30;0;0;0
08/04/2019;03:45;1;1;0
08/04/2019;04:00;3;3;0
08/04/2019;04:15;1;1;0
08/04/2019;04:30;1;1;0
08/04/2019;04:45;1;0;1
08/04/2019;05:00;2;1;1
08/04/2019;05:15;5;3;2
08/04/2019;05:30;16;11;5
08/04/2019;05:45;15;11;4
08/04/2019;06:00;20;14;6
08/04/2019;06:15;26;18;8
08/04/2019;06:30;37;22;15
08/04/2019;06:45;61;39;22
08/04/2019;07:00;68;33;35
08/04/2019;07:15;160;102;58
08/04/2019;07:30;348;235;113
08/04/2019;07:45;266;183;83
08/04/2019;08:00;152;81;71
08/04/2019;08:15;186;106;80
08/04/2019;08:30;144;74;70
08/04/2019;08:45;164;100;64
08/04/2019;09:00;136;76;60
08/04/2019;09:15;168;108;60
08/04/2019;09:30;221;178;43
08/04/2019;09:45;111;73;38
08/04/2019;10:00;80;40;40
08/04/2019;10:15;86;45;41
08/04/2019;10:30;98;62;36
08/04/2019;10:45;0;0;0
08/04/2019;11:00;0;0;0
08/04/2019;11:15;0;0;0
08/04/2019;11:30;0;0;0
08/04/2019;11:45;113;73;40
08/04/2019;12:00;108;51;57
08/04/2019;12:15;116;61;55
08/04/2019;12:30;125;47;78
08/04/2019;12:45;154;69;85
08/04/2019;13:00;308;66;242
08/04/2019;13:15;160;70;90
08/04/2019;13:30;163;64;99
08/04/2019;13:45;189;102;87
08/04/2019;14:00;147;55;92
08/04/2019;14:15;117;60;57
08/04/2019;14:30;132;67;65
08/04/2019;14:45;128;66;62
08/04/2019;15:00;134;61;73
08/04/2019;15:15;169;88;81
08/04/2019;15:30;316;152;164
08/04/2019;15:45;222;102;120
08/04/2019;16:00;155;74;81
08/04/2019;16:15;180;82;98
08/04/2019;16:30;183;84;99
08/04/2019;16:45;164;80;84
08/04/2019;17:00;204;91;113
08/04/2019;17:15;279;112;167
08/04/2019;17:30;194;88;106
08/04/2019;17:45;220;97;123
08/04/2019;18:00;209;81;128
08/04/2019;18:15;204;94;110
08/04/2019;18:30;166;70;96
08/04/2019;18:45;202;76;126
08/04/2019;19:00;191;89;102
08/04/2019;19:15;133;51;82
08/04/2019;19:30;102;42;60
08/04/2019;19:45;118;56;62
08/04/2019;20:00;105;49;56
08/04/2019;20:15;89;34;55
08/04/2019;20:30;113;30;83
08/04/2019;20:45;58;26;32
08/04/2019;21:00;61;17;44
08/04/2019;21:15;48;15;33
08/04/2019;21:30;62;27;35
08/04/2019;21:45;60;25;35
08/04/2019;22:00;45;21;24
08/04/2019;22:15;35;16;19
08/04/2019;22:30;44;12;32
08/04/2019;22:45;36;12;24
08/04/2019;23:00;35;9;26
08/04/2019;23:15;28;10;18
08/04/2019;23:30;12;2;10
08/04/2019;23:45;24;16;8
09/04/2019;00:00;19;8;11
09/04/2019;00:15;10;1;9
09/04/2019;00:30;12;6;6
09/04/2019;00:45;3;1;2
09/04/2019;01:00;10;9;1
09/04/2019;01:15;5;2;3
09/04/2019;01:30;3;1;2
09/04/2019;01:45;0;0;0
09/04/2019;02:00;5;3;2
09/04/2019;02:15;2;1;1
09/04/2019;02:30;1;0;1
09/04/2019;02:45;1;1;0
09/04/2019;03:00;1;1;0
09/04/2019;03:15;2;2;0
09/04/2019;03:30;3;3;0
09/04/2019;03:45;1;1;0
09/04/2019;04:00;0;0;0
09/04/2019;04:15;0;0;0
09/04/2019;04:30;1;1;0
09/04/2019;04:45;0;0;0
09/04/2019;05:00;1;1;0
09/04/2019;05:15;6;5;1
09/04/2019;05:30;15;11;4
09/04/2019;05:45;22;16;6
09/04/2019;06:00;16;10;6
09/04/2019;06:15;23;12;11
09/04/2019;06:30;33;20;13
09/04/2019;06:45;67;41;26
09/04/2019;07:00;86;47;39
09/04/2019;07:15;123;80;43
09/04/2019;07:30;357;245;112
09/04/2019;07:45;344;265;79
09/04/2019;08:00;150;86;64
09/04/2019;08:15;189;100;89
09/04/2019;08:30;163;102;61
09/04/2019;08:45;153;98;55
09/04/2019;09:00;117;77;40
09/04/2019;09:15;152;94;58
09/04/2019;09:30;185;144;41
09/04/2019;09:45;111;60;51
09/04/2019;10:00;81;46;35
09/04/2019;10:15;88;54;34
09/04/2019;10:30;76;45;31
09/04/2019;10:45;106;59;47
09/04/2019;11:00;132;62;70
09/04/2019;11:15;187;101;86
09/04/2019;11:30;142;69;73
09/04/2019;11:45;93;49;44
09/04/2019;12:00;107;41;66
09/04/2019;12:15;143;54;89
09/04/2019;12:30;148;51;97
09/04/2019;12:45;157;71;86
09/04/2019;13:00;268;83;185
09/04/2019;13:15;156;56;100
09/04/2019;13:30;139;69;70
09/04/2019;13:45;223;149;74
09/04/2019;14:00;126;72;54
09/04/2019;14:15;100;48;52
09/04/2019;14:30;114;46;68
09/04/2019;14:45;140;71;69
09/04/2019;15:00;106;53;53
09/04/2019;15:15;154;62;92
09/04/2019;15:30;330;129;201
09/04/2019;15:45;236;113;123
09/04/2019;16:00;165;81;84
09/04/2019;16:15;170;67;103
09/04/2019;16:30;179;83;96
09/04/2019;16:45;201;88;113
09/04/2019;17:00;238;96;142
09/04/2019;17:15;294;114;180
09/04/2019;17:30;200;98;102
09/04/2019;17:45;218;93;125
09/04/2019;18:00;187;79;108
09/04/2019;18:15;186;93;93
09/04/2019;18:30;158;71;87
09/04/2019;18:45;210;86;124
09/04/2019;19:00;179;79;100
09/04/2019;19:15;159;85;74
09/04/2019;19:30;135;56;79
09/04/2019;19:45;132;56;76
09/04/2019;20:00;125;52;73
09/04/2019;20:15;132;48;84
09/04/2019;20:30;90;39;51
09/04/2019;20:45;69;35;34
09/04/2019;21:00;64;27;37
09/04/2019;21:15;59;19;40
09/04/2019;21:30;57;14;43
09/04/2019;21:45;83;25;58
09/04/2019;22:00;67;22;45
09/04/2019;22:15;52;10;42
09/04/2019;22:30;44;16;28
09/04/2019;22:45;38;10;28
09/04/2019;23:00;38;13;25
09/04/2019;23:15;17;4;13
09/04/2019;23:30;21;9;12
09/04/2019;23:45;19;5;14
10/04/2019;00:00;15;5;10
10/04/2019;00:15;17;4;13
10/04/2019;00:30;13;6;7
10/04/2019;00:45;4;1;3
10/04/2019;01:00;8;3;5
10/04/2019;01:15;11;3;8
10/04/2019;01:30;4;2;2
10/04/2019;01:45;4;1;3
10/04/2019;02:00;4;3;1
10/04/2019;02:15;3;2;1
10/04/2019;02:30;4;2;2
10/04/2019;02:45;1;0;1
10/04/2019;03:00;2;1;1
10/04/2019;03:15;1;1;0
10/04/2019;03:30;4;1;3
10/04/2019;03:45;3;2;1
10/04/2019;04:00;0;0;0
10/04/2019;04:15;2;2;0
10/04/2019;04:30;3;2;1
10/04/2019;04:45;5;5;0
10/04/2019;05:00;4;3;1
10/04/2019;05:15;10;4;6
10/04/2019;05:30;13;11;2
10/04/2019;05:45;23;14;9
10/04/2019;06:00;14;10;4
10/04/2019;06:15;31;20;11
10/04/2019;06:30;26;16;10
10/04/2019;06:45;41;26;15
10/04/2019;07:00;57;31;26
10/04/2019;07:15;113;63;50
10/04/2019;07:30;252;164;88
10/04/2019;07:45;237;165;72
10/04/2019;08:00;118;83;35
10/04/2019;08:15;105;72;33
10/04/2019;08:30;99;69;30
10/04/2019;08:45;121;77;44
10/04/2019;09:00;111;81;30
10/04/2019;09:15;123;93;30
10/04/2019;09:30;122;85;37
10/04/2019;09:45;75;51;24
10/04/2019;10:00;55;38;17
10/04/2019;10:15;60;34;26
10/04/2019;10:30;59;32;27
10/04/2019;10:45;55;32;23
10/04/2019;11:00;70;30;40
10/04/2019;11:15;110;50;60
10/04/2019;11:30;82;36;46
10/04/2019;11:45;80;38;42
10/04/2019;12:00;97;44;53
10/04/2019;12:15;112;46;66
10/04/2019;12:30;99;43;56
10/04/2019;12:45;105;41;64
10/04/2019;13:00;233;89;144
10/04/2019;13:15;104;38;66
10/04/2019;13:30;104;52;52
10/04/2019;13:45;155;110;45
10/04/2019;14:00;95;45;50
10/04/2019;14:15;97;37;60
10/04/2019;14:30;92;47;45
10/04/2019;14:45;112;63;49
10/04/2019;15:00;109;47;62
10/04/2019;15:15;103;50;53
10/04/2019;15:30;181;72;109
10/04/2019;15:45;142;62;80
10/04/2019;16:00;135;62;73
10/04/2019;16:15;135;68;67
10/04/2019;16:30;136;64;72
10/04/2019;16:45;135;61;74
10/04/2019;17:00;159;73;86
10/04/2019;17:15;206;81;125
10/04/2019;17:30;179;79;100
10/04/2019;17:45;193;68;125
10/04/2019;18:00;158;64;94
10/04/2019;18:15;180;96;84
10/04/2019;18:30;122;54;68
10/04/2019;18:45;166;88;78
10/04/2019;19:00;153;55;98
10/04/2019;19:15;138;75;63
10/04/2019;19:30;73;35;38
10/04/2019;19:45;95;38;57
10/04/2019;20:00;97;40;57
10/04/2019;20:15;85;46;39
10/04/2019;20:30;60;29;31
10/04/2019;20:45;56;18;38
10/04/2019;21:00;66;24;42
10/04/2019;21:15;72;26;46
10/04/2019;21:30;45;17;28
10/04/2019;21:45;47;21;26
10/04/2019;22:00;58;22;36
10/04/2019;22:15;52;22;30
10/04/2019;22:30;37;8;29
10/04/2019;22:45;37;13;24
10/04/2019;23:00;41;12;29
10/04/2019;23:15;30;10;20
10/04/2019;23:30;21;9;12
10/04/2019;23:45;14;5;9
11/04/2019;00:00;22;7;15
11/04/2019;00:15;18;4;14
11/04/2019;00:30;14;3;11
11/04/2019;00:45;14;0;14
11/04/2019;01:00;14;0;14
11/04/2019;01:15;15;1;14
11/04/2019;01:30;9;1;8
11/04/2019;01:45;4;1;3
11/04/2019;02:00;4;1;3
11/04/2019;02:15;4;1;3
11/04/2019;02:30;1;0;1
11/04/2019;02:45;3;3;0
11/04/2019;03:00;1;0;1
11/04/2019;03:15;3;2;1
11/04/2019;03:30;0;0;0
11/04/2019;03:45;1;1;0
11/04/2019;04:00;3;1;2
11/04/2019;04:15;2;1;1
11/04/2019;04:30;2;2;0
11/04/2019;04:45;0;0;0
11/04/2019;05:00;2;1;1
11/04/2019;05:15;7;6;1
11/04/2019;05:30;17;13;4
11/04/2019;05:45;25;18;7
11/04/2019;06:00;17;13;4
11/04/2019;06:15;28;19;9
11/04/2019;06:30;27;17;10
11/04/2019;06:45;64;40;24
11/04/2019;07:00;82;46;36
11/04/2019;07:15;153;104;49
11/04/2019;07:30;357;223;134
11/04/2019;07:45;300;218;82
11/04/2019;08:00;133;80;53
11/04/2019;08:15;147;85;62
11/04/2019;08:30;128;81;47
11/04/2019;08:45;179;127;52
11/04/2019;09:00;112;60;52
11/04/2019;09:15;155;98;57
11/04/2019;09:30;203;156;47
11/04/2019;09:45;105;56;49
11/04/2019;10:00;67;39;28
11/04/2019;10:15;101;55;46
11/04/2019;10:30;74;41;33
11/04/2019;10:45;86;57;29
11/04/2019;11:00;126;64;62
11/04/2019;11:15;198;128;70
11/04/2019;11:30;125;48;77
11/04/2019;11:45;116;47;69
11/04/2019;12:00;100;35;65
11/04/2019;12:15;136;53;83
11/04/2019;12:30;110;57;53
11/04/2019;12:45;157;74;83
11/04/2019;13:00;242;75;167
11/04/2019;13:15;142;63;79
11/04/2019;13:30;125;65;60
11/04/2019;13:45;212;139;73
11/04/2019;14:00;112;43;69
11/04/2019;14:15;105;50;55
11/04/2019;14:30;115;50;65
11/04/2019;14:45;143;62;81
11/04/2019;15:00;156;75;81
11/04/2019;15:15;133;76;57
11/04/2019;15:30;319;134;185
11/04/2019;15:45;195;91;104
11/04/2019;16:00;163;74;89
11/04/2019;16:15;205;116;89
11/04/2019;16:30;190;83;107
11/04/2019;16:45;212;102;110
11/04/2019;17:00;215;88;127
11/04/2019;17:15;271;102;169
11/04/2019;17:30;205;75;130
11/04/2019;17:45;200;93;107
11/04/2019;18:00;224;97;127
11/04/2019;18:15;194;83;111
11/04/2019;18:30;184;97;87
11/04/2019;18:45;168;76;92
11/04/2019;19:00;165;44;121
11/04/2019;19:15;157;67;90
11/04/2019;19:30;103;49;54
11/04/2019;19:45;116;51;65
11/04/2019;20:00;100;35;65
11/04/2019;20:15;126;53;73
11/04/2019;20:30;66;26;40
11/04/2019;20:45;88;40;48
11/04/2019;21:00;55;21;34
11/04/2019;21:15;58;35;23
11/04/2019;21:30;45;14;31
11/04/2019;21:45;71;26;45
11/04/2019;22:00;50;20;30
11/04/2019;22:15;50;22;28
11/04/2019;22:30;45;23;22
11/04/2019;22:45;55;20;35
11/04/2019;23:00;34;11;23
11/04/2019;23:15;35;15;20
11/04/2019;23:30;25;10;15
11/04/2019;23:45;28;13;15
12/04/2019;00:00;22;9;13
12/04/2019;00:15;19;7;12
12/04/2019;00:30;15;5;10
12/04/2019;00:45;10;3;7
12/04/2019;01:00;16;6;10
12/04/2019;01:15;18;3;15
12/04/2019;01:30;13;6;7
12/04/2019;01:45;6;4;2
12/04/2019;02:00;4;3;1
12/04/2019;02:15;3;1;2
12/04/2019;02:30;5;3;2
12/04/2019;02:45;3;0;3
12/04/2019;03:00;4;3;1
12/04/2019;03:15;0;0;0
12/04/2019;03:30;3;2;1
12/04/2019;03:45;1;0;1
12/04/2019;04:00;3;3;0
12/04/2019;04:15;0;0;0
12/04/2019;04:30;3;2;1
12/04/2019;04:45;1;1;0
12/04/2019;05:00;1;1;0
12/04/2019;05:15;4;2;2
12/04/2019;05:30;7;5;2
12/04/2019;05:45;19;15;4
12/04/2019;06:00;30;22;8
12/04/2019;06:15;20;16;4
12/04/2019;06:30;37;23;14
12/04/2019;06:45;58;37;21
12/04/2019;07:00;64;29;35
12/04/2019;07:15;94;54;40
12/04/2019;07:30;201;77;124
12/04/2019;07:45;240;162;78
12/04/2019;08:00;161;115;46
12/04/2019;08:15;166;99;67
12/04/2019;08:30;169;95;74
12/04/2019;08:45;199;129;70
12/04/2019;09:00;203;136;67
12/04/2019;09:15;262;210;52
12/04/2019;09:30;173;119;54
12/04/2019;09:45;114;73;41
12/04/2019;10:00;83;47;36
12/04/2019;10:15;109;58;51
12/04/2019;10:30;88;48;40
12/04/2019;10:45;97;51;46
12/04/2019;11:00;142;70;72
12/04/2019;11:15;191;108;83
12/04/2019;11:30;146;75;71
12/04/2019;11:45;140;70;70
12/04/2019;12:00;165;64;101
12/04/2019;12:15;178;66;112
12/04/2019;12:30;186;81;105
12/04/2019;12:45;160;69;91
12/04/2019;13:00;325;91;234
12/04/2019;13:15;211;70;141
12/04/2019;13:30;178;84;94
12/04/2019;13:45;165;68;97
12/04/2019;14:00;145;65;80
12/04/2019;14:15;142;57;85
12/04/2019;14:30;141;62;79
12/04/2019;14:45;180;87;93
12/04/2019;15:00;177;89;88
12/04/2019;15:15;168;95;73
12/04/2019;15:30;162;76;86
12/04/2019;15:45;164;67;97
12/04/2019;16:00;148;59;89
12/04/2019;16:15;162;89;73
12/04/2019;16:30;149;73;76
12/04/2019;16:45;147;58;89
12/04/2019;17:00;174;70;104
12/04/2019;17:15;186;66;120
12/04/2019;17:30;154;75;79
12/04/2019;17:45;161;69;92
12/04/2019;18:00;153;63;90
12/04/2019;18:15;141;65;76
12/04/2019;18:30;126;58;68
12/04/2019;18:45;149;77;72
12/04/2019;19:00;135;64;71
12/04/2019;19:15;124;70;54
12/04/2019;19:30;95;37;58
12/04/2019;19:45;94;51;43
12/04/2019;20:00;117;63;54
12/04/2019;20:15;94;50;44
12/04/2019;20:30;95;50;45
12/04/2019;20:45;86;46;40
12/04/2019;21:00;57;39;18
12/04/2019;21:15;60;42;18
12/04/2019;21:30;71;34;37
12/04/2019;21:45;51;25;26
12/04/2019;22:00;47;19;28
12/04/2019;22:15;58;19;39
12/04/2019;22:30;42;18;24
12/04/2019;22:45;50;25;25
12/04/2019;23:00;37;15;22
12/04/2019;23:15;45;15;30
12/04/2019;23:30;38;12;26
12/04/2019;23:45;48;12;36
13/04/2019;00:00;51;22;29
13/04/2019;00:15;37;4;33
13/04/2019;00:30;30;9;21
13/04/2019;00:45;30;11;19
13/04/2019;01:00;32;10;22
13/04/2019;01:15;37;15;22
13/04/2019;01:30;20;6;14
13/04/2019;01:45;35;16;19
13/04/2019;02:00;16;8;8
13/04/2019;02:15;15;7;8
13/04/2019;02:30;13;3;10
13/04/2019;02:45;13;4;9
13/04/2019;03:00;13;5;8
13/04/2019;03:15;6;2;4
13/04/2019;03:30;7;1;6
13/04/2019;03:45;6;2;4
13/04/2019;04:00;3;1;2
13/04/2019;04:15;6;1;5
13/04/2019;04:30;10;4;6
13/04/2019;04:45;1;1;0
13/04/2019;05:00;1;0;1
13/04/2019;05:15;2;2;0
13/04/2019;05:30;2;0;2
13/04/2019;05:45;17;9;8
13/04/2019;06:00;6;2;4
13/04/2019;06:15;7;5;2
13/04/2019;06:30;11;8;3
13/04/2019;06:45;13;6;7
13/04/2019;07:00;11;5;6
13/04/2019;07:15;11;4;7
13/04/2019;07:30;15;11;4
13/04/2019;07:45;24;12;12
13/04/2019;08:00;16;9;7
13/04/2019;08:15;29;13;16
13/04/2019;08:30;33;18;15
13/04/2019;08:45;77;54;23
13/04/2019;09:00;60;33;27
13/04/2019;09:15;57;38;19
13/04/2019;09:30;54;34;20
13/04/2019;09:45;95;61;34
13/04/2019;10:00;65;34;31
13/04/2019;10:15;89;44;45
13/04/2019;10:30;88;52;36
13/04/2019;10:45;102;61;41
13/04/2019;11:00;102;51;51
13/04/2019;11:15;85;51;34
13/04/2019;11:30;124;64;60
13/04/2019;11:45;99;62;37
13/04/2019;12:00;114;54;60
13/04/2019;12:15;119;67;52
13/04/2019;12:30;125;72;53
13/04/2019;12:45;119;57;62
13/04/2019;13:00;129;77;52
13/04/2019;13:15;112;56;56
13/04/2019;13:30;131;78;53
13/04/2019;13:45;134;62;72
13/04/2019;14:00;118;60;58
13/04/2019;14:15;109;55;54
13/04/2019;14:30;87;34;53
13/04/2019;14:45;122;70;52
13/04/2019;15:00;92;51;41
13/04/2019;15:15;108;48;60
13/04/2019;15:30;110;53;57
13/04/2019;15:45;110;51;59
13/04/2019;16:00;119;61;58
13/04/2019;16:15;136;62;74
13/04/2019;16:30;116;45;71
13/04/2019;16:45;99;40;59
13/04/2019;17:00;98;32;66
13/04/2019;17:15;94;39;55
13/04/2019;17:30;117;46;71
13/04/2019;17:45;126;51;75
13/04/2019;18:00;112;44;68
13/04/2019;18:15;126;53;73
13/04/2019;18:30;81;30;51
13/04/2019;18:45;88;47;41
13/04/2019;19:00;86;44;42
13/04/2019;19:15;93;48;45
13/04/2019;19:30;87;49;38
13/04/2019;19:45;97;44;53
13/04/2019;20:00;60;26;34
13/04/2019;20:15;65;29;36
13/04/2019;20:30;79;29;50
13/04/2019;20:45;55;26;29
13/04/2019;21:00;63;34;29
13/04/2019;21:15;37;25;12
13/04/2019;21:30;56;18;38
13/04/2019;21:45;53;19;34
13/04/2019;22:00;53;33;20
13/04/2019;22:15;45;22;23
13/04/2019;22:30;40;9;31
13/04/2019;22:45;33;17;16
13/04/2019;23:00;29;14;15
13/04/2019;23:15;41;8;33
13/04/2019;23:30;35;16;19
13/04/2019;23:45;34;10;24
14/04/2019;00:00;22;9;13
14/04/2019;00:15;55;22;33
14/04/2019;00:30;22;11;11
14/04/2019;00:45;40;15;25
14/04/2019;01:00;35;11;24
14/04/2019;01:15;18;9;9
14/04/2019;01:30;23;11;12
14/04/2019;01:45;10;4;6
14/04/2019;02:00;23;13;10
14/04/2019;02:15;15;8;7
14/04/2019;02:30;25;6;19
14/04/2019;02:45;17;5;12
14/04/2019;03:00;10;4;6
14/04/2019;03:15;14;8;6
14/04/2019;03:30;14;7;7
14/04/2019;03:45;7;5;2
14/04/2019;04:00;6;5;1
14/04/2019;04:15;2;2;0
14/04/2019;04:30;4;2;2
14/04/2019;04:45;10;8;2
14/04/2019;05:00;0;0;0
14/04/2019;05:15;2;2;0
14/04/2019;05:30;5;4;1
14/04/2019;05:45;7;4;3
14/04/2019;06:00;5;3;2
14/04/2019;06:15;9;8;1
14/04/2019;06:30;7;5;2
14/04/2019;06:45;5;0;5
14/04/2019;07:00;1;0;1
14/04/2019;07:15;3;2;1
14/04/2019;07:30;7;2;5
14/04/2019;07:45;9;4;5
14/04/2019;08:00;5;0;5
14/04/2019;08:15;15;11;4
14/04/2019;08:30;10;5;5
14/04/2019;08:45;15;9;6
14/04/2019;09:00;10;6;4
14/04/2019;09:15;24;15;9
14/04/2019;09:30;20;12;8
14/04/2019;09:45;42;18;24
14/04/2019;10:00;22;16;6
14/04/2019;10:15;22;8;14
14/04/2019;10:30;28;11;17
14/04/2019;10:45;17;9;8
14/04/2019;11:00;31;16;15
14/04/2019;11:15;26;17;9
14/04/2019;11:30;26;14;12
14/04/2019;11:45;27;11;16
14/04/2019;12:00;23;12;11
14/04/2019;12:15;53;39;14
14/04/2019;12:30;36;25;11
14/04/2019;12:45;34;19;15
14/04/2019;13:00;48;27;21
14/04/2019;13:15;28;9;19
14/04/2019;13:30;43;22;21
14/04/2019;13:45;38;15;23
14/04/2019;14:00;56;32;24
14/04/2019;14:15;32;15;17
14/04/2019;14:30;38;17;21
14/04/2019;14:45;53;29;24
14/04/2019;15:00;38;13;25
14/04/2019;15:15;42;23;19
14/04/2019;15:30;46;22;24
14/04/2019;15:45;35;16;19
14/04/2019;16:00;48;21;27
14/04/2019;16:15;50;32;18
14/04/2019;16:30;42;25;17
14/04/2019;16:45;53;32;21
14/04/2019;17:00;32;16;16
14/04/2019;17:15;50;27;23
14/04/2019;17:30;49;24;25
14/04/2019;17:45;52;31;21
14/04/2019;18:00;36;21;15
14/04/2019;18:15;47;23;24
14/04/2019;18:30;27;8;19
14/04/2019;18:45;35;11;24
14/04/2019;19:00;34;12;22
14/04/2019;19:15;43;26;17
14/04/2019;19:30;41;20;21
14/04/2019;19:45;30;20;10
14/04/2019;20:00;48;25;23
14/04/2019;20:15;36;17;19
14/04/2019;20:30;25;15;10
14/04/2019;20:45;25;9;16
14/04/2019;21:00;22;10;12
14/04/2019;21:15;20;12;8
14/04/2019;21:30;21;7;14
14/04/2019;21:45;21;7;14
14/04/2019;22:00;33;13;20
14/04/2019;22:15;19;4;15
14/04/2019;22:30;25;6;19
14/04/2019;22:45;25;10;15
14/04/2019;23:00;12;3;9
14/04/2019;23:15;15;2;13
14/04/2019;23:30;16;2;14
14/04/2019;23:45;13;6;7
15/04/2019;00:00;11;3;8
15/04/2019;00:15;5;3;2
15/04/2019;00:30;5;0;5
15/04/2019;00:45;6;1;5
15/04/2019;01:00;5;1;4
15/04/2019;01:15;10;3;7
15/04/2019;01:30;4;4;0
15/04/2019;01:45;2;2;0
15/04/2019;02:00;1;1;0
15/04/2019;02:15;2;1;1
15/04/2019;02:30;5;4;1
15/04/2019;02:45;1;1;0
15/04/2019;03:00;1;0;1
15/04/2019;03:15;0;0;0
15/04/2019;03:30;0;0;0
15/04/2019;03:45;0;0;0
15/04/2019;04:00;1;0;1
15/04/2019;04:15;4;1;3
15/04/2019;04:30;0;0;0
15/04/2019;04:45;2;1;1
15/04/2019;05:00;3;1;2
15/04/2019;05:15;3;2;1
15/04/2019;05:30;15;10;5
15/04/2019;05:45;22;16;6
15/04/2019;06:00;14;10;4
15/04/2019;06:15;21;18;3
15/04/2019;06:30;44;28;16
15/04/2019;06:45;60;34;26
15/04/2019;07:00;66;29;37
15/04/2019;07:15;82;49;33
15/04/2019;07:30;97;62;35
15/04/2019;07:45;246;171;75
15/04/2019;08:00;138;85;53
15/04/2019;08:15;117;72;45
15/04/2019;08:30;124;65;59
15/04/2019;08:45;148;96;52
15/04/2019;09:00;130;77;53
15/04/2019;09:15;119;82;37
15/04/2019;09:30;231;142;89
15/04/2019;09:45;146;99;47
15/04/2019;10:00;77;44;33
15/04/2019;10:15;95;56;39
15/04/2019;10:30;90;54;36
15/04/2019;10:45;112;54;58
15/04/2019;11:00;126;66;60
15/04/2019;11:15;162;83;79
15/04/2019;11:30;108;63;45
15/04/2019;11:45;116;70;46
15/04/2019;12:00;142;79;63
15/04/2019;12:15;127;56;71
15/04/2019;12:30;130;42;88
15/04/2019;12:45;136;53;83
15/04/2019;13:00;153;44;109
15/04/2019;13:15;130;63;67
15/04/2019;13:30;140;71;69
15/04/2019;13:45;181;101;80
15/04/2019;14:00;129;59;70
15/04/2019;14:15;133;54;79
15/04/2019;14:30;122;65;57
15/04/2019;14:45;151;85;66
15/04/2019;15:00;152;79;73
15/04/2019;15:15;156;97;59
15/04/2019;15:30;212;114;98
15/04/2019;15:45;151;69;82
15/04/2019;16:00;164;74;90
15/04/2019;16:15;202;79;123
15/04/2019;16:30;203;88;115
15/04/2019;16:45;181;85;96
15/04/2019;17:00;215;91;124
15/04/2019;17:15;243;110;133
15/04/2019;17:30;206;73;133
15/04/2019;17:45;217;98;119
15/04/2019;18:00;230;99;131
15/04/2019;18:15;197;85;112
15/04/2019;18:30;218;98;120
15/04/2019;18:45;212;106;106
15/04/2019;19:00;207;96;111
15/04/2019;19:15;169;68;101
15/04/2019;19:30;163;78;85
15/04/2019;19:45;158;63;95
15/04/2019;20:00;112;42;70
15/04/2019;20:15;142;61;81
15/04/2019;20:30;97;48;49
15/04/2019;20:45;100;38;62
15/04/2019;21:00;86;24;62
15/04/2019;21:15;74;32;42
15/04/2019;21:30;63;26;37
15/04/2019;21:45;45;22;23
15/04/2019;22:00;59;28;31
15/04/2019;22:15;58;13;45
15/04/2019;22:30;54;26;28
15/04/2019;22:45;52;11;41
15/04/2019;23:00;35;17;18
15/04/2019;23:15;43;21;22
15/04/2019;23:30;33;19;14
15/04/2019;23:45;31;13;18
16/04/2019;00:00;19;8;11
16/04/2019;00:15;23;7;16
16/04/2019;00:30;13;7;6
16/04/2019;00:45;9;1;8
16/04/2019;01:00;11;5;6
16/04/2019;01:15;12;5;7
16/04/2019;01:30;7;1;6
16/04/2019;01:45;9;4;5
16/04/2019;02:00;6;5;1
16/04/2019;02:15;4;1;3
16/04/2019;02:30;4;1;3
16/04/2019;02:45;3;2;1
16/04/2019;03:00;4;1;3
16/04/2019;03:15;3;3;0
16/04/2019;03:30;5;2;3
16/04/2019;03:45;1;0;1
16/04/2019;04:00;3;2;1
16/04/2019;04:15;2;2;0
16/04/2019;04:30;4;3;1
16/04/2019;04:45;5;3;2
16/04/2019;05:00;0;0;0
16/04/2019;05:15;4;3;1
16/04/2019;05:30;16;11;5
16/04/2019;05:45;19;14;5
16/04/2019;06:00;17;9;8
16/04/2019;06:15;32;25;7
16/04/2019;06:30;47;29;18
16/04/2019;06:45;62;39;23
16/04/2019;07:00;48;22;26
16/04/2019;07:15;77;45;32
16/04/2019;07:30;120;58;62
16/04/2019;07:45;324;229;95
16/04/2019;08:00;131;70;61
16/04/2019;08:15;133;80;53
16/04/2019;08:30;126;80;46
16/04/2019;08:45;177;109;68
16/04/2019;09:00;132;82;50
16/04/2019;09:15;172;125;47
16/04/2019;09:30;286;186;100
16/04/2019;09:45;147;83;64
16/04/2019;10:00;142;90;52
16/04/2019;10:15;119;75;44
16/04/2019;10:30;97;48;49
16/04/2019;10:45;120;61;59
16/04/2019;11:00;140;77;63
16/04/2019;11:15;199;94;105
16/04/2019;11:30;128;59;69
16/04/2019;11:45;127;60;67
16/04/2019;12:00;153;71;82
16/04/2019;12:15;138;56;82
16/04/2019;12:30;161;67;94
16/04/2019;12:45;181;72;109
16/04/2019;13:00;186;78;108
16/04/2019;13:15;158;65;93
16/04/2019;13:30;164;82;82
16/04/2019;13:45;202;135;67
16/04/2019;14:00;143;85;58
16/04/2019;14:15;137;84;53
16/04/2019;14:30;143;82;61
16/04/2019;14:45;182;105;77
16/04/2019;15:00;132;64;68
16/04/2019;15:15;166;99;67
16/04/2019;15:30;213;99;114
16/04/2019;15:45;203;99;104
16/04/2019;16:00;151;70;81
16/04/2019;16:15;199;74;125
16/04/2019;16:30;196;86;110
16/04/2019;16:45;227;105;122
16/04/2019;17:00;236;106;130
16/04/2019;17:15;254;111;143
16/04/2019;17:30;215;94;121
16/04/2019;17:45;245;114;131
16/04/2019;18:00;211;84;127
16/04/2019;18:15;164;60;104
16/04/2019;18:30;173;77;96
16/04/2019;18:45;203;108;95
16/04/2019;19:00;189;59;130
16/04/2019;19:15;190;66;124
16/04/2019;19:30;156;86;70
16/04/2019;19:45;146;69;77
16/04/2019;20:00;109;48;61
16/04/2019;20:15;137;54;83
16/04/2019;20:30;85;34;51
16/04/2019;20:45;119;48;71
16/04/2019;21:00;77;37;40
16/04/2019;21:15;60;28;32
16/04/2019;21:30;62;29;33
16/04/2019;21:45;67;22;45
16/04/2019;22:00;61;18;43
16/04/2019;22:15;55;22;33
16/04/2019;22:30;41;12;29
16/04/2019;22:45;49;22;27
16/04/2019;23:00;53;23;30
16/04/2019;23:15;53;22;31
16/04/2019;23:30;33;11;22
16/04/2019;23:45;31;14;17
17/04/2019;00:00;20;6;14
17/04/2019;00:15;16;4;12
17/04/2019;00:30;16;3;13
17/04/2019;00:45;8;0;8
17/04/2019;01:00;11;4;7
17/04/2019;01:15;3;0;3
17/04/2019;01:30;3;1;2
17/04/2019;01:45;3;2;1
17/04/2019;02:00;1;0;1
17/04/2019;02:15;5;1;4
17/04/2019;02:30;2;2;0
17/04/2019;02:45;5;1;4
17/04/2019;03:00;1;0;1
17/04/2019;03:15;3;1;2
17/04/2019;03:30;0;0;0
17/04/2019;03:45;1;1;0
17/04/2019;04:00;0;0;0
17/04/2019;04:15;4;4;0
17/04/2019;04:30;3;2;1
17/04/2019;04:45;3;1;2
17/04/2019;05:00;2;0;2
17/04/2019;05:15;4;3;1
17/04/2019;05:30;16;5;11
17/04/2019;05:45;22;14;8
17/04/2019;06:00;20;10;10
17/04/2019;06:15;27;21;6
17/04/2019;06:30;37;23;14
17/04/2019;06:45;65;37;28
17/04/2019;07:00;64;32;32
17/04/2019;07:15;83;53;30
17/04/2019;07:30;120;58;62
17/04/2019;07:45;385;281;104
17/04/2019;08:00;155;100;55
17/04/2019;08:15;133;87;46
17/04/2019;08:30;131;79;52
17/04/2019;08:45;188;123;65
17/04/2019;09:00;145;90;55
17/04/2019;09:15;131;75;56
17/04/2019;09:30;257;139;118
17/04/2019;09:45;171;112;59
17/04/2019;10:00;134;78;56
17/04/2019;10:15;113;55;58
17/04/2019;10:30;99;60;39
17/04/2019;10:45;120;66;54
17/04/2019;11:00;118;63;55
17/04/2019;11:15;220;88;132
17/04/2019;11:30;139;55;84
17/04/2019;11:45;132;59;73
17/04/2019;12:00;146;74;72
17/04/2019;12:15;139;67;72
17/04/2019;12:30;148;74;74
17/04/2019;12:45;182;81;101
17/04/2019;13:00;153;57;96
17/04/2019;13:15;140;48;92
17/04/2019;13:30;151;91;60
17/04/2019;13:45;207;129;78
17/04/2019;14:00;154;72;82
17/04/2019;14:15;142;64;78
17/04/2019;14:30;162;85;77
17/04/2019;14:45;159;74;85
17/04/2019;15:00;168;78;90
17/04/2019;15:15;189;99;90
17/04/2019;15:30;183;93;90
17/04/2019;15:45;194;89;105
17/04/2019;16:00;163;70;93
17/04/2019;16:15;170;81;89
17/04/2019;16:30;212;87;125
17/04/2019;16:45;235;122;113
17/04/2019;17:00;261;97;164
17/04/2019;17:15;271;119;152
17/04/2019;17:30;186;89;97
17/04/2019;17:45;247;131;116
17/04/2019;18:00;220;80;140
17/04/2019;18:15;272;112;160
17/04/2019;18:30;215;102;113
17/04/2019;18:45;222;116;106
17/04/2019;19:00;226;87;139
17/04/2019;19:15;188;94;94
17/04/2019;19:30;171;99;72
17/04/2019;19:45;167;76;91
17/04/2019;20:00;122;54;68
17/04/2019;20:15;129;53;76
17/04/2019;20:30;108;46;62
17/04/2019;20:45;123;59;64
17/04/2019;21:00;118;49;69
17/04/2019;21:15;100;51;49
17/04/2019;21:30;84;39;45
17/04/2019;21:45;119;60;59
17/04/2019;22:00;86;36;50
17/04/2019;22:15;75;33;42
17/04/2019;22:30;58;22;36
17/04/2019;22:45;55;24;31
17/04/2019;23:00;68;36;32
17/04/2019;23:15;54;21;33
17/04/2019;23:30;50;13;37
17/04/2019;23:45;44;14;30
18/04/2019;00:00;34;11;23
18/04/2019;00:15;31;13;18
18/04/2019;00:30;17;2;15
18/04/2019;00:45;22;5;17
18/04/2019;01:00;22;10;12
18/04/2019;01:15;27;4;23
18/04/2019;01:30;14;2;12
18/04/2019;01:45;12;4;8
18/04/2019;02:00;13;5;8
18/04/2019;02:15;7;4;3
18/04/2019;02:30;5;2;3
18/04/2019;02:45;5;4;1
18/04/2019;03:00;8;1;7
18/04/2019;03:15;6;5;1
18/04/2019;03:30;1;1;0
18/04/2019;03:45;5;5;0
18/04/2019;04:00;3;2;1
18/04/2019;04:15;0;0;0
18/04/2019;04:30;6;6;0
18/04/2019;04:45;12;11;1
18/04/2019;05:00;2;2;0
18/04/2019;05:15;11;7;4
18/04/2019;05:30;10;7;3
18/04/2019;05:45;24;17;7
18/04/2019;06:00;21;13;8
18/04/2019;06:15;31;26;5
18/04/2019;06:30;36;22;14
18/04/2019;06:45;60;31;29
18/04/2019;07:00;55;31;24
18/04/2019;07:15;58;36;22
18/04/2019;07:30;103;54;49
18/04/2019;07:45;298;199;99
18/04/2019;08:00;147;100;47
18/04/2019;08:15;128;76;52
18/04/2019;08:30;135;86;49
18/04/2019;08:45;178;115;63
18/04/2019;09:00;117;76;41
18/04/2019;09:15;130;73;57
18/04/2019;09:30;214;122;92
18/04/2019;09:45;147;91;56
18/04/2019;10:00;120;62;58
18/04/2019;10:15;101;60;41
18/04/2019;10:30;130;73;57
18/04/2019;10:45;130;68;62
18/04/2019;11:00;136;80;56
18/04/2019;11:15;233;139;94
18/04/2019;11:30;136;67;69
18/04/2019;11:45;151;80;71
18/04/2019;12:00;151;60;91
18/04/2019;12:15;172;80;92
18/04/2019;12:30;142;58;84
18/04/2019;12:45;156;56;100
18/04/2019;13:00;188;63;125
18/04/2019;13:15;150;69;81
18/04/2019;13:30;166;88;78
18/04/2019;13:45;189;117;72
18/04/2019;14:00;161;79;82
18/04/2019;14:15;186;99;87
18/04/2019;14:30;152;78;74
18/04/2019;14:45;156;72;84
18/04/2019;15:00;166;86;80
18/04/2019;15:15;208;81;127
18/04/2019;15:30;214;101;113
18/04/2019;15:45;227;110;117
18/04/2019;16:00;232;108;124
18/04/2019;16:15;208;89;119
18/04/2019;16:30;224;111;113
18/04/2019;16:45;203;107;96
18/04/2019;17:00;248;93;155
18/04/2019;17:15;239;102;137
18/04/2019;17:30;223;87;136
18/04/2019;17:45;237;114;123
18/04/2019;18:00;192;71;121
18/04/2019;18:15;194;86;108
18/04/2019;18:30;175;79;96
18/04/2019;18:45;194;70;124
18/04/2019;19:00;175;79;96
18/04/2019;19:15;155;64;91
18/04/2019;19:30;132;71;61
18/04/2019;19:45;147;63;84
18/04/2019;20:00;119;51;68
18/04/2019;20:15;101;47;54
18/04/2019;20:30;91;44;47
18/04/2019;20:45;84;39;45
18/04/2019;21:00;69;30;39
18/04/2019;21:15;73;39;34
18/04/2019;21:30;49;17;32
18/04/2019;21:45;63;31;32
18/04/2019;22:00;47;29;18
18/04/2019;22:15;64;24;40
18/04/2019;22:30;40;13;27
18/04/2019;22:45;43;22;21
18/04/2019;23:00;40;15;25
18/04/2019;23:15;56;23;33
18/04/2019;23:30;36;19;17
18/04/2019;23:45;27;12;15
19/04/2019;00:00;34;13;21
19/04/2019;00:15;24;5;19
19/04/2019;00:30;17;10;7
19/04/2019;00:45;37;6;31
19/04/2019;01:00;20;4;16
19/04/2019;01:15;23;8;15
19/04/2019;01:30;16;5;11
19/04/2019;01:45;16;9;7
19/04/2019;02:00;18;8;10
19/04/2019;02:15;14;3;11
19/04/2019;02:30;13;4;9
19/04/2019;02:45;3;1;2
19/04/2019;03:00;6;3;3
19/04/2019;03:15;9;3;6
19/04/2019;03:30;6;3;3
19/04/2019;03:45;7;5;2
19/04/2019;04:00;4;2;2
19/04/2019;04:15;1;1;0
19/04/2019;04:30;2;2;0
19/04/2019;04:45;2;2;0
19/04/2019;05:00;4;3;1
19/04/2019;05:15;2;1;1
19/04/2019;05:30;1;0;1
19/04/2019;05:45;3;3;0
19/04/2019;06:00;3;2;1
19/04/2019;06:15;12;6;6
19/04/2019;06:30;7;6;1
19/04/2019;06:45;8;1;7
19/04/2019;07:00;5;1;4
19/04/2019;07:15;10;5;5
19/04/2019;07:30;10;5;5
19/04/2019;07:45;13;10;3
19/04/2019;08:00;22;11;11
19/04/2019;08:15;16;3;13
19/04/2019;08:30;22;14;8
19/04/2019;08:45;21;11;10
19/04/2019;09:00;55;28;27
19/04/2019;09:15;51;29;22
19/04/2019;09:30;46;32;14
19/04/2019;09:45;84;52;32
19/04/2019;10:00;63;25;38
19/04/2019;10:15;92;57;35
19/04/2019;10:30;71;37;34
19/04/2019;10:45;80;50;30
19/04/2019;11:00;112;46;66
19/04/2019;11:15;83;40;43
19/04/2019;11:30;100;45;55
19/04/2019;11:45;92;48;44
19/04/2019;12:00;105;28;77
19/04/2019;12:15;103;40;63
19/04/2019;12:30;73;34;39
19/04/2019;12:45;123;68;55
19/04/2019;13:00;109;57;52
19/04/2019;13:15;79;31;48
19/04/2019;13:30;104;38;66
19/04/2019;13:45;132;71;61
19/04/2019;14:00;126;43;83
19/04/2019;14:15;113;67;46
19/04/2019;14:30;124;62;62
19/04/2019;14:45;178;82;96
19/04/2019;15:00;116;38;78
19/04/2019;15:15;148;87;61
19/04/2019;15:30;119;71;48
19/04/2019;15:45;117;60;57
19/04/2019;16:00;106;42;64
19/04/2019;16:15;137;80;57
19/04/2019;16:30;195;119;76
19/04/2019;16:45;161;101;60
19/04/2019;17:00;131;82;49
19/04/2019;17:15;92;48;44
19/04/2019;17:30;125;64;61
19/04/2019;17:45;125;69;56
19/04/2019;18:00;115;41;74
19/04/2019;18:15;120;63;57
19/04/2019;18:30;85;50;35
19/04/2019;18:45;143;74;69
19/04/2019;19:00;122;50;72
19/04/2019;19:15;135;50;85
19/04/2019;19:30;78;27;51
19/04/2019;19:45;80;38;42
19/04/2019;20:00;83;39;44
19/04/2019;20:15;80;28;52
19/04/2019;20:30;52;19;33
19/04/2019;20:45;52;27;25
19/04/2019;21:00;39;16;23
19/04/2019;21:15;75;36;39
19/04/2019;21:30;51;21;30
19/04/2019;21:45;44;21;23
19/04/2019;22:00;26;15;11
19/04/2019;22:15;43;13;30
19/04/2019;22:30;32;13;19
19/04/2019;22:45;28;10;18
19/04/2019;23:00;33;11;22
19/04/2019;23:15;18;6;12
19/04/2019;23:30;21;8;13
19/04/2019;23:45;24;16;8
20/04/2019;00:00;26;11;15
20/04/2019;00:15;18;4;14
20/04/2019;00:30;14;4;10
20/04/2019;00:45;14;7;7
20/04/2019;01:00;9;1;8
20/04/2019;01:15;5;3;2
20/04/2019;01:30;13;5;8
20/04/2019;01:45;11;6;5
20/04/2019;02:00;5;2;3
20/04/2019;02:15;4;0;4
20/04/2019;02:30;8;4;4
20/04/2019;02:45;4;0;4
20/04/2019;03:00;7;1;6
20/04/2019;03:15;2;1;1
20/04/2019;03:30;2;0;2
20/04/2019;03:45;3;2;1
20/04/2019;04:00;2;0;2
20/04/2019;04:15;3;3;0
20/04/2019;04:30;0;0;0
20/04/2019;04:45;2;2;0
20/04/2019;05:00;3;0;3
20/04/2019;05:15;4;4;0
20/04/2019;05:30;4;2;2
20/04/2019;05:45;5;3;2
20/04/2019;06:00;5;3;2
20/04/2019;06:15;9;7;2
20/04/2019;06:30;9;5;4
20/04/2019;06:45;15;9;6
20/04/2019;07:00;12;8;4
20/04/2019;07:15;12;8;4
20/04/2019;07:30;15;9;6
20/04/2019;07:45;16;9;7
20/04/2019;08:00;27;13;14
20/04/2019;08:15;32;15;17
20/04/2019;08:30;44;26;18
20/04/2019;08:45;64;43;21
20/04/2019;09:00;56;30;26
20/04/2019;09:15;103;52;51
20/04/2019;09:30;103;69;34
20/04/2019;09:45;122;82;40
20/04/2019;10:00;125;79;46
20/04/2019;10:15;153;71;82
20/04/2019;10:30;154;74;80
20/04/2019;10:45;147;90;57
20/04/2019;11:00;138;71;67
20/04/2019;11:15;140;81;59
20/04/2019;11:30;177;97;80
20/04/2019;11:45;149;79;70
20/04/2019;12:00;159;88;71
20/04/2019;12:15;143;77;66
20/04/2019;12:30;146;74;72
20/04/2019;12:45;132;65;67
20/04/2019;13:00;145;70;75
20/04/2019;13:15;200;102;98
20/04/2019;13:30;148;96;52
20/04/2019;13:45;158;71;87
20/04/2019;14:00;165;85;80
20/04/2019;14:15;148;65;83
20/04/2019;14:30;139;87;52
20/04/2019;14:45;155;60;95
20/04/2019;15:00;195;99;96
20/04/2019;15:15;150;66;84
20/04/2019;15:30;163;62;101
20/04/2019;15:45;129;64;65
20/04/2019;16:00;170;73;97
20/04/2019;16:15;138;67;71
20/04/2019;16:30;152;69;83
20/04/2019;16:45;140;54;86
20/04/2019;17:00;155;74;81
20/04/2019;17:15;166;81;85
20/04/2019;17:30;132;64;68
20/04/2019;17:45;158;77;81
20/04/2019;18:00;145;54;91
20/04/2019;18:15;144;82;62
20/04/2019;18:30;111;65;46
20/04/2019;18:45;108;54;54
20/04/2019;19:00;102;51;51
20/04/2019;19:15;97;62;35
20/04/2019;19:30;103;63;40
20/04/2019;19:45;64;30;34
20/04/2019;20:00;64;28;36
20/04/2019;20:15;93;33;60
20/04/2019;20:30;74;29;45
20/04/2019;20:45;69;22;47
20/04/2019;21:00;70;33;37
20/04/2019;21:15;58;29;29
20/04/2019;21:30;40;17;23
20/04/2019;21:45;39;25;14
20/04/2019;22:00;26;20;6
20/04/2019;22:15;43;23;20
20/04/2019;22:30;49;17;32
20/04/2019;22:45;36;9;27
20/04/2019;23:00;28;7;21
20/04/2019;23:15;34;6;28
20/04/2019;23:30;18;6;12
20/04/2019;23:45;29;7;22
21/04/2019;00:00;21;5;16
21/04/2019;00:15;19;6;13
21/04/2019;00:30;31;9;22
21/04/2019;00:45;21;6;15
21/04/2019;01:00;30;10;20
21/04/2019;01:15;13;4;9
21/04/2019;01:30;10;3;7
21/04/2019;01:45;14;8;6
21/04/2019;02:00;12;1;11
21/04/2019;02:15;13;3;10
21/04/2019;02:30;3;1;2
21/04/2019;02:45;5;5;0
21/04/2019;03:00;7;2;5
21/04/2019;03:15;5;1;4
21/04/2019;03:30;3;0;3
21/04/2019;03:45;2;0;2
21/04/2019;04:00;3;1;2
21/04/2019;04:15;3;1;2
21/04/2019;04:30;0;0;0
21/04/2019;04:45;3;2;1
21/04/2019;05:00;2;2;0
21/04/2019;05:15;3;1;2
21/04/2019;05:30;2;2;0
21/04/2019;05:45;9;5;4
21/04/2019;06:00;10;5;5
21/04/2019;06:15;14;3;11
21/04/2019;06:30;8;4;4
21/04/2019;06:45;8;5;3
21/04/2019;07:00;6;3;3
21/04/2019;07:15;8;3;5
21/04/2019;07:30;8;4;4
21/04/2019;07:45;12;4;8
21/04/2019;08:00;13;7;6
21/04/2019;08:15;12;7;5
21/04/2019;08:30;16;13;3
21/04/2019;08:45;35;15;20
21/04/2019;09:00;29;15;14
21/04/2019;09:15;37;23;14
21/04/2019;09:30;63;26;37
21/04/2019;09:45;80;37;43
21/04/2019;10:00;51;18;33
21/04/2019;10:15;51;22;29
21/04/2019;10:30;79;47;32
21/04/2019;10:45;83;48;35
21/04/2019;11:00;77;44;33
21/04/2019;11:15;92;42;50
21/04/2019;11:30;85;37;48
21/04/2019;11:45;95;49;46
21/04/2019;12:00;86;36;50
21/04/2019;12:15;98;48;50
21/04/2019;12:30;98;47;51
21/04/2019;12:45;105;59;46
21/04/2019;13:00;99;41;58
21/04/2019;13:15;73;27;46
21/04/2019;13:30;78;37;41
21/04/2019;13:45;99;46;53
21/04/2019;14:00;101;40;61
21/04/2019;14:15;109;45;64
21/04/2019;14:30;105;61;44
21/04/2019;14:45;110;67;43
21/04/2019;15:00;109;55;54
21/04/2019;15:15;122;61;61
21/04/2019;15:30;117;68;49
21/04/2019;15:45;90;57;33
21/04/2019;16:00;104;51;53
21/04/2019;16:15;102;62;40
21/04/2019;16:30;92;53;39
21/04/2019;16:45;97;64;33
21/04/2019;17:00;101;49;52
21/04/2019;17:15;95;44;51
21/04/2019;17:30;78;41;37
21/04/2019;17:45;81;49;32
21/04/2019;18:00;87;44;43
21/04/2019;18:15;89;48;41
21/04/2019;18:30;74;39;35
21/04/2019;18:45;72;32;40
21/04/2019;19:00;75;51;24
21/04/2019;19:15;81;34;47
21/04/2019;19:30;78;32;46
21/04/2019;19:45;70;36;34
21/04/2019;20:00;63;30;33
21/04/2019;20:15;55;23;32
21/04/2019;20:30;58;28;30
21/04/2019;20:45;64;34;30
21/04/2019;21:00;57;27;30
21/04/2019;21:15;43;25;18
21/04/2019;21:30;28;11;17
21/04/2019;21:45;30;7;23
21/04/2019;22:00;31;15;16
21/04/2019;22:15;32;10;22
21/04/2019;22:30;37;13;24
21/04/2019;22:45;25;12;13
21/04/2019;23:00;18;5;13
21/04/2019;23:15;17;9;8
21/04/2019;23:30;10;6;4
21/04/2019;23:45;26;8;18
22/04/2019;00:00;21;5;16
22/04/2019;00:15;12;4;8
22/04/2019;00:30;12;3;9
22/04/2019;00:45;7;0;7
22/04/2019;01:00;39;22;17
22/04/2019;01:15;16;3;13
22/04/2019;01:30;5;0;5
22/04/2019;01:45;3;0;3
22/04/2019;02:00;1;0;1
22/04/2019;02:15;6;2;4
22/04/2019;02:30;2;1;1
22/04/2019;02:45;3;2;1
22/04/2019;03:00;4;0;4
22/04/2019;03:15;2;2;0
22/04/2019;03:30;3;2;1
22/04/2019;03:45;2;0;2
22/04/2019;04:00;4;4;0
22/04/2019;04:15;0;0;0
22/04/2019;04:30;1;0;1
22/04/2019;04:45;0;0;0
22/04/2019;05:00;0;0;0
22/04/2019;05:15;1;1;0
22/04/2019;05:30;2;2;0
22/04/2019;05:45;7;3;4
22/04/2019;06:00;3;2;1
22/04/2019;06:15;5;4;1
22/04/2019;06:30;8;3;5
22/04/2019;06:45;5;3;2
22/04/2019;07:00;13;7;6
22/04/2019;07:15;14;8;6
22/04/2019;07:30;8;1;7
22/04/2019;07:45;12;6;6
22/04/2019;08:00;8;8;0
22/04/2019;08:15;11;4;7
22/04/2019;08:30;35;22;13
22/04/2019;08:45;29;15;14
22/04/2019;09:00;26;16;10
22/04/2019;09:15;31;16;15
22/04/2019;09:30;39;15;24
22/04/2019;09:45;71;38;33
22/04/2019;10:00;56;27;29
22/04/2019;10:15;47;20;27
22/04/2019;10:30;64;41;23
22/04/2019;10:45;77;44;33
22/04/2019;11:00;69;32;37
22/04/2019;11:15;74;48;26
22/04/2019;11:30;64;32;32
22/04/2019;11:45;107;54;53
22/04/2019;12:00;114;61;53
22/04/2019;12:15;79;43;36
22/04/2019;12:30;107;56;51
22/04/2019;12:45;113;45;68
22/04/2019;13:00;122;61;61
22/04/2019;13:15;75;45;30
22/04/2019;13:30;114;48;66
22/04/2019;13:45;121;67;54
22/04/2019;14:00;123;74;49
22/04/2019;14:15;121;57;64
22/04/2019;14:30;126;54;72
22/04/2019;14:45;131;75;56
22/04/2019;15:00;120;52;68
22/04/2019;15:15;126;81;45
22/04/2019;15:30;109;62;47
22/04/2019;15:45;118;66;52
22/04/2019;16:00;148;69;79
22/04/2019;16:15;83;50;33
22/04/2019;16:30;127;61;66
22/04/2019;16:45;116;52;64
22/04/2019;17:00;114;60;54
22/04/2019;17:15;108;53;55
22/04/2019;17:30;107;47;60
22/04/2019;17:45;137;70;67
22/04/2019;18:00;119;66;53
22/04/2019;18:15;104;51;53
22/04/2019;18:30;95;49;46
22/04/2019;18:45;96;40;56
22/04/2019;19:00;113;58;55
22/04/2019;19:15;69;37;32
22/04/2019;19:30;85;37;48
22/04/2019;19:45;76;42;34
22/04/2019;20:00;56;25;31
22/04/2019;20:15;55;25;30
22/04/2019;20:30;44;31;13
22/04/2019;20:45;57;31;26
22/04/2019;21:00;44;19;25
22/04/2019;21:15;50;17;33
22/04/2019;21:30;47;20;27
22/04/2019;21:45;43;19;24
22/04/2019;22:00;32;18;14
22/04/2019;22:15;20;11;9
22/04/2019;22:30;43;16;27
22/04/2019;22:45;22;10;12
22/04/2019;23:00;27;14;13
22/04/2019;23:15;20;5;15
22/04/2019;23:30;15;5;10
22/04/2019;23:45;17;6;11
23/04/2019;00:00;14;4;10
23/04/2019;00:15;9;7;2
23/04/2019;00:30;10;0;10
23/04/2019;00:45;12;5;7
23/04/2019;01:00;13;8;5
23/04/2019;01:15;2;0;2
23/04/2019;01:30;1;1;0
23/04/2019;01:45;2;1;1
23/04/2019;02:00;4;2;2
23/04/2019;02:15;6;4;2
23/04/2019;02:30;0;0;0
23/04/2019;02:45;0;0;0
23/04/2019;03:00;4;1;3
23/04/2019;03:15;2;1;1
23/04/2019;03:30;4;1;3
23/04/2019;03:45;0;0;0
23/04/2019;04:00;1;1;0
23/04/2019;04:15;0;0;0
23/04/2019;04:30;2;1;1
23/04/2019;04:45;1;1;0
23/04/2019;05:00;3;1;2
23/04/2019;05:15;3;1;2
23/04/2019;05:30;15;10;5
23/04/2019;05:45;24;16;8
23/04/2019;06:00;21;14;7
23/04/2019;06:15;34;27;7
23/04/2019;06:30;44;23;21
23/04/2019;06:45;58;41;17
23/04/2019;07:00;54;34;20
23/04/2019;07:15;107;54;53
23/04/2019;07:30;100;59;41
23/04/2019;07:45;343;241;102
23/04/2019;08:00;161;99;62
23/04/2019;08:15;148;90;58
23/04/2019;08:30;143;91;52
23/04/2019;08:45;153;100;53
23/04/2019;09:00;122;77;45
23/04/2019;09:15;143;84;59
23/04/2019;09:30;246;161;85
23/04/2019;09:45;130;72;58
23/04/2019;10:00;109;59;50
23/04/2019;10:15;116;66;50
23/04/2019;10:30;128;71;57
23/04/2019;10:45;160;93;67
23/04/2019;11:00;153;67;86
23/04/2019;11:15;215;100;115
23/04/2019;11:30;149;72;77
23/04/2019;11:45;150;85;65
23/04/2019;12:00;163;80;83
23/04/2019;12:15;144;72;72
23/04/2019;12:30;141;51;90
23/04/2019;12:45;150;71;79
23/04/2019;13:00;156;60;96
23/04/2019;13:15;175;104;71
23/04/2019;13:30;159;100;59
23/04/2019;13:45;222;138;84
23/04/2019;14:00;149;79;70
23/04/2019;14:15;138;84;54
23/04/2019;14:30;177;100;77
23/04/2019;14:45;172;74;98
23/04/2019;15:00;193;94;99
23/04/2019;15:15;182;90;92
23/04/2019;15:30;234;102;132
23/04/2019;15:45;174;92;82
23/04/2019;16:00;179;87;92
23/04/2019;16:15;187;90;97
23/04/2019;16:30;217;98;119
23/04/2019;16:45;187;80;107
23/04/2019;17:00;246;100;146
23/04/2019;17:15;273;116;157
23/04/2019;17:30;229;102;127
23/04/2019;17:45;250;118;132
23/04/2019;18:00;244;116;128
23/04/2019;18:15;211;102;109
23/04/2019;18:30;202;101;101
23/04/2019;18:45;221;102;119
23/04/2019;19:00;213;92;121
23/04/2019;19:15;156;74;82
23/04/2019;19:30;174;84;90
23/04/2019;19:45;165;86;79
23/04/2019;20:00;133;58;75
23/04/2019;20:15;131;48;83
23/04/2019;20:30;102;30;72
23/04/2019;20:45;97;39;58
23/04/2019;21:00;93;33;60
23/04/2019;21:15;102;43;59
23/04/2019;21:30;73;31;42
23/04/2019;21:45;79;25;54
23/04/2019;22:00;75;21;54
23/04/2019;22:15;82;35;47
23/04/2019;22:30;65;25;40
23/04/2019;22:45;51;25;26
23/04/2019;23:00;38;15;23
23/04/2019;23:15;36;17;19
23/04/2019;23:30;42;19;23
23/04/2019;23:45;21;7;14
24/04/2019;00:00;20;7;13
24/04/2019;00:15;24;9;15
24/04/2019;00:30;19;8;11
24/04/2019;00:45;9;2;7
24/04/2019;01:00;14;3;11
24/04/2019;01:15;8;2;6
24/04/2019;01:30;11;5;6
24/04/2019;01:45;4;1;3
24/04/2019;02:00;4;1;3
24/04/2019;02:15;5;3;2
24/04/2019;02:30;3;3;0
24/04/2019;02:45;3;0;3
24/04/2019;03:00;2;2;0
24/04/2019;03:15;19;4;15
24/04/2019;03:30;18;0;18
24/04/2019;03:45;0;0;0
24/04/2019;04:00;0;0;0
24/04/2019;04:15;2;0;2
24/04/2019;04:30;2;1;1
24/04/2019;04:45;2;2;0
24/04/2019;05:00;6;3;3
24/04/2019;05:15;8;4;4
24/04/2019;05:30;20;8;12
24/04/2019;05:45;26;18;8
24/04/2019;06:00;26;14;12
24/04/2019;06:15;37;27;10
24/04/2019;06:30;36;20;16
24/04/2019;06:45;75;47;28
24/04/2019;07:00;72;42;30
24/04/2019;07:15;97;59;38
24/04/2019;07:30;123;65;58
24/04/2019;07:45;416;299;117
24/04/2019;08:00;172;105;67
24/04/2019;08:15;149;79;70
24/04/2019;08:30;130;68;62
24/04/2019;08:45;203;125;78
24/04/2019;09:00;152;92;60
24/04/2019;09:15;143;87;56
24/04/2019;09:30;245;148;97
24/04/2019;09:45;193;102;91
24/04/2019;10:00;131;70;61
24/04/2019;10:15;145;81;64
24/04/2019;10:30;127;65;62
24/04/2019;10:45;124;66;58
24/04/2019;11:00;143;82;61
24/04/2019;11:15;209;106;103
24/04/2019;11:30;158;71;87
24/04/2019;11:45;174;89;85
24/04/2019;12:00;188;97;91
24/04/2019;12:15;170;68;102
24/04/2019;12:30;182;67;115
24/04/2019;12:45;194;94;100
24/04/2019;13:00;175;87;88
24/04/2019;13:15;196;100;96
24/04/2019;13:30;178;103;75
24/04/2019;13:45;209;131;78
24/04/2019;14:00;177;89;88
24/04/2019;14:15;182;81;101
24/04/2019;14:30;167;79;88
24/04/2019;14:45;192;85;107
24/04/2019;15:00;200;101;99
24/04/2019;15:15;188;112;76
24/04/2019;15:30;233;128;105
24/04/2019;15:45;229;117;112
24/04/2019;16:00;220;103;117
24/04/2019;16:15;214;99;115
24/04/2019;16:30;269;134;135
24/04/2019;16:45;229;116;113
24/04/2019;17:00;235;125;110
24/04/2019;17:15;308;144;164
24/04/2019;17:30;219;93;126
24/04/2019;17:45;229;122;107
24/04/2019;18:00;218;100;118
24/04/2019;18:15;236;104;132
24/04/2019;18:30;215;107;108
24/04/2019;18:45;219;103;116
24/04/2019;19:00;217;86;131
24/04/2019;19:15;188;79;109
24/04/2019;19:30;153;74;79
24/04/2019;19:45;165;65;100
24/04/2019;20:00;180;71;109
24/04/2019;20:15;137;58;79
24/04/2019;20:30;114;46;68
24/04/2019;20:45;96;48;48
24/04/2019;21:00;94;31;63
24/04/2019;21:15;84;50;34
24/04/2019;21:30;58;23;35
24/04/2019;21:45;85;39;46
24/04/2019;22:00;73;32;41
24/04/2019;22:15;74;31;43
24/04/2019;22:30;54;27;27
24/04/2019;22:45;61;23;38
24/04/2019;23:00;58;28;30
24/04/2019;23:15;57;26;31
24/04/2019;23:30;48;13;35
24/04/2019;23:45;41;20;21
25/04/2019;00:00;31;11;20
25/04/2019;00:15;25;8;17
25/04/2019;00:30;28;6;22
25/04/2019;00:45;13;0;13
25/04/2019;01:00;10;1;9
25/04/2019;01:15;18;2;16
25/04/2019;01:30;16;2;14
25/04/2019;01:45;18;9;9
25/04/2019;02:00;5;3;2
25/04/2019;02:15;7;2;5
25/04/2019;02:30;3;3;0
25/04/2019;02:45;3;2;1
25/04/2019;03:00;10;4;6
25/04/2019;03:15;3;1;2
25/04/2019;03:30;3;3;0
25/04/2019;03:45;6;3;3
25/04/2019;04:00;1;1;0
25/04/2019;04:15;8;6;2
25/04/2019;04:30;5;3;2
25/04/2019;04:45;5;5;0
25/04/2019;05:00;4;4;0
25/04/2019;05:15;1;0;1
25/04/2019;05:30;15;8;7
25/04/2019;05:45;29;14;15
25/04/2019;06:00;18;14;4
25/04/2019;06:15;27;20;7
25/04/2019;06:30;42;21;21
25/04/2019;06:45;61;34;27
25/04/2019;07:00;65;37;28
25/04/2019;07:15;94;52;42
25/04/2019;07:30;126;76;50
25/04/2019;07:45;318;222;96
25/04/2019;08:00;155;93;62
25/04/2019;08:15;148;96;52
25/04/2019;08:30;140;75;65
25/04/2019;08:45;193;133;60
25/04/2019;09:00;127;76;51
25/04/2019;09:15;127;70;57
25/04/2019;09:30;242;145;97
25/04/2019;09:45;157;100;57
25/04/2019;10:00;102;66;36
25/04/2019;10:15;107;65;42
25/04/2019;10:30;131;78;53
25/04/2019;10:45;130;78;52
25/04/2019;11:00;152;97;55
25/04/2019;11:15;211;120;91
25/04/2019;11:30;165;79;86
25/04/2019;11:45;173;69;104
25/04/2019;12:00;154;76;78
25/04/2019;12:15;141;62;79
25/04/2019;12:30;170;71;99
25/04/2019;12:45;196;92;104
25/04/2019;13:00;208;68;140
25/04/2019;13:15;152;65;87
25/04/2019;13:30;179;105;74
25/04/2019;13:45;221;130;91
25/04/2019;14:00;185;93;92
25/04/2019;14:15;136;61;75
25/04/2019;14:30;174;102;72
25/04/2019;14:45;211;95;116
25/04/2019;15:00;226;136;90
25/04/2019;15:15;191;106;85
25/04/2019;15:30;220;117;103
25/04/2019;15:45;210;94;116
25/04/2019;16:00;201;81;120
25/04/2019;16:15;204;92;112
25/04/2019;16:30;260;112;148
25/04/2019;16:45;235;110;125
25/04/2019;17:00;240;117;123
25/04/2019;17:15;265;131;134
25/04/2019;17:30;232;85;147
25/04/2019;17:45;252;124;128
25/04/2019;18:00;208;82;126
25/04/2019;18:15;186;86;100
25/04/2019;18:30;214;98;116
25/04/2019;18:45;230;119;111
25/04/2019;19:00;209;93;116
25/04/2019;19:15;175;68;107
25/04/2019;19:30;165;74;91
25/04/2019;19:45;150;69;81
25/04/2019;20:00;146;52;94
25/04/2019;20:15;131;43;88
25/04/2019;20:30;115;46;69
25/04/2019;20:45;120;48;72
25/04/2019;21:00;103;33;70
25/04/2019;21:15;87;34;53
25/04/2019;21:30;68;30;38
25/04/2019;21:45;80;32;48
25/04/2019;22:00;99;40;59
25/04/2019;22:15;73;20;53
25/04/2019;22:30;94;42;52
25/04/2019;22:45;47;11;36
25/04/2019;23:00;58;27;31
25/04/2019;23:15;63;18;45
25/04/2019;23:30;39;16;23
25/04/2019;23:45;30;13;17
26/04/2019;00:00;30;13;17
26/04/2019;00:15;18;6;12
26/04/2019;00:30;34;17;17
26/04/2019;00:45;22;7;15
26/04/2019;01:00;14;3;11
26/04/2019;01:15;25;9;16
26/04/2019;01:30;4;1;3
26/04/2019;01:45;11;3;8
26/04/2019;02:00;7;2;5
26/04/2019;02:15;4;2;2
26/04/2019;02:30;1;1;0
26/04/2019;02:45;2;2;0
26/04/2019;03:00;2;1;1
26/04/2019;03:15;4;1;3
26/04/2019;03:30;0;0;0
26/04/2019;03:45;1;1;0
26/04/2019;04:00;2;2;0
26/04/2019;04:15;0;0;0
26/04/2019;04:30;1;0;1
26/04/2019;04:45;2;2;0
26/04/2019;05:00;0;0;0
26/04/2019;05:15;5;2;3
26/04/2019;05:30;16;11;5
26/04/2019;05:45;22;14;8
26/04/2019;06:00;14;10;4
26/04/2019;06:15;16;13;3
26/04/2019;06:30;37;20;17
26/04/2019;06:45;51;31;20
26/04/2019;07:00;34;22;12
26/04/2019;07:15;49;25;24
26/04/2019;07:30;77;43;34
26/04/2019;07:45;157;104;53
26/04/2019;08:00;110;70;40
26/04/2019;08:15;83;55;28
26/04/2019;08:30;89;64;25
26/04/2019;08:45;96;72;24
26/04/2019;09:00;75;42;33
26/04/2019;09:15;68;49;19
26/04/2019;09:30;92;53;39
26/04/2019;09:45;89;49;40
26/04/2019;10:00;74;43;31
26/04/2019;10:15;52;28;24
26/04/2019;10:30;51;32;19
26/04/2019;10:45;61;33;28
26/04/2019;11:00;42;28;14
26/04/2019;11:15;83;40;43
26/04/2019;11:30;61;36;25
26/04/2019;11:45;49;26;23
26/04/2019;12:00;63;30;33
26/04/2019;12:15;60;22;38
26/04/2019;12:30;69;18;51
26/04/2019;12:45;76;32;44
26/04/2019;13:00;104;40;64
26/04/2019;13:15;73;24;49
26/04/2019;13:30;79;35;44
26/04/2019;13:45;75;33;42
26/04/2019;14:00;51;20;31
26/04/2019;14:15;59;32;27
26/04/2019;14:30;71;32;39
26/04/2019;14:45;70;38;32
26/04/2019;15:00;54;25;29
26/04/2019;15:15;62;37;25
26/04/2019;15:30;81;31;50
26/04/2019;15:45;91;37;54
26/04/2019;16:00;78;39;39
26/04/2019;16:15;108;49;59
26/04/2019;16:30;96;58;38
26/04/2019;16:45;120;69;51
26/04/2019;17:00;114;54;60
26/04/2019;17:15;104;59;45
26/04/2019;17:30;111;58;53
26/04/2019;17:45;113;56;57
26/04/2019;18:00;95;43;52
26/04/2019;18:15;122;58;64
26/04/2019;18:30;98;35;63
26/04/2019;18:45;110;58;52
26/04/2019;19:00;110;49;61
26/04/2019;19:15;90;43;47
26/04/2019;19:30;97;45;52
26/04/2019;19:45;83;38;45
26/04/2019;20:00;63;34;29
26/04/2019;20:15;92;49;43
26/04/2019;20:30;78;35;43
26/04/2019;20:45;73;33;40
26/04/2019;21:00;39;23;16
26/04/2019;21:15;57;29;28
26/04/2019;21:30;54;22;32
26/04/2019;21:45;50;30;20
26/04/2019;22:00;40;26;14
26/04/2019;22:15;32;17;15
26/04/2019;22:30;45;21;24
26/04/2019;22:45;47;13;34
26/04/2019;23:00;37;16;21
26/04/2019;23:15;39;15;24
26/04/2019;23:30;38;8;30
26/04/2019;23:45;35;15;20
27/04/2019;00:00;30;11;19
27/04/2019;00:15;32;7;25
27/04/2019;00:30;29;12;17
27/04/2019;00:45;27;8;19
27/04/2019;01:00;22;8;14
27/04/2019;01:15;18;6;12
27/04/2019;01:30;24;7;17
27/04/2019;01:45;16;3;13
27/04/2019;02:00;21;12;9
27/04/2019;02:15;14;0;14
27/04/2019;02:30;12;4;8
27/04/2019;02:45;20;5;15
27/04/2019;03:00;12;2;10
27/04/2019;03:15;9;3;6
27/04/2019;03:30;5;2;3
27/04/2019;03:45;8;2;6
27/04/2019;04:00;13;3;10
27/04/2019;04:15;2;0;2
27/04/2019;04:30;4;0;4
27/04/2019;04:45;4;1;3
27/04/2019;05:00;1;1;0
27/04/2019;05:15;1;1;0
27/04/2019;05:30;12;5;7
27/04/2019;05:45;11;8;3
27/04/2019;06:00;6;3;3
27/04/2019;06:15;10;6;4
27/04/2019;06:30;2;2;0
27/04/2019;06:45;16;11;5
27/04/2019;07:00;11;6;5
27/04/2019;07:15;9;7;2
27/04/2019;07:30;18;10;8
27/04/2019;07:45;27;10;17
27/04/2019;08:00;24;10;14
27/04/2019;08:15;23;15;8
27/04/2019;08:30;54;29;25
27/04/2019;08:45;51;27;24
27/04/2019;09:00;56;34;22
27/04/2019;09:15;57;35;22
27/04/2019;09:30;75;47;28
27/04/2019;09:45;114;72;42
27/04/2019;10:00;86;55;31
27/04/2019;10:15;90;66;24
27/04/2019;10:30;79;45;34
27/04/2019;10:45;90;47;43
27/04/2019;11:00;72;44;28
27/04/2019;11:15;80;40;40
27/04/2019;11:30;66;34;32
27/04/2019;11:45;83;55;28
27/04/2019;12:00;105;48;57
27/04/2019;12:15;101;58;43
27/04/2019;12:30;116;65;51
27/04/2019;12:45;90;50;40
27/04/2019;13:00;120;78;42
27/04/2019;13:15;119;71;48
27/04/2019;13:30;92;42;50
27/04/2019;13:45;102;54;48
27/04/2019;14:00;98;40;58
27/04/2019;14:15;107;48;59
27/04/2019;14:30;79;47;32
27/04/2019;14:45;113;57;56
27/04/2019;15:00;114;44;70
27/04/2019;15:15;118;49;69
27/04/2019;15:30;106;47;59
27/04/2019;15:45;87;38;49
27/04/2019;16:00;101;57;44
27/04/2019;16:15;96;48;48
27/04/2019;16:30;92;49;43
27/04/2019;16:45;76;26;50
27/04/2019;17:00;97;37;60
27/04/2019;17:15;90;43;47
27/04/2019;17:30;63;26;37
27/04/2019;17:45;78;36;42
27/04/2019;18:00;79;29;50
27/04/2019;18:15;53;17;36
27/04/2019;18:30;82;30;52
27/04/2019;18:45;61;26;35
27/04/2019;19:00;61;28;33
27/04/2019;19:15;86;44;42
27/04/2019;19:30;66;37;29
27/04/2019;19:45;55;33;22
27/04/2019;20:00;67;34;33
27/04/2019;20:15;75;26;49
27/04/2019;20:30;47;27;20
27/04/2019;20:45;63;34;29
27/04/2019;21:00;54;24;30
27/04/2019;21:15;46;27;19
27/04/2019;21:30;58;38;20
27/04/2019;21:45;44;19;25
27/04/2019;22:00;38;14;24
27/04/2019;22:15;32;17;15
27/04/2019;22:30;34;17;17
27/04/2019;22:45;23;6;17
27/04/2019;23:00;44;16;28
27/04/2019;23:15;27;13;14
27/04/2019;23:30;20;6;14
27/04/2019;23:45;29;15;14
28/04/2019;00:00;29;8;21
28/04/2019;00:15;21;6;15
28/04/2019;00:30;26;6;20
28/04/2019;00:45;30;13;17
28/04/2019;01:00;27;11;16
28/04/2019;01:15;20;6;14
28/04/2019;01:30;19;6;13
28/04/2019;01:45;13;3;10
28/04/2019;02:00;21;7;14
28/04/2019;02:15;20;4;16
28/04/2019;02:30;22;2;20
28/04/2019;02:45;11;2;9
28/04/2019;03:00;8;2;6
28/04/2019;03:15;12;3;9
28/04/2019;03:30;11;6;5
28/04/2019;03:45;7;2;5
28/04/2019;04:00;5;4;1
28/04/2019;04:15;3;1;2
28/04/2019;04:30;4;3;1
28/04/2019;04:45;3;3;0
28/04/2019;05:00;10;6;4
28/04/2019;05:15;3;2;1
28/04/2019;05:30;5;2;3
28/04/2019;05:45;8;5;3
28/04/2019;06:00;13;8;5
28/04/2019;06:15;4;1;3
28/04/2019;06:30;2;2;0
28/04/2019;06:45;7;5;2
28/04/2019;07:00;6;3;3
28/04/2019;07:15;11;6;5
28/04/2019;07:30;9;4;5
28/04/2019;07:45;6;2;4
28/04/2019;08:00;7;6;1
28/04/2019;08:15;12;3;9
28/04/2019;08:30;13;6;7
28/04/2019;08:45;20;11;9
28/04/2019;09:00;26;8;18
28/04/2019;09:15;34;14;20
28/04/2019;09:30;41;21;20
28/04/2019;09:45;78;59;19
28/04/2019;10:00;37;19;18
28/04/2019;10:15;44;32;12
28/04/2019;10:30;34;20;14
28/04/2019;10:45;46;20;26
28/04/2019;11:00;55;39;16
28/04/2019;11:15;34;12;22
28/04/2019;11:30;51;25;26
28/04/2019;11:45;63;26;37
28/04/2019;12:00;42;20;22
28/04/2019;12:15;58;24;34
28/04/2019;12:30;42;19;23
28/04/2019;12:45;46;24;22
28/04/2019;13:00;53;25;28
28/04/2019;13:15;40;24;16
28/04/2019;13:30;72;36;36
28/04/2019;13:45;102;49;53
28/04/2019;14:00;53;27;26
28/04/2019;14:15;61;35;26
28/04/2019;14:30;48;25;23
28/04/2019;14:45;75;42;33
28/04/2019;15:00;80;37;43
28/04/2019;15:15;87;45;42
28/04/2019;15:30;76;32;44
28/04/2019;15:45;91;42;49
28/04/2019;16:00;76;37;39
28/04/2019;16:15;72;28;44
28/04/2019;16:30;58;28;30
28/04/2019;16:45;76;34;42
28/04/2019;17:00;61;31;30
28/04/2019;17:15;75;42;33
28/04/2019;17:30;85;45;40
28/04/2019;17:45;85;40;45
28/04/2019;18:00;69;31;38
28/04/2019;18:15;70;31;39
28/04/2019;18:30;83;42;41
28/04/2019;18:45;84;47;37
28/04/2019;19:00;74;45;29
28/04/2019;19:15;72;35;37
28/04/2019;19:30;44;22;22
28/04/2019;19:45;57;22;35
28/04/2019;20:00;63;30;33
28/04/2019;20:15;30;8;22
28/04/2019;20:30;54;27;27
28/04/2019;20:45;39;20;19
28/04/2019;21:00;37;18;19
28/04/2019;21:15;33;7;26
28/04/2019;21:30;34;17;17
28/04/2019;21:45;25;6;19
28/04/2019;22:00;23;11;12
28/04/2019;22:15;25;12;13
28/04/2019;22:30;26;7;19
28/04/2019;22:45;30;10;20
28/04/2019;23:00;22;9;13
28/04/2019;23:15;23;8;15
28/04/2019;23:30;8;3;5
28/04/2019;23:45;13;5;8
29/04/2019;00:00;5;3;2
29/04/2019;00:15;11;8;3
29/04/2019;00:30;2;2;0
29/04/2019;00:45;8;4;4
29/04/2019;01:00;6;3;3
29/04/2019;01:15;7;3;4
29/04/2019;01:30;1;1;0
29/04/2019;01:45;2;1;1
29/04/2019;02:00;7;1;6
29/04/2019;02:15;0;0;0
29/04/2019;02:30;2;1;1
29/04/2019;02:45;2;0;2
29/04/2019;03:00;0;0;0
29/04/2019;03:15;1;0;1
29/04/2019;03:30;2;2;0
29/04/2019;03:45;2;2;0
29/04/2019;04:00;0;0;0
29/04/2019;04:15;1;0;1
29/04/2019;04:30;1;0;1
29/04/2019;04:45;2;2;0
29/04/2019;05:00;3;3;0
29/04/2019;05:15;3;2;1
29/04/2019;05:30;21;10;11
29/04/2019;05:45;23;16;7
29/04/2019;06:00;21;17;4
29/04/2019;06:15;23;17;6
29/04/2019;06:30;36;24;12
29/04/2019;06:45;67;33;34
29/04/2019;07:00;88;55;33
29/04/2019;07:15;214;165;49
29/04/2019;07:30;380;239;141
29/04/2019;07:45;290;189;101
29/04/2019;08:00;176;101;75
29/04/2019;08:15;163;81;82
29/04/2019;08:30;139;78;61
29/04/2019;08:45;168;101;67
29/04/2019;09:00;152;92;60
29/04/2019;09:15;150;100;50
29/04/2019;09:30;243;171;72
29/04/2019;09:45;137;94;43
29/04/2019;10:00;108;72;36
29/04/2019;10:15;107;65;42
29/04/2019;10:30;104;59;45
29/04/2019;10:45;92;44;48
29/04/2019;11:00;124;49;75
29/04/2019;11:15;172;90;82
29/04/2019;11:30;119;60;59
29/04/2019;11:45;97;43;54
29/04/2019;12:00;132;56;76
29/04/2019;12:15;184;67;117
29/04/2019;12:30;162;55;107
29/04/2019;12:45;188;93;95
29/04/2019;13:00;285;58;227
29/04/2019;13:15;188;79;109
29/04/2019;13:30;126;70;56
29/04/2019;13:45;196;124;72
29/04/2019;14:00;108;56;52
29/04/2019;14:15;84;38;46
29/04/2019;14:30;133;62;71
29/04/2019;14:45;137;61;76
29/04/2019;15:00;157;76;81
29/04/2019;15:15;162;80;82
29/04/2019;15:30;363;170;193
29/04/2019;15:45;190;80;110
29/04/2019;16:00;158;70;88
29/04/2019;16:15;169;76;93
29/04/2019;16:30;174;95;79
29/04/2019;16:45;189;99;90
29/04/2019;17:00;196;68;128
29/04/2019;17:15;211;79;132
29/04/2019;17:30;172;69;103
29/04/2019;17:45;213;95;118
29/04/2019;18:00;208;81;127
29/04/2019;18:15;163;79;84
29/04/2019;18:30;170;79;91
29/04/2019;18:45;214;106;108
29/04/2019;19:00;186;67;119
29/04/2019;19:15;156;83;73
29/04/2019;19:30;114;55;59
29/04/2019;19:45;136;60;76
29/04/2019;20:00;123;46;77
29/04/2019;20:15;110;61;49
29/04/2019;20:30;88;34;54
29/04/2019;20:45;74;31;43
29/04/2019;21:00;85;28;57
29/04/2019;21:15;49;15;34
29/04/2019;21:30;65;29;36
29/04/2019;21:45;77;32;45
29/04/2019;22:00;68;17;51
29/04/2019;22:15;38;16;22
29/04/2019;22:30;53;18;35
29/04/2019;22:45;55;16;39
29/04/2019;23:00;42;22;20
29/04/2019;23:15;31;12;19
29/04/2019;23:30;34;16;18
29/04/2019;23:45;19;8;11
30/04/2019;00:00;19;10;9
30/04/2019;00:15;12;4;8
30/04/2019;00:30;6;1;5
30/04/2019;00:45;7;4;3
30/04/2019;01:00;12;3;9
30/04/2019;01:15;3;1;2
30/04/2019;01:30;9;1;8
30/04/2019;01:45;13;0;13
30/04/2019;02:00;4;3;1
30/04/2019;02:15;1;1;0
30/04/2019;02:30;0;0;0
30/04/2019;02:45;8;5;3
30/04/2019;03:00;1;0;1
30/04/2019;03:15;2;1;1
30/04/2019;03:30;1;0;1
30/04/2019;03:45;1;1;0
30/04/2019;04:00;0;0;0
30/04/2019;04:15;0;0;0
30/04/2019;04:30;3;1;2
30/04/2019;04:45;4;4;0
30/04/2019;05:00;1;0;1
30/04/2019;05:15;2;2;0
30/04/2019;05:30;9;5;4
30/04/2019;05:45;26;17;9
30/04/2019;06:00;19;13;6
30/04/2019;06:15;25;17;8
30/04/2019;06:30;37;23;14
30/04/2019;06:45;60;34;26
30/04/2019;07:00;65;41;24
30/04/2019;07:15;182;136;46
30/04/2019;07:30;338;239;99
30/04/2019;07:45;309;197;112
30/04/2019;08:00;197;105;92
30/04/2019;08:15;158;84;74
30/04/2019;08:30;154;93;61
30/04/2019;08:45;176;120;56
30/04/2019;09:00;141;76;65
30/04/2019;09:15;132;86;46
30/04/2019;09:30;247;163;84
30/04/2019;09:45;103;68;35
30/04/2019;10:00;95;57;38
30/04/2019;10:15;73;43;30
30/04/2019;10:30;69;37;32
30/04/2019;10:45;91;52;39
30/04/2019;11:00;103;49;54
30/04/2019;11:15;157;63;94
30/04/2019;11:30;129;62;67
30/04/2019;11:45;137;66;71
30/04/2019;12:00;118;50;68
30/04/2019;12:15;111;41;70
30/04/2019;12:30;117;43;74
30/04/2019;12:45;150;55;95
30/04/2019;13:00;258;78;180
30/04/2019;13:15;154;70;84
30/04/2019;13:30;146;75;71
30/04/2019;13:45;208;134;74
30/04/2019;14:00;103;46;57
30/04/2019;14:15;123;53;70
30/04/2019;14:30;103;41;62
30/04/2019;14:45;141;61;80
30/04/2019;15:00;110;52;58
30/04/2019;15:15;151;70;81
30/04/2019;15:30;352;134;218
30/04/2019;15:45;232;96;136
30/04/2019;16:00;138;68;70
30/04/2019;16:15;197;108;89
30/04/2019;16:30;182;86;96
30/04/2019;16:45;198;87;111
30/04/2019;17:00;253;109;144
30/04/2019;17:15;288;123;165
30/04/2019;17:30;206;93;113
30/04/2019;17:45;219;103;116
30/04/2019;18:00;210;95;115
30/04/2019;18:15;215;102;113
30/04/2019;18:30;173;88;85
30/04/2019;18:45;186;95;91
30/04/2019;19:00;169;81;88
30/04/2019;19:15;175;67;108
30/04/2019;19:30;158;57;101
30/04/2019;19:45;167;80;87
30/04/2019;20:00;123;53;70
30/04/2019;20:15;163;94;69
30/04/2019;20:30;132;76;56
30/04/2019;20:45;107;64;43
30/04/2019;21:00;91;44;47
30/04/2019;21:15;121;72;49
30/04/2019;21:30;88;51;37
30/04/2019;21:45;97;63;34
30/04/2019;22:00;94;52;42
30/04/2019;22:15;90;52;38
30/04/2019;22:30;53;20;33
30/04/2019;22:45;80;33;47
30/04/2019;23:00;92;53;39
30/04/2019;23:15;50;16;34
30/04/2019;23:30;79;24;55
30/04/2019;23:45;50;22;28
01/05/2019;00:00;48;14;34
01/05/2019;00:15;57;25;32
01/05/2019;00:30;58;16;42
01/05/2019;00:45;66;17;49
01/05/2019;01:00;56;12;44
01/05/2019;01:15;47;17;30
01/05/2019;01:30;43;11;32
01/05/2019;01:45;44;5;39
01/05/2019;02:00;38;11;27
01/05/2019;02:15;47;22;25
01/05/2019;02:30;28;11;17
01/05/2019;02:45;23;4;19
01/05/2019;03:00;37;10;27
01/05/2019;03:15;20;5;15
01/05/2019;03:30;21;9;12
01/05/2019;03:45;16;3;13
01/05/2019;04:00;22;7;15
01/05/2019;04:15;7;2;5
01/05/2019;04:30;6;4;2
01/05/2019;04:45;5;1;4
01/05/2019;05:00;6;3;3
01/05/2019;05:15;9;5;4
01/05/2019;05:30;7;6;1
01/05/2019;05:45;15;14;1
01/05/2019;06:00;10;6;4
01/05/2019;06:15;6;3;3
01/05/2019;06:30;15;7;8
01/05/2019;06:45;5;1;4
01/05/2019;07:00;10;7;3
01/05/2019;07:15;15;11;4
01/05/2019;07:30;16;8;8
01/05/2019;07:45;15;7;8
01/05/2019;08:00;11;4;7
01/05/2019;08:15;11;5;6
01/05/2019;08:30;49;16;33
01/05/2019;08:45;44;25;19
01/05/2019;09:00;31;17;14
01/05/2019;09:15;40;21;19
01/05/2019;09:30;55;23;32
01/05/2019;09:45;77;39;38
01/05/2019;10:00;99;43;56
01/05/2019;10:15;88;41;47
01/05/2019;10:30;109;47;62
01/05/2019;10:45;120;65;55
01/05/2019;11:00;89;45;44
01/05/2019;11:15;125;43;82
01/05/2019;11:30;140;51;89
01/05/2019;11:45;122;59;63
01/05/2019;12:00;114;47;67
01/05/2019;12:15;126;60;66
01/05/2019;12:30;116;56;60
01/05/2019;12:45;150;71;79
01/05/2019;13:00;134;59;75
01/05/2019;13:15;169;71;98
01/05/2019;13:30;148;77;71
01/05/2019;13:45;140;58;82
01/05/2019;14:00;130;57;73
01/05/2019;14:15;179;84;95
01/05/2019;14:30;153;74;79
01/05/2019;14:45;135;84;51
01/05/2019;15:00;135;60;75
01/05/2019;15:15;161;93;68
01/05/2019;15:30;150;86;64
01/05/2019;15:45;125;87;38
01/05/2019;16:00;176;72;104
01/05/2019;16:15;159;84;75
01/05/2019;16:30;139;63;76
01/05/2019;16:45;156;86;70
01/05/2019;17:00;186;88;98
01/05/2019;17:15;176;80;96
01/05/2019;17:30;168;106;62
01/05/2019;17:45;175;95;80
01/05/2019;18:00;176;96;80
01/05/2019;18:15;128;73;55
01/05/2019;18:30;136;74;62
01/05/2019;18:45;156;83;73
01/05/2019;19:00;117;41;76
01/05/2019;19:15;146;87;59
01/05/2019;19:30;104;51;53
01/05/2019;19:45;127;59;68
01/05/2019;20:00;119;60;59
01/05/2019;20:15;147;79;68
01/05/2019;20:30;100;48;52
01/05/2019;20:45;117;67;50
01/05/2019;21:00;81;37;44
01/05/2019;21:15;68;36;32
01/05/2019;21:30;73;26;47
01/05/2019;21:45;61;33;28
01/05/2019;22:00;64;20;44
01/05/2019;22:15;46;18;28
01/05/2019;22:30;46;17;29
01/05/2019;22:45;42;14;28
01/05/2019;23:00;83;42;41
01/05/2019;23:15;32;11;21
01/05/2019;23:30;41;13;28
01/05/2019;23:45;22;4;18
02/05/2019;00:00;15;5;10
02/05/2019;00:15;16;8;8
02/05/2019;00:30;12;4;8
02/05/2019;00:45;6;2;4
02/05/2019;01:00;8;2;6
02/05/2019;01:15;9;5;4
02/05/2019;01:30;8;7;1
02/05/2019;01:45;5;2;3
02/05/2019;02:00;2;1;1
02/05/2019;02:15;1;0;1
02/05/2019;02:30;5;2;3
02/05/2019;02:45;2;1;1
02/05/2019;03:00;1;0;1
02/05/2019;03:15;1;1;0
02/05/2019;03:30;1;1;0
02/05/2019;03:45;2;1;1
02/05/2019;04:00;0;0;0
02/05/2019;04:15;0;0;0
02/05/2019;04:30;4;4;0
02/05/2019;04:45;1;1;0
02/05/2019;05:00;4;3;1
02/05/2019;05:15;7;5;2
02/05/2019;05:30;11;8;3
02/05/2019;05:45;28;16;12
02/05/2019;06:00;17;11;6
02/05/2019;06:15;23;19;4
02/05/2019;06:30;37;28;9
02/05/2019;06:45;66;42;24
02/05/2019;07:00;76;42;34
02/05/2019;07:15;215;151;64
02/05/2019;07:30;387;252;135
02/05/2019;07:45;331;195;136
02/05/2019;08:00;178;107;71
02/05/2019;08:15;190;111;79
02/05/2019;08:30;181;113;68
02/05/2019;08:45;218;138;80
02/05/2019;09:00;161;99;62
02/05/2019;09:15;200;118;82
02/05/2019;09:30;264;153;111
02/05/2019;09:45;182;117;65
02/05/2019;10:00;112;67;45
02/05/2019;10:15;112;68;44
02/05/2019;10:30;122;77;45
02/05/2019;10:45;137;75;62
02/05/2019;11:00;168;87;81
02/05/2019;11:15;229;122;107
02/05/2019;11:30;145;67;78
02/05/2019;11:45;163;72;91
02/05/2019;12:00;138;62;76
02/05/2019;12:15;144;62;82
02/05/2019;12:30;155;69;86
02/05/2019;12:45;178;80;98
02/05/2019;13:00;308;83;225
02/05/2019;13:15;184;93;91
02/05/2019;13:30;172;91;81
02/05/2019;13:45;219;114;105
02/05/2019;14:00;168;82;86
02/05/2019;14:15;144;75;69
02/05/2019;14:30;167;80;87
02/05/2019;14:45;180;77;103
02/05/2019;15:00;173;78;95
02/05/2019;15:15;203;120;83
02/05/2019;15:30;368;178;190
02/05/2019;15:45;281;114;167
02/05/2019;16:00;217;81;136
02/05/2019;16:15;181;106;75
02/05/2019;16:30;214;91;123
02/05/2019;16:45;215;106;109
02/05/2019;17:00;213;64;149
02/05/2019;17:15;297;109;188
02/05/2019;17:30;186;68;118
02/05/2019;17:45;187;82;105
02/05/2019;18:00;200;92;108
02/05/2019;18:15;187;80;107
02/05/2019;18:30;203;94;109
02/05/2019;18:45;215;98;117
02/05/2019;19:00;147;43;104
02/05/2019;19:15;138;65;73
02/05/2019;19:30;130;69;61
02/05/2019;19:45;116;62;54
02/05/2019;20:00;115;50;65
02/05/2019;20:15;115;56;59
02/05/2019;20:30;89;37;52
02/05/2019;20:45;80;39;41
02/05/2019;21:00;75;28;47
02/05/2019;21:15;57;34;23
02/05/2019;21:30;47;17;30
02/05/2019;21:45;47;17;30
02/05/2019;22:00;54;24;30
02/05/2019;22:15;45;16;29
02/05/2019;22:30;66;14;52
02/05/2019;22:45;50;9;41
02/05/2019;23:00;28;11;17
02/05/2019;23:15;34;13;21
02/05/2019;23:30;21;10;11
02/05/2019;23:45;19;9;10
03/05/2019;00:00;14;4;10
03/05/2019;00:15;13;4;9
03/05/2019;00:30;11;4;7
03/05/2019;00:45;11;2;9
03/05/2019;01:00;5;1;4
03/05/2019;01:15;5;1;4
03/05/2019;01:30;9;5;4
03/05/2019;01:45;5;5;0
03/05/2019;02:00;3;2;1
03/05/2019;02:15;4;2;2
03/05/2019;02:30;3;1;2
03/05/2019;02:45;1;0;1
03/05/2019;03:00;0;0;0
03/05/2019;03:15;1;0;1
03/05/2019;03:30;4;3;1
03/05/2019;03:45;2;2;0
03/05/2019;04:00;0;0;0
03/05/2019;04:15;0;0;0
03/05/2019;04:30;6;6;0
03/05/2019;04:45;1;0;1
03/05/2019;05:00;6;4;2
03/05/2019;05:15;6;4;2
03/05/2019;05:30;13;8;5
03/05/2019;05:45;19;16;3
03/05/2019;06:00;11;8;3
03/05/2019;06:15;27;24;3
03/05/2019;06:30;16;6;10
03/05/2019;06:45;34;18;16
03/05/2019;07:00;50;27;23
03/05/2019;07:15;126;83;43
03/05/2019;07:30;251;143;108
03/05/2019;07:45;233;141;92
03/05/2019;08:00;140;84;56
03/05/2019;08:15;129;69;60
03/05/2019;08:30;125;87;38
03/05/2019;08:45;165;115;50
03/05/2019;09:00;129;83;46
03/05/2019;09:15;148;103;45
03/05/2019;09:30;105;64;41
03/05/2019;09:45;107;62;45
03/05/2019;10:00;68;43;25
03/05/2019;10:15;93;62;31
03/05/2019;10:30;83;43;40
03/05/2019;10:45;94;57;37
03/05/2019;11:00;94;35;59
03/05/2019;11:15;124;69;55
03/05/2019;11:30;104;42;62
03/05/2019;11:45;82;35;47
03/05/2019;12:00;96;42;54
03/05/2019;12:15;149;84;65
03/05/2019;12:30;145;69;76
03/05/2019;12:45;128;63;65
03/05/2019;13:00;278;78;200
03/05/2019;13:15;147;62;85
03/05/2019;13:30;109;45;64
03/05/2019;13:45;112;52;60
03/05/2019;14:00;112;48;64
03/05/2019;14:15;102;47;55
03/05/2019;14:30;95;54;41
03/05/2019;14:45;109;48;61
03/05/2019;15:00;111;49;62
03/05/2019;15:15;106;52;54
03/05/2019;15:30;124;54;70
03/05/2019;15:45;134;61;73
03/05/2019;16:00;150;59;91
03/05/2019;16:15;135;76;59
03/05/2019;16:30;106;52;54
03/05/2019;16:45;147;65;82
03/05/2019;17:00;129;60;69
03/05/2019;17:15;148;61;87
03/05/2019;17:30;132;71;61
03/05/2019;17:45;152;64;88
03/05/2019;18:00;107;49;58
03/05/2019;18:15;144;68;76
03/05/2019;18:30;145;72;73
03/05/2019;18:45;147;64;83
03/05/2019;19:00;110;48;62
03/05/2019;19:15;124;70;54
03/05/2019;19:30;106;53;53
03/05/2019;19:45;86;39;47
03/05/2019;20:00;90;52;38
03/05/2019;20:15;85;45;40
03/05/2019;20:30;84;43;41
03/05/2019;20:45;86;46;40
03/05/2019;21:00;71;45;26
03/05/2019;21:15;71;27;44
03/05/2019;21:30;57;24;33
03/05/2019;21:45;76;38;38
03/05/2019;22:00;54;26;28
03/05/2019;22:15;61;21;40
03/05/2019;22:30;43;13;30
03/05/2019;22:45;57;14;43
03/05/2019;23:00;54;20;34
03/05/2019;23:15;41;10;31
03/05/2019;23:30;55;12;43
03/05/2019;23:45;42;12;30
04/05/2019;00:00;54;13;41
04/05/2019;00:15;35;7;28
04/05/2019;00:30;33;5;28
04/05/2019;00:45;33;8;25
04/05/2019;01:00;24;5;19
04/05/2019;01:15;18;8;10
04/05/2019;01:30;25;11;14
04/05/2019;01:45;25;11;14
04/05/2019;02:00;15;5;10
04/05/2019;02:15;18;6;12
04/05/2019;02:30;17;9;8
04/05/2019;02:45;18;7;11
04/05/2019;03:00;3;0;3
04/05/2019;03:15;6;3;3
04/05/2019;03:30;5;0;5
04/05/2019;03:45;5;1;4
04/05/2019;04:00;2;1;1
04/05/2019;04:15;13;6;7
04/05/2019;04:30;1;1;0
04/05/2019;04:45;5;4;1
04/05/2019;05:00;3;3;0
04/05/2019;05:15;5;4;1
04/05/2019;05:30;4;2;2
04/05/2019;05:45;14;11;3
04/05/2019;06:00;8;3;5
04/05/2019;06:15;4;3;1
04/05/2019;06:30;11;5;6
04/05/2019;06:45;9;4;5
04/05/2019;07:00;7;4;3
04/05/2019;07:15;8;4;4
04/05/2019;07:30;19;9;10
04/05/2019;07:45;41;24;17
04/05/2019;08:00;37;24;13
04/05/2019;08:15;41;23;18
04/05/2019;08:30;48;23;25
04/05/2019;08:45;90;59;31
04/05/2019;09:00;65;42;23
04/05/2019;09:15;83;50;33
04/05/2019;09:30;83;46;37
04/05/2019;09:45;114;71;43
04/05/2019;10:00;86;52;34
04/05/2019;10:15;90;53;37
04/05/2019;10:30;94;52;42
04/05/2019;10:45;110;64;46
04/05/2019;11:00;103;52;51
04/05/2019;11:15;111;65;46
04/05/2019;11:30;116;59;57
04/05/2019;11:45;107;50;57
04/05/2019;12:00;115;56;59
04/05/2019;12:15;116;55;61
04/05/2019;12:30;108;59;49
04/05/2019;12:45;99;53;46
04/05/2019;13:00;92;44;48
04/05/2019;13:15;79;38;41
04/05/2019;13:30;79;36;43
04/05/2019;13:45;97;60;37
04/05/2019;14:00;85;39;46
04/05/2019;14:15;98;49;49
04/05/2019;14:30;113;57;56
04/05/2019;14:45;80;34;46
04/05/2019;15:00;102;46;56
04/05/2019;15:15;108;57;51
04/05/2019;15:30;86;42;44
04/05/2019;15:45;81;35;46
04/05/2019;16:00;86;43;43
04/05/2019;16:15;67;38;29
04/05/2019;16:30;48;20;28
04/05/2019;16:45;49;19;30
04/05/2019;17:00;63;19;44
04/05/2019;17:15;62;17;45
04/05/2019;17:30;55;17;38
04/05/2019;17:45;47;23;24
04/05/2019;18:00;76;22;54
04/05/2019;18:15;51;23;28
04/05/2019;18:30;49;29;20
04/05/2019;18:45;54;15;39
04/05/2019;19:00;56;24;32
04/05/2019;19:15;33;14;19
04/05/2019;19:30;42;20;22
04/05/2019;19:45;37;16;21
04/05/2019;20:00;21;15;6
04/05/2019;20:15;37;18;19
04/05/2019;20:30;41;17;24
04/05/2019;20:45;50;31;19
04/05/2019;21:00;33;13;20
04/05/2019;21:15;31;18;13
04/05/2019;21:30;31;14;17
04/05/2019;21:45;25;15;10
04/05/2019;22:00;31;11;20
04/05/2019;22:15;11;8;3
04/05/2019;22:30;21;11;10
04/05/2019;22:45;22;4;18
04/05/2019;23:00;33;17;16
04/05/2019;23:15;25;12;13
04/05/2019;23:30;16;5;11
04/05/2019;23:45;28;12;16
05/05/2019;00:00;18;7;11
05/05/2019;00:15;20;10;10
05/05/2019;00:30;10;1;9
05/05/2019;00:45;15;6;9
05/05/2019;01:00;24;2;22
05/05/2019;01:15;12;4;8
05/05/2019;01:30;20;10;10
05/05/2019;01:45;17;9;8
05/05/2019;02:00;9;3;6
05/05/2019;02:15;4;3;1
05/05/2019;02:30;5;1;4
05/05/2019;02:45;8;5;3
05/05/2019;03:00;9;5;4
05/05/2019;03:15;6;3;3
05/05/2019;03:30;11;3;8
05/05/2019;03:45;5;1;4
05/05/2019;04:00;3;0;3
05/05/2019;04:15;6;1;5
05/05/2019;04:30;7;0;7
05/05/2019;04:45;0;0;0
05/05/2019;05:00;3;2;1
05/05/2019;05:15;5;3;2
05/05/2019;05:30;5;3;2
05/05/2019;05:45;5;4;1
05/05/2019;06:00;5;4;1
05/05/2019;06:15;3;3;0
05/05/2019;06:30;10;5;5
05/05/2019;06:45;3;2;1
05/05/2019;07:00;3;2;1
05/05/2019;07:15;4;0;4
05/05/2019;07:30;10;8;2
05/05/2019;07:45;6;2;4
05/05/2019;08:00;2;1;1
05/05/2019;08:15;12;3;9
05/05/2019;08:30;15;6;9
05/05/2019;08:45;15;5;10
05/05/2019;09:00;28;13;15
05/05/2019;09:15;21;10;11
05/05/2019;09:30;29;15;14
05/05/2019;09:45;59;31;28
05/05/2019;10:00;29;18;11
05/05/2019;10:15;35;25;10
05/05/2019;10:30;41;21;20
05/05/2019;10:45;42;29;13
05/05/2019;11:00;32;26;6
05/05/2019;11:15;27;17;10
05/05/2019;11:30;35;15;20
05/05/2019;11:45;45;28;17
05/05/2019;12:00;55;32;23
05/05/2019;12:15;53;23;30
05/05/2019;12:30;59;28;31
05/05/2019;12:45;49;18;31
05/05/2019;13:00;48;19;29
05/05/2019;13:15;53;23;30
05/05/2019;13:30;45;18;27
05/05/2019;13:45;75;40;35
05/05/2019;14:00;77;38;39
05/05/2019;14:15;73;41;32
05/05/2019;14:30;55;22;33
05/05/2019;14:45;61;37;24
05/05/2019;15:00;92;54;38
05/05/2019;15:15;63;38;25
05/05/2019;15:30;74;33;41
05/05/2019;15:45;58;33;25
05/05/2019;16:00;67;28;39
05/05/2019;16:15;59;26;33
05/05/2019;16:30;79;35;44
05/05/2019;16:45;87;44;43
05/05/2019;17:00;72;28;44
05/05/2019;17:15;74;33;41
05/05/2019;17:30;76;32;44
05/05/2019;17:45;96;51;45
05/05/2019;18:00;54;20;34
05/05/2019;18:15;79;33;46
05/05/2019;18:30;61;33;28
05/05/2019;18:45;74;27;47
05/05/2019;19:00;49;28;21
05/05/2019;19:15;50;26;24
05/05/2019;19:30;48;19;29
05/05/2019;19:45;55;29;26
05/05/2019;20:00;36;24;12
05/05/2019;20:15;37;17;20
05/05/2019;20:30;31;8;23
05/05/2019;20:45;48;28;20
05/05/2019;21:00;33;13;20
05/05/2019;21:15;30;13;17
05/05/2019;21:30;29;9;20
05/05/2019;21:45;20;9;11
05/05/2019;22:00;35;13;22
05/05/2019;22:15;31;13;18
05/05/2019;22:30;35;12;23
05/05/2019;22:45;31;10;21
05/05/2019;23:00;21;3;18
05/05/2019;23:15;17;6;11
05/05/2019;23:30;15;6;9
05/05/2019;23:45;16;6;10
06/05/2019;00:00;18;6;12
06/05/2019;00:15;4;3;1
06/05/2019;00:30;8;7;1
06/05/2019;00:45;6;1;5
06/05/2019;01:00;1;1;0
06/05/2019;01:15;2;1;1
06/05/2019;01:30;1;0;1
06/05/2019;01:45;2;1;1
06/05/2019;02:00;2;0;2
06/05/2019;02:15;1;1;0
06/05/2019;02:30;3;2;1
06/05/2019;02:45;4;0;4
06/05/2019;03:00;1;0;1
06/05/2019;03:15;0;0;0
06/05/2019;03:30;0;0;0
06/05/2019;03:45;0;0;0
06/05/2019;04:00;1;1;0
06/05/2019;04:15;2;1;1
06/05/2019;04:30;4;2;2
06/05/2019;04:45;0;0;0
06/05/2019;05:00;6;5;1
06/05/2019;05:15;10;5;5
06/05/2019;05:30;16;10;6
06/05/2019;05:45;28;21;7
06/05/2019;06:00;21;16;5
06/05/2019;06:15;34;25;9
06/05/2019;06:30;39;27;12
06/05/2019;06:45;59;40;19
06/05/2019;07:00;69;39;30
06/05/2019;07:15;162;115;47
06/05/2019;07:30;406;272;134
06/05/2019;07:45;321;196;125
06/05/2019;08:00;201;119;82
06/05/2019;08:15;168;105;63
06/05/2019;08:30;161;106;55
06/05/2019;08:45;185;118;67
06/05/2019;09:00;136;77;59
06/05/2019;09:15;175;114;61
06/05/2019;09:30;231;140;91
06/05/2019;09:45;146;88;58
06/05/2019;10:00;107;58;49
06/05/2019;10:15;121;75;46
06/05/2019;10:30;120;50;70
06/05/2019;10:45;99;56;43
06/05/2019;11:00;135;70;65
06/05/2019;11:15;187;92;95
06/05/2019;11:30;120;49;71
06/05/2019;11:45;116;57;59
06/05/2019;12:00;137;56;81
06/05/2019;12:15;135;67;68
06/05/2019;12:30;154;61;93
06/05/2019;12:45;193;78;115
06/05/2019;13:00;320;84;236
06/05/2019;13:15;179;80;99
06/05/2019;13:30;144;81;63
06/05/2019;13:45;215;112;103
06/05/2019;14:00;141;63;78
06/05/2019;14:15;115;68;47
06/05/2019;14:30;126;65;61
06/05/2019;14:45;137;59;78
06/05/2019;15:00;118;47;71
06/05/2019;15:15;147;76;71
06/05/2019;15:30;340;166;174
06/05/2019;15:45;184;91;93
06/05/2019;16:00;196;91;105
06/05/2019;16:15;202;101;101
06/05/2019;16:30;185;90;95
06/05/2019;16:45;214;101;113
06/05/2019;17:00;202;83;119
06/05/2019;17:15;269;114;155
06/05/2019;17:30;198;85;113
06/05/2019;17:45;237;103;134
06/05/2019;18:00;216;78;138
06/05/2019;18:15;196;100;96
06/05/2019;18:30;184;80;104
06/05/2019;18:45;216;120;96
06/05/2019;19:00;185;62;123
06/05/2019;19:15;161;71;90
06/05/2019;19:30;148;52;96
06/05/2019;19:45;153;78;75
06/05/2019;20:00;99;42;57
06/05/2019;20:15;127;62;65
06/05/2019;20:30;106;37;69
06/05/2019;20:45;88;43;45
06/05/2019;21:00;76;21;55
06/05/2019;21:15;79;31;48
06/05/2019;21:30;67;26;41
06/05/2019;21:45;63;32;31
06/05/2019;22:00;54;25;29
06/05/2019;22:15;55;17;38
06/05/2019;22:30;61;19;42
06/05/2019;22:45;50;23;27
06/05/2019;23:00;42;19;23
06/05/2019;23:15;33;16;17
06/05/2019;23:30;27;11;16
06/05/2019;23:45;23;11;12
07/05/2019;00:00;14;9;5
07/05/2019;00:15;13;2;11
07/05/2019;00:30;11;8;3
07/05/2019;00:45;9;3;6
07/05/2019;01:00;6;3;3
07/05/2019;01:15;7;3;4
07/05/2019;01:30;6;1;5
07/05/2019;01:45;6;3;3
07/05/2019;02:00;5;2;3
07/05/2019;02:15;1;1;0
07/05/2019;02:30;4;2;2
07/05/2019;02:45;2;1;1
07/05/2019;03:00;2;1;1
07/05/2019;03:15;4;2;2
07/05/2019;03:30;2;2;0
07/05/2019;03:45;1;0;1
07/05/2019;04:00;0;0;0
07/05/2019;04:15;3;2;1
07/05/2019;04:30;2;2;0
07/05/2019;04:45;4;3;1
07/05/2019;05:00;1;1;0
07/05/2019;05:15;6;5;1
07/05/2019;05:30;8;4;4
07/05/2019;05:45;21;14;7
07/05/2019;06:00;27;15;12
07/05/2019;06:15;36;27;9
07/05/2019;06:30;45;26;19
07/05/2019;06:45;72;51;21
07/05/2019;07:00;76;45;31
07/05/2019;07:15;199;139;60
07/05/2019;07:30;405;272;133
07/05/2019;07:45;399;263;136
07/05/2019;08:00;212;117;95
07/05/2019;08:15;199;98;101
07/05/2019;08:30;177;105;72
07/05/2019;08:45;204;126;78
07/05/2019;09:00;168;102;66
07/05/2019;09:15;187;115;72
07/05/2019;09:30;272;168;104
07/05/2019;09:45;170;96;74
07/05/2019;10:00;108;59;49
07/05/2019;10:15;130;76;54
07/05/2019;10:30;117;67;50
07/05/2019;10:45;110;65;45
07/05/2019;11:00;148;57;91
07/05/2019;11:15;193;94;99
07/05/2019;11:30;140;77;63
07/05/2019;11:45;137;66;71
07/05/2019;12:00;142;52;90
07/05/2019;12:15;135;64;71
07/05/2019;12:30;142;55;87
07/05/2019;12:45;206;92;114
07/05/2019;13:00;307;70;237
07/05/2019;13:15;168;83;85
07/05/2019;13:30;189;90;99
07/05/2019;13:45;240;147;93
07/05/2019;14:00;141;50;91
07/05/2019;14:15;127;76;51
07/05/2019;14:30;147;67;80
07/05/2019;14:45;177;72;105
07/05/2019;15:00;176;73;103
07/05/2019;15:15;226;116;110
07/05/2019;15:30;368;170;198
07/05/2019;15:45;260;137;123
07/05/2019;16:00;198;98;100
07/05/2019;16:15;282;156;126
07/05/2019;16:30;219;98;121
07/05/2019;16:45;227;93;134
07/05/2019;17:00;233;114;119
07/05/2019;17:15;372;155;217
07/05/2019;17:30;282;129;153
07/05/2019;17:45;255;130;125
07/05/2019;18:00;254;90;164
07/05/2019;18:15;239;103;136
07/05/2019;18:30;188;81;107
07/05/2019;18:45;267;142;125
07/05/2019;19:00;230;89;141
07/05/2019;19:15;267;123;144
07/05/2019;19:30;199;89;110
07/05/2019;19:45;171;71;100
07/05/2019;20:00;147;53;94
07/05/2019;20:15;155;90;65
07/05/2019;20:30;104;49;55
07/05/2019;20:45;109;41;68
07/05/2019;21:00;87;36;51
07/05/2019;21:15;87;40;47
07/05/2019;21:30;78;28;50
07/05/2019;21:45;71;33;38
07/05/2019;22:00;93;21;72
07/05/2019;22:15;77;30;47
07/05/2019;22:30;43;14;29
07/05/2019;22:45;60;22;38
07/05/2019;23:00;71;23;48
07/05/2019;23:15;63;23;40
07/05/2019;23:30;41;19;22
07/05/2019;23:45;32;18;14
08/05/2019;00:00;30;9;21
08/05/2019;00:15;25;10;15
08/05/2019;00:30;10;5;5
08/05/2019;00:45;5;1;4
08/05/2019;01:00;10;2;8
08/05/2019;01:15;19;10;9
08/05/2019;01:30;10;2;8
08/05/2019;01:45;10;5;5
08/05/2019;02:00;5;1;4
08/05/2019;02:15;3;0;3
08/05/2019;02:30;1;1;0
08/05/2019;02:45;1;0;1
08/05/2019;03:00;0;0;0
08/05/2019;03:15;1;0;1
08/05/2019;03:30;1;1;0
08/05/2019;03:45;0;0;0
08/05/2019;04:00;0;0;0
08/05/2019;04:15;0;0;0
08/05/2019;04:30;4;2;2
08/05/2019;04:45;5;5;0
08/05/2019;05:00;2;1;1
08/05/2019;05:15;8;3;5
08/05/2019;05:30;11;5;6
08/05/2019;05:45;29;18;11
08/05/2019;06:00;12;8;4
08/05/2019;06:15;28;22;6
08/05/2019;06:30;43;21;22
08/05/2019;06:45;70;38;32
08/05/2019;07:00;86;50;36
08/05/2019;07:15;194;125;69
08/05/2019;07:30;370;241;129
08/05/2019;07:45;420;277;143
08/05/2019;08:00;195;111;84
08/05/2019;08:15;156;98;58
08/05/2019;08:30;151;102;49
08/05/2019;08:45;169;108;61
08/05/2019;09:00;134;76;58
08/05/2019;09:15;147;110;37
08/05/2019;09:30;178;118;60
08/05/2019;09:45;120;58;62
08/05/2019;10:00;77;38;39
08/05/2019;10:15;80;49;31
08/05/2019;10:30;70;35;35
08/05/2019;10:45;87;42;45
08/05/2019;11:00;113;53;60
08/05/2019;11:15;157;74;83
08/05/2019;11:30;107;48;59
08/05/2019;11:45;112;53;59
08/05/2019;12:00;104;45;59
08/05/2019;12:15;149;62;87
08/05/2019;12:30;124;57;67
08/05/2019;12:45;162;74;88
08/05/2019;13:00;313;117;196
08/05/2019;13:15;142;72;70
08/05/2019;13:30;144;79;65
08/05/2019;13:45;178;113;65
08/05/2019;14:00;137;64;73
08/05/2019;14:15;130;66;64
08/05/2019;14:30;135;49;86
08/05/2019;14:45;117;60;57
08/05/2019;15:00;121;58;63
08/05/2019;15:15;127;57;70
08/05/2019;15:30;230;75;155
08/05/2019;15:45;135;61;74
08/05/2019;16:00;137;55;82
08/05/2019;16:15;155;66;89
08/05/2019;16:30;168;83;85
08/05/2019;16:45;154;72;82
08/05/2019;17:00;166;83;83
08/05/2019;17:15;240;87;153
08/05/2019;17:30;165;60;105
08/05/2019;17:45;196;79;117
08/05/2019;18:00;142;50;92
08/05/2019;18:15;132;66;66
08/05/2019;18:30;105;49;56
08/05/2019;18:45;121;52;69
08/05/2019;19:00;130;45;85
08/05/2019;19:15;87;36;51
08/05/2019;19:30;77;35;42
08/05/2019;19:45;73;27;46
08/05/2019;20:00;102;43;59
08/05/2019;20:15;72;31;41
08/05/2019;20:30;70;32;38
08/05/2019;20:45;54;23;31
08/05/2019;21:00;46;23;23
08/05/2019;21:15;31;10;21
08/05/2019;21:30;47;28;19
08/05/2019;21:45;52;29;23
08/05/2019;22:00;46;15;31
08/05/2019;22:15;40;15;25
08/05/2019;22:30;36;15;21
08/05/2019;22:45;22;12;10
08/05/2019;23:00;26;13;13
08/05/2019;23:15;37;13;24
08/05/2019;23:30;20;13;7
08/05/2019;23:45;13;4;9
09/05/2019;00:00;10;7;3
09/05/2019;00:15;13;0;13
09/05/2019;00:30;9;3;6
09/05/2019;00:45;18;3;15
09/05/2019;01:00;11;4;7
09/05/2019;01:15;5;5;0
09/05/2019;01:30;6;2;4
09/05/2019;01:45;8;3;5
09/05/2019;02:00;6;1;5
09/05/2019;02:15;4;4;0
09/05/2019;02:30;0;0;0
09/05/2019;02:45;3;0;3
09/05/2019;03:00;4;4;0
09/05/2019;03:15;2;2;0
09/05/2019;03:30;3;0;3
09/05/2019;03:45;2;2;0
09/05/2019;04:00;0;0;0
09/05/2019;04:15;0;0;0
09/05/2019;04:30;2;2;0
09/05/2019;04:45;3;3;0
09/05/2019;05:00;3;2;1
09/05/2019;05:15;3;3;0
09/05/2019;05:30;12;7;5
09/05/2019;05:45;32;20;12
09/05/2019;06:00;16;12;4
09/05/2019;06:15;28;17;11
09/05/2019;06:30;28;16;12
09/05/2019;06:45;76;45;31
09/05/2019;07:00;72;41;31
09/05/2019;07:15;189;119;70
09/05/2019;07:30;376;235;141
09/05/2019;07:45;362;239;123
09/05/2019;08:00;200;102;98
09/05/2019;08:15;196;116;80
09/05/2019;08:30;168;102;66
09/05/2019;08:45;195;121;74
09/05/2019;09:00;117;74;43
09/05/2019;09:15;196;130;66
09/05/2019;09:30;235;151;84
09/05/2019;09:45;145;87;58
09/05/2019;10:00;110;64;46
09/05/2019;10:15;101;54;47
09/05/2019;10:30;82;51;31
09/05/2019;10:45;90;47;43
09/05/2019;11:00;110;55;55
09/05/2019;11:15;163;84;79
09/05/2019;11:30;120;58;62
09/05/2019;11:45;125;54;71
09/05/2019;12:00;114;44;70
09/05/2019;12:15;146;62;84
09/05/2019;12:30;141;61;80
09/05/2019;12:45;143;60;83
09/05/2019;13:00;305;75;230
09/05/2019;13:15;154;57;97
09/05/2019;13:30;167;88;79
09/05/2019;13:45;217;119;98
09/05/2019;14:00;144;60;84
09/05/2019;14:15;125;62;63
09/05/2019;14:30;131;65;66
09/05/2019;14:45;131;66;65
09/05/2019;15:00;156;75;81
09/05/2019;15:15;176;87;89
09/05/2019;15:30;365;121;244
09/05/2019;15:45;202;92;110
09/05/2019;16:00;161;83;78
09/05/2019;16:15;195;97;98
09/05/2019;16:30;190;88;102
09/05/2019;16:45;203;114;89
09/05/2019;17:00;226;89;137
09/05/2019;17:15;237;88;149
09/05/2019;17:30;196;87;109
09/05/2019;17:45;199;109;90
09/05/2019;18:00;201;93;108
09/05/2019;18:15;190;90;100
09/05/2019;18:30;188;82;106
09/05/2019;18:45;231;112;119
09/05/2019;19:00;196;94;102
09/05/2019;19:15;146;82;64
09/05/2019;19:30;100;60;40
09/05/2019;19:45;129;52;77
09/05/2019;20:00;134;65;69
09/05/2019;20:15;93;42;51
09/05/2019;20:30;122;54;68
09/05/2019;20:45;95;43;52
09/05/2019;21:00;90;38;52
09/05/2019;21:15;72;33;39
09/05/2019;21:30;52;13;39
09/05/2019;21:45;101;38;63
09/05/2019;22:00;66;20;46
09/05/2019;22:15;73;21;52
09/05/2019;22:30;72;23;49
09/05/2019;22:45;46;13;33
09/05/2019;23:00;54;25;29
09/05/2019;23:15;34;7;27
09/05/2019;23:30;46;17;29
09/05/2019;23:45;37;14;23
10/05/2019;00:00;49;17;32
10/05/2019;00:15;24;9;15
10/05/2019;00:30;18;7;11
10/05/2019;00:45;10;5;5
10/05/2019;01:00;11;3;8
10/05/2019;01:15;9;5;4
10/05/2019;01:30;14;4;10
10/05/2019;01:45;10;4;6
10/05/2019;02:00;14;7;7
10/05/2019;02:15;9;4;5
10/05/2019;02:30;8;5;3
10/05/2019;02:45;7;5;2
10/05/2019;03:00;5;4;1
10/05/2019;03:15;9;9;0
10/05/2019;03:30;5;5;0
10/05/2019;03:45;10;9;1
10/05/2019;04:00;6;6;0
10/05/2019;04:15;4;4;0
10/05/2019;04:30;19;17;2
10/05/2019;04:45;11;8;3
10/05/2019;05:00;4;3;1
10/05/2019;05:15;9;5;4
10/05/2019;05:30;12;8;4
10/05/2019;05:45;18;15;3
10/05/2019;06:00;12;7;5
10/05/2019;06:15;29;21;8
10/05/2019;06:30;28;14;14
10/05/2019;06:45;62;42;20
10/05/2019;07:00;61;27;34
10/05/2019;07:15;157;98;59
10/05/2019;07:30;286;190;96
10/05/2019;07:45;261;158;103
10/05/2019;08:00;155;88;67
10/05/2019;08:15;145;80;65
10/05/2019;08:30;136;85;51
10/05/2019;08:45;174;120;54
10/05/2019;09:00;134;81;53
10/05/2019;09:15;167;101;66
10/05/2019;09:30;153;93;60
10/05/2019;09:45;129;67;62
10/05/2019;10:00;106;57;49
10/05/2019;10:15;89;52;37
10/05/2019;10:30;102;66;36
10/05/2019;10:45;129;60;69
10/05/2019;11:00;129;61;68
10/05/2019;11:15;154;79;75
10/05/2019;11:30;117;62;55
10/05/2019;11:45;138;73;65
10/05/2019;12:00;172;70;102
10/05/2019;12:15;155;82;73
10/05/2019;12:30;193;104;89
10/05/2019;12:45;154;56;98
10/05/2019;13:00;336;100;236
10/05/2019;13:15;165;75;90
10/05/2019;13:30;144;56;88
10/05/2019;13:45;170;84;86
10/05/2019;14:00;144;68;76
10/05/2019;14:15;173;100;73
10/05/2019;14:30;158;89;69
10/05/2019;14:45;177;92;85
10/05/2019;15:00;150;65;85
10/05/2019;15:15;134;77;57
10/05/2019;15:30;162;84;78
10/05/2019;15:45;172;73;99
10/05/2019;16:00;155;80;75
10/05/2019;16:15;163;76;87
10/05/2019;16:30;170;80;90
10/05/2019;16:45;161;60;101
10/05/2019;17:00;143;67;76
10/05/2019;17:15;168;75;93
10/05/2019;17:30;155;74;81
10/05/2019;17:45;181;84;97
10/05/2019;18:00;131;55;76
10/05/2019;18:15;164;78;86
10/05/2019;18:30;159;68;91
10/05/2019;18:45;159;78;81
10/05/2019;19:00;150;76;74
10/05/2019;19:15;148;75;73
10/05/2019;19:30;100;49;51
10/05/2019;19:45;114;55;59
10/05/2019;20:00;126;54;72
10/05/2019;20:15;96;54;42
10/05/2019;20:30;89;38;51
10/05/2019;20:45;69;34;35
10/05/2019;21:00;70;34;36
10/05/2019;21:15;59;24;35
10/05/2019;21:30;61;35;26
10/05/2019;21:45;44;23;21
10/05/2019;22:00;62;15;47
10/05/2019;22:15;46;20;26
10/05/2019;22:30;57;29;28
10/05/2019;22:45;61;14;47
10/05/2019;23:00;48;19;29
10/05/2019;23:15;33;9;24
10/05/2019;23:30;55;14;41
10/05/2019;23:45;76;21;55
11/05/2019;00:00;34;19;15
11/05/2019;00:15;35;16;19
11/05/2019;00:30;36;11;25
11/05/2019;00:45;28;14;14
11/05/2019;01:00;21;4;17
11/05/2019;01:15;30;11;19
11/05/2019;01:30;28;14;14
11/05/2019;01:45;21;8;13
11/05/2019;02:00;17;4;13
11/05/2019;02:15;17;3;14
11/05/2019;02:30;11;0;11
11/05/2019;02:45;8;4;4
11/05/2019;03:00;9;6;3
11/05/2019;03:15;13;4;9
11/05/2019;03:30;12;4;8
11/05/2019;03:45;8;6;2
11/05/2019;04:00;7;5;2
11/05/2019;04:15;3;2;1
11/05/2019;04:30;4;1;3
11/05/2019;04:45;3;3;0
11/05/2019;05:00;5;4;1
11/05/2019;05:15;10;5;5
11/05/2019;05:30;4;1;3
11/05/2019;05:45;9;7;2
11/05/2019;06:00;7;5;2
11/05/2019;06:15;5;2;3
11/05/2019;06:30;3;2;1
11/05/2019;06:45;7;2;5
11/05/2019;07:00;9;5;4
11/05/2019;07:15;9;3;6
11/05/2019;07:30;8;4;4
11/05/2019;07:45;35;23;12
11/05/2019;08:00;32;22;10
11/05/2019;08:15;32;13;19
11/05/2019;08:30;55;27;28
11/05/2019;08:45;55;34;21
11/05/2019;09:00;43;27;16
11/05/2019;09:15;55;34;21
11/05/2019;09:30;72;47;25
11/05/2019;09:45;85;47;38
11/05/2019;10:00;61;25;36
11/05/2019;10:15;55;32;23
11/05/2019;10:30;69;43;26
11/05/2019;10:45;72;49;23
11/05/2019;11:00;81;40;41
11/05/2019;11:15;86;42;44
11/05/2019;11:30;97;45;52
11/05/2019;11:45;126;75;51
11/05/2019;12:00;44;27;17
11/05/2019;12:15;56;28;28
11/05/2019;12:30;46;20;26
11/05/2019;12:45;90;65;25
11/05/2019;13:00;75;41;34
11/05/2019;13:15;93;47;46
11/05/2019;13:30;83;35;48
11/05/2019;13:45;93;49;44
11/05/2019;14:00;91;53;38
11/05/2019;14:15;83;42;41
11/05/2019;14:30;96;53;43
11/05/2019;14:45;97;65;32
11/05/2019;15:00;95;48;47
11/05/2019;15:15;91;43;48
11/05/2019;15:30;84;42;42
11/05/2019;15:45;117;52;65
11/05/2019;16:00;75;30;45
11/05/2019;16:15;44;18;26
11/05/2019;16:30;73;29;44
11/05/2019;16:45;97;43;54
11/05/2019;17:00;72;30;42
11/05/2019;17:15;68;37;31
11/05/2019;17:30;74;32;42
11/05/2019;17:45;83;42;41
11/05/2019;18:00;86;28;58
11/05/2019;18:15;73;36;37
11/05/2019;18:30;89;39;50
11/05/2019;18:45;93;44;49
11/05/2019;19:00;101;47;54
11/05/2019;19:15;69;36;33
11/05/2019;19:30;62;28;34
11/05/2019;19:45;66;38;28
11/05/2019;20:00;56;29;27
11/05/2019;20:15;47;23;24
11/05/2019;20:30;47;26;21
11/05/2019;20:45;50;25;25
11/05/2019;21:00;48;25;23
11/05/2019;21:15;53;22;31
11/05/2019;21:30;38;15;23
11/05/2019;21:45;27;9;18
11/05/2019;22:00;28;17;11
11/05/2019;22:15;16;11;5
11/05/2019;22:30;37;13;24
11/05/2019;22:45;25;6;19
11/05/2019;23:00;32;12;20
11/05/2019;23:15;33;14;19
11/05/2019;23:30;30;10;20
11/05/2019;23:45;30;9;21
12/05/2019;00:00;21;4;17
12/05/2019;00:15;67;19;48
12/05/2019;00:30;26;11;15
12/05/2019;00:45;31;5;26
12/05/2019;01:00;46;5;41
12/05/2019;01:15;42;5;37
12/05/2019;01:30;18;6;12
12/05/2019;01:45;25;10;15
12/05/2019;02:00;23;10;13
12/05/2019;02:15;13;5;8
12/05/2019;02:30;11;7;4
12/05/2019;02:45;17;6;11
12/05/2019;03:00;19;4;15
12/05/2019;03:15;10;4;6
12/05/2019;03:30;16;3;13
12/05/2019;03:45;18;10;8
12/05/2019;04:00;10;6;4
12/05/2019;04:15;6;3;3
12/05/2019;04:30;13;4;9
12/05/2019;04:45;2;2;0
12/05/2019;05:00;3;2;1
12/05/2019;05:15;8;5;3
12/05/2019;05:30;4;2;2
12/05/2019;05:45;5;4;1
12/05/2019;06:00;3;2;1
12/05/2019;06:15;7;5;2
12/05/2019;06:30;8;4;4
12/05/2019;06:45;9;6;3
12/05/2019;07:00;5;2;3
12/05/2019;07:15;5;2;3
12/05/2019;07:30;11;3;8
12/05/2019;07:45;12;8;4
12/05/2019;08:00;7;4;3
12/05/2019;08:15;11;6;5
12/05/2019;08:30;16;6;10
12/05/2019;08:45;32;13;19
12/05/2019;09:00;25;9;16
12/05/2019;09:15;28;14;14
12/05/2019;09:30;36;19;17
12/05/2019;09:45;58;33;25
12/05/2019;10:00;72;39;33
12/05/2019;10:15;49;26;23
12/05/2019;10:30;41;26;15
12/05/2019;10:45;49;25;24
12/05/2019;11:00;66;31;35
12/05/2019;11:15;53;27;26
12/05/2019;11:30;49;28;21
12/05/2019;11:45;88;47;41
12/05/2019;12:00;41;22;19
12/05/2019;12:15;67;36;31
12/05/2019;12:30;68;25;43
12/05/2019;12:45;61;25;36
12/05/2019;13:00;76;40;36
12/05/2019;13:15;64;32;32
12/05/2019;13:30;60;28;32
12/05/2019;13:45;80;50;30
12/05/2019;14:00;81;38;43
12/05/2019;14:15;91;46;45
12/05/2019;14:30;85;44;41
12/05/2019;14:45;104;51;53
12/05/2019;15:00;73;34;39
12/05/2019;15:15;95;54;41
12/05/2019;15:30;99;46;53
12/05/2019;15:45;65;35;30
12/05/2019;16:00;93;40;53
12/05/2019;16:15;91;43;48
12/05/2019;16:30;75;29;46
12/05/2019;16:45;86;43;43
12/05/2019;17:00;92;32;60
12/05/2019;17:15;96;36;60
12/05/2019;17:30;68;33;35
12/05/2019;17:45;70;25;45
12/05/2019;18:00;89;45;44
12/05/2019;18:15;55;27;28
12/05/2019;18:30;71;34;37
12/05/2019;18:45;62;27;35
12/05/2019;19:00;52;25;27
12/05/2019;19:15;46;33;13
12/05/2019;19:30;45;16;29
12/05/2019;19:45;52;21;31
12/05/2019;20:00;35;15;20
12/05/2019;20:15;51;24;27
12/05/2019;20:30;38;17;21
12/05/2019;20:45;28;11;17
12/05/2019;21:00;31;9;22
12/05/2019;21:15;34;10;24
12/05/2019;21:30;18;7;11
12/05/2019;21:45;24;12;12
12/05/2019;22:00;25;12;13
12/05/2019;22:15;23;10;13
12/05/2019;22:30;23;10;13
12/05/2019;22:45;32;8;24
12/05/2019;23:00;13;6;7
12/05/2019;23:15;12;2;10
12/05/2019;23:30;20;11;9
12/05/2019;23:45;13;6;7
13/05/2019;00:00;11;4;7
13/05/2019;00:15;11;5;6
13/05/2019;00:30;6;3;3
13/05/2019;00:45;4;1;3
13/05/2019;01:00;5;3;2
13/05/2019;01:15;3;1;2
13/05/2019;01:30;3;2;1
13/05/2019;01:45;3;3;0
13/05/2019;02:00;1;0;1
13/05/2019;02:15;0;0;0
13/05/2019;02:30;1;1;0
13/05/2019;02:45;1;0;1
13/05/2019;03:00;2;0;2
13/05/2019;03:15;0;0;0
13/05/2019;03:30;2;2;0
13/05/2019;03:45;1;1;0
13/05/2019;04:00;0;0;0
13/05/2019;04:15;1;1;0
13/05/2019;04:30;4;4;0
13/05/2019;04:45;1;1;0
13/05/2019;05:00;6;4;2
13/05/2019;05:15;5;4;1
13/05/2019;05:30;27;15;12
13/05/2019;05:45;19;13;6
13/05/2019;06:00;24;19;5
13/05/2019;06:15;31;23;8
13/05/2019;06:30;43;28;15
13/05/2019;06:45;55;30;25
13/05/2019;07:00;95;53;42
13/05/2019;07:15;216;149;67
13/05/2019;07:30;413;273;140
13/05/2019;07:45;341;217;124
13/05/2019;08:00;196;114;82
13/05/2019;08:15;170;89;81
13/05/2019;08:30;150;88;62
13/05/2019;08:45;188;113;75
13/05/2019;09:00;178;106;72
13/05/2019;09:15;162;97;65
13/05/2019;09:30;259;165;94
13/05/2019;09:45;161;101;60
13/05/2019;10:00;119;66;53
13/05/2019;10:15;128;86;42
13/05/2019;10:30;103;52;51
13/05/2019;10:45;131;64;67
13/05/2019;11:00;145;52;93
13/05/2019;11:15;214;99;115
13/05/2019;11:30;143;67;76
13/05/2019;11:45;133;65;68
13/05/2019;12:00;162;79;83
13/05/2019;12:15;145;57;88
13/05/2019;12:30;154;63;91
13/05/2019;12:45;174;73;101
13/05/2019;13:00;317;69;248
13/05/2019;13:15;176;79;97
13/05/2019;13:30;194;96;98
13/05/2019;13:45;196;112;84
13/05/2019;14:00;152;78;74
13/05/2019;14:15;116;53;63
13/05/2019;14:30;139;74;65
13/05/2019;14:45;149;84;65
13/05/2019;15:00;198;65;133
13/05/2019;15:15;182;94;88
13/05/2019;15:30;364;151;213
13/05/2019;15:45;203;113;90
13/05/2019;16:00;129;62;67
13/05/2019;16:15;186;87;99
13/05/2019;16:30;187;80;107
13/05/2019;16:45;216;108;108
13/05/2019;17:00;207;98;109
13/05/2019;17:15;251;119;132
13/05/2019;17:30;217;99;118
13/05/2019;17:45;213;90;123
13/05/2019;18:00;193;64;129
13/05/2019;18:15;209;78;131
13/05/2019;18:30;171;83;88
13/05/2019;18:45;232;110;122
13/05/2019;19:00;196;77;119
13/05/2019;19:15;137;65;72
13/05/2019;19:30;123;48;75
13/05/2019;19:45;149;74;75
13/05/2019;20:00;130;57;73
13/05/2019;20:15;109;44;65
13/05/2019;20:30;111;42;69
13/05/2019;20:45;86;37;49
13/05/2019;21:00;75;25;50
13/05/2019;21:15;77;32;45
13/05/2019;21:30;68;30;38
13/05/2019;21:45;64;30;34
13/05/2019;22:00;55;25;30
13/05/2019;22:15;67;32;35
13/05/2019;22:30;61;27;34
13/05/2019;22:45;46;23;23
13/05/2019;23:00;42;20;22
13/05/2019;23:15;33;12;21
13/05/2019;23:30;33;14;19
13/05/2019;23:45;33;23;10
14/05/2019;00:00;24;10;14
14/05/2019;00:15;9;5;4
14/05/2019;00:30;18;3;15
14/05/2019;00:45;7;2;5
14/05/2019;01:00;6;5;1
14/05/2019;01:15;3;1;2
14/05/2019;01:30;1;1;0
14/05/2019;01:45;3;1;2
14/05/2019;02:00;8;4;4
14/05/2019;02:15;3;1;2
14/05/2019;02:30;3;3;0
14/05/2019;02:45;3;3;0
14/05/2019;03:00;0;0;0
14/05/2019;03:15;1;1;0
14/05/2019;03:30;1;0;1
14/05/2019;03:45;2;2;0
14/05/2019;04:00;0;0;0
14/05/2019;04:15;0;0;0
14/05/2019;04:30;3;2;1
14/05/2019;04:45;1;1;0
14/05/2019;05:00;2;1;1
14/05/2019;05:15;2;1;1
14/05/2019;05:30;17;12;5
14/05/2019;05:45;22;17;5
14/05/2019;06:00;22;14;8
14/05/2019;06:15;29;24;5
14/05/2019;06:30;55;33;22
14/05/2019;06:45;74;50;24
14/05/2019;07:00;74;40;34
14/05/2019;07:15;209;141;68
14/05/2019;07:30;410;279;131
14/05/2019;07:45;398;265;133
14/05/2019;08:00;222;131;91
14/05/2019;08:15;216;107;109
14/05/2019;08:30;168;110;58
14/05/2019;08:45;202;135;67
14/05/2019;09:00;174;100;74
14/05/2019;09:15;223;144;79
14/05/2019;09:30;299;185;114
14/05/2019;09:45;171;101;70
14/05/2019;10:00;131;66;65
14/05/2019;10:15;120;61;59
14/05/2019;10:30;117;81;36
14/05/2019;10:45;136;78;58
14/05/2019;11:00;173;66;107
14/05/2019;11:15;194;110;84
14/05/2019;11:30;143;67;76
14/05/2019;11:45;126;60;66
14/05/2019;12:00;181;106;75
14/05/2019;12:15;165;64;101
14/05/2019;12:30;171;78;93
14/05/2019;12:45;167;66;101
14/05/2019;13:00;311;81;230
14/05/2019;13:15;179;89;90
14/05/2019;13:30;174;80;94
14/05/2019;13:45;248;140;108
14/05/2019;14:00;170;74;96
14/05/2019;14:15;136;63;73
14/05/2019;14:30;152;67;85
14/05/2019;14:45;189;73;116
14/05/2019;15:00;149;68;81
14/05/2019;15:15;176;76;100
14/05/2019;15:30;385;155;230
14/05/2019;15:45;277;119;158
14/05/2019;16:00;202;114;88
14/05/2019;16:15;201;110;91
14/05/2019;16:30;217;106;111
14/05/2019;16:45;261;115;146
14/05/2019;17:00;262;123;139
14/05/2019;17:15;305;128;177
14/05/2019;17:30;251;108;143
14/05/2019;17:45;259;131;128
14/05/2019;18:00;208;90;118
14/05/2019;18:15;235;89;146
14/05/2019;18:30;184;97;87
14/05/2019;18:45;233;105;128
14/05/2019;19:00;205;93;112
14/05/2019;19:15;203;80;123
14/05/2019;19:30;197;89;108
14/05/2019;19:45;163;94;69
14/05/2019;20:00;148;53;95
14/05/2019;20:15;122;54;68
14/05/2019;20:30;118;52;66
14/05/2019;20:45;115;55;60
14/05/2019;21:00;94;34;60
14/05/2019;21:15;115;51;64
14/05/2019;21:30;50;23;27
14/05/2019;21:45;94;40;54
14/05/2019;22:00;72;25;47
14/05/2019;22:15;74;35;39
14/05/2019;22:30;52;22;30
14/05/2019;22:45;58;21;37
14/05/2019;23:00;36;11;25
14/05/2019;23:15;39;13;26
14/05/2019;23:30;40;15;25
14/05/2019;23:45;31;8;23
15/05/2019;00:00;15;7;8
15/05/2019;00:15;23;6;17
15/05/2019;00:30;14;5;9
15/05/2019;00:45;17;5;12
15/05/2019;01:00;10;2;8
15/05/2019;01:15;8;2;6
15/05/2019;01:30;10;2;8
15/05/2019;01:45;3;2;1
15/05/2019;02:00;3;1;2
15/05/2019;02:15;2;1;1
15/05/2019;02:30;2;0;2
15/05/2019;02:45;1;0;1
15/05/2019;03:00;2;0;2
15/05/2019;03:15;1;1;0
15/05/2019;03:30;1;1;0
15/05/2019;03:45;1;0;1
15/05/2019;04:00;0;0;0
15/05/2019;04:15;1;1;0
15/05/2019;04:30;2;1;1
15/05/2019;04:45;4;2;2
15/05/2019;05:00;4;3;1
15/05/2019;05:15;4;3;1
15/05/2019;05:30;16;10;6
15/05/2019;05:45;29;18;11
15/05/2019;06:00;21;13;8
15/05/2019;06:15;30;21;9
15/05/2019;06:30;39;24;15
15/05/2019;06:45;89;55;34
15/05/2019;07:00;93;47;46
15/05/2019;07:15;231;151;80
15/05/2019;07:30;492;332;160
15/05/2019;07:45;398;258;140
15/05/2019;08:00;243;152;91
15/05/2019;08:15;170;108;62
15/05/2019;08:30;179;106;73
15/05/2019;08:45;196;128;68
15/05/2019;09:00;158;99;59
15/05/2019;09:15;197;134;63
15/05/2019;09:30;241;140;101
15/05/2019;09:45;160;85;75
15/05/2019;10:00;111;59;52
15/05/2019;10:15;100;47;53
15/05/2019;10:30;96;58;38
15/05/2019;10:45;119;67;52
15/05/2019;11:00;138;61;77
15/05/2019;11:15;211;86;125
15/05/2019;11:30;137;67;70
15/05/2019;11:45;148;75;73
15/05/2019;12:00;142;60;82
15/05/2019;12:15;202;80;122
15/05/2019;12:30;152;62;90
15/05/2019;12:45;190;66;124
15/05/2019;13:00;346;96;250
15/05/2019;13:15;192;86;106
15/05/2019;13:30;144;67;77
15/05/2019;13:45;213;129;84
15/05/2019;14:00;191;90;101
15/05/2019;14:15;163;72;91
15/05/2019;14:30;160;74;86
15/05/2019;14:45;144;61;83
15/05/2019;15:00;166;84;82
15/05/2019;15:15;188;92;96
15/05/2019;15:30;276;115;161
15/05/2019;15:45;219;92;127
15/05/2019;16:00;146;60;86
15/05/2019;16:15;166;81;85
15/05/2019;16:30;219;100;119
15/05/2019;16:45;254;109;145
15/05/2019;17:00;260;106;154
15/05/2019;17:15;308;118;190
15/05/2019;17:30;243;95;148
15/05/2019;17:45;257;108;149
15/05/2019;18:00;234;85;149
15/05/2019;18:15;186;79;107
15/05/2019;18:30;176;77;99
15/05/2019;18:45;230;119;111
15/05/2019;19:00;157;57;100
15/05/2019;19:15;203;94;109
15/05/2019;19:30;137;53;84
15/05/2019;19:45;147;59;88
15/05/2019;20:00;163;68;95
15/05/2019;20:15;139;75;64
15/05/2019;20:30;118;53;65
15/05/2019;20:45;99;61;38
15/05/2019;21:00;78;38;40
15/05/2019;21:15;88;50;38
15/05/2019;21:30;83;46;37
15/05/2019;21:45;100;62;38
15/05/2019;22:00;85;37;48
15/05/2019;22:15;74;33;41
15/05/2019;22:30;68;33;35
15/05/2019;22:45;70;35;35
15/05/2019;23:00;51;22;29
15/05/2019;23:15;62;26;36
15/05/2019;23:30;37;20;17
15/05/2019;23:45;32;16;16
16/05/2019;00:00;27;10;17
16/05/2019;00:15;34;9;25
16/05/2019;00:30;15;1;14
16/05/2019;00:45;30;5;25
16/05/2019;01:00;18;4;14
16/05/2019;01:15;21;0;21
16/05/2019;01:30;15;4;11
16/05/2019;01:45;5;0;5
16/05/2019;02:00;6;2;4
16/05/2019;02:15;4;1;3
16/05/2019;02:30;4;2;2
16/05/2019;02:45;3;2;1
16/05/2019;03:00;7;2;5
16/05/2019;03:15;4;2;2
16/05/2019;03:30;1;1;0
16/05/2019;03:45;1;1;0
16/05/2019;04:00;1;1;0
16/05/2019;04:15;2;1;1
16/05/2019;04:30;1;1;0
16/05/2019;04:45;5;3;2
16/05/2019;05:00;2;2;0
16/05/2019;05:15;8;6;2
16/05/2019;05:30;10;3;7
16/05/2019;05:45;31;22;9
16/05/2019;06:00;19;10;9
16/05/2019;06:15;28;22;6
16/05/2019;06:30;41;27;14
16/05/2019;06:45;74;46;28
16/05/2019;07:00;107;57;50
16/05/2019;07:15;209;148;61
16/05/2019;07:30;447;305;142
16/05/2019;07:45;365;252;113
16/05/2019;08:00;206;117;89
16/05/2019;08:15;194;111;83
16/05/2019;08:30;192;107;85
16/05/2019;08:45;201;119;82
16/05/2019;09:00;131;80;51
16/05/2019;09:15;188;112;76
16/05/2019;09:30;234;126;108
16/05/2019;09:45;152;76;76
16/05/2019;10:00;93;55;38
16/05/2019;10:15;120;78;42
16/05/2019;10:30;102;69;33
16/05/2019;10:45;118;60;58
16/05/2019;11:00;138;73;65
16/05/2019;11:15;242;141;101
16/05/2019;11:30;122;50;72
16/05/2019;11:45;129;64;65
16/05/2019;12:00;128;49;79
16/05/2019;12:15;192;65;127
16/05/2019;12:30;160;71;89
16/05/2019;12:45;167;76;91
16/05/2019;13:00;362;90;272
16/05/2019;13:15;190;85;105
16/05/2019;13:30;158;71;87
16/05/2019;13:45;216;117;99
16/05/2019;14:00;137;59;78
16/05/2019;14:15;121;55;66
16/05/2019;14:30;121;60;61
16/05/2019;14:45;123;52;71
16/05/2019;15:00;160;71;89
16/05/2019;15:15;210;118;92
16/05/2019;15:30;420;158;262
16/05/2019;15:45;180;82;98
16/05/2019;16:00;191;93;98
16/05/2019;16:15;227;117;110
16/05/2019;16:30;205;100;105
16/05/2019;16:45;235;113;122
16/05/2019;17:00;248;97;151
16/05/2019;17:15;337;140;197
16/05/2019;17:30;244;107;137
16/05/2019;17:45;246;125;121
16/05/2019;18:00;258;106;152
16/05/2019;18:15;230;85;145
16/05/2019;18:30;203;86;117
16/05/2019;18:45;267;125;142
16/05/2019;19:00;172;69;103
16/05/2019;19:15;184;110;74
16/05/2019;19:30;157;76;81
16/05/2019;19:45;174;90;84
16/05/2019;20:00;151;72;79
16/05/2019;20:15;129;53;76
16/05/2019;20:30;118;43;75
16/05/2019;20:45;118;55;63
16/05/2019;21:00;84;44;40
16/05/2019;21:15;74;36;38
16/05/2019;21:30;72;31;41
16/05/2019;21:45;93;31;62
16/05/2019;22:00;97;31;66
16/05/2019;22:15;86;25;61
16/05/2019;22:30;72;30;42
16/05/2019;22:45;66;21;45
16/05/2019;23:00;53;22;31
16/05/2019;23:15;49;20;29
16/05/2019;23:30;42;15;27
16/05/2019;23:45;40;9;31
17/05/2019;00:00;27;12;15
17/05/2019;00:15;17;6;11
17/05/2019;00:30;20;5;15
17/05/2019;00:45;21;4;17
17/05/2019;01:00;12;6;6
17/05/2019;01:15;12;7;5
17/05/2019;01:30;11;6;5
17/05/2019;01:45;9;2;7
17/05/2019;02:00;5;1;4
17/05/2019;02:15;1;1;0
17/05/2019;02:30;2;0;2
17/05/2019;02:45;0;0;0
17/05/2019;03:00;2;1;1
17/05/2019;03:15;0;0;0
17/05/2019;03:30;2;1;1
17/05/2019;03:45;3;3;0
17/05/2019;04:00;0;0;0
17/05/2019;04:15;0;0;0
17/05/2019;04:30;3;2;1
17/05/2019;04:45;2;2;0
17/05/2019;05:00;2;2;0
17/05/2019;05:15;5;2;3
17/05/2019;05:30;11;8;3
17/05/2019;05:45;36;26;10
17/05/2019;06:00;13;9;4
17/05/2019;06:15;26;16;10
17/05/2019;06:30;38;22;16
17/05/2019;06:45;65;39;26
17/05/2019;07:00;93;46;47
17/05/2019;07:15;185;132;53
17/05/2019;07:30;392;274;118
17/05/2019;07:45;309;194;115
17/05/2019;08:00;190;105;85
17/05/2019;08:15;161;94;67
17/05/2019;08:30;161;89;72
17/05/2019;08:45;204;131;73
17/05/2019;09:00;164;94;70
17/05/2019;09:15;201;132;69
17/05/2019;09:30;216;122;94
17/05/2019;09:45;165;107;58
17/05/2019;10:00;142;81;61
17/05/2019;10:15;131;86;45
17/05/2019;10:30;127;65;62
17/05/2019;10:45;159;83;76
17/05/2019;11:00;163;62;101
17/05/2019;11:15;226;115;111
17/05/2019;11:30;177;79;98
17/05/2019;11:45;164;87;77
17/05/2019;12:00;163;74;89
17/05/2019;12:15;242;116;126
17/05/2019;12:30;207;100;107
17/05/2019;12:45;207;80;127
17/05/2019;13:00;382;117;265
17/05/2019;13:15;237;81;156
17/05/2019;13:30;184;84;100
17/05/2019;13:45;191;97;94
17/05/2019;14:00;192;92;100
17/05/2019;14:15;168;102;66
17/05/2019;14:30;190;109;81
17/05/2019;14:45;218;120;98
17/05/2019;15:00;175;88;87
17/05/2019;15:15;169;91;78
17/05/2019;15:30;205;116;89
17/05/2019;15:45;173;78;95
17/05/2019;16:00;197;104;93
17/05/2019;16:15;188;105;83
17/05/2019;16:30;231;134;97
17/05/2019;16:45;218;112;106
17/05/2019;17:00;220;112;108
17/05/2019;17:15;260;123;137
17/05/2019;17:30;246;132;114
17/05/2019;17:45;229;107;122
17/05/2019;18:00;237;113;124
17/05/2019;18:15;187;100;87
17/05/2019;18:30;184;97;87
17/05/2019;18:45;207;104;103
17/05/2019;19:00;197;100;97
17/05/2019;19:15;239;113;126
17/05/2019;19:30;167;101;66
17/05/2019;19:45;137;86;51
17/05/2019;20:00;154;79;75
17/05/2019;20:15;119;73;46
17/05/2019;20:30;111;41;70
17/05/2019;20:45;123;60;63
17/05/2019;21:00;105;50;55
17/05/2019;21:15;116;57;59
17/05/2019;21:30;75;29;46
17/05/2019;21:45;85;32;53
17/05/2019;22:00;97;42;55
17/05/2019;22:15;108;34;74
17/05/2019;22:30;91;28;63
17/05/2019;22:45;96;26;70
17/05/2019;23:00;96;21;75
17/05/2019;23:15;96;19;77
17/05/2019;23:30;95;17;78
17/05/2019;23:45;51;8;43
18/05/2019;00:00;52;14;38
18/05/2019;00:15;46;9;37
18/05/2019;00:30;52;15;37
18/05/2019;00:45;34;14;20
18/05/2019;01:00;25;10;15
18/05/2019;01:15;37;4;33
18/05/2019;01:30;35;6;29
18/05/2019;01:45;25;12;13
18/05/2019;02:00;21;4;17
18/05/2019;02:15;12;1;11
18/05/2019;02:30;18;7;11
18/05/2019;02:45;10;7;3
18/05/2019;03:00;19;6;13
18/05/2019;03:15;22;8;14
18/05/2019;03:30;8;4;4
18/05/2019;03:45;6;2;4
18/05/2019;04:00;5;4;1
18/05/2019;04:15;6;0;6
18/05/2019;04:30;4;4;0
18/05/2019;04:45;2;0;2
18/05/2019;05:00;6;5;1
18/05/2019;05:15;7;1;6
18/05/2019;05:30;6;4;2
18/05/2019;05:45;7;6;1
18/05/2019;06:00;10;7;3
18/05/2019;06:15;10;6;4
18/05/2019;06:30;14;10;4
18/05/2019;06:45;17;10;7
18/05/2019;07:00;19;10;9
18/05/2019;07:15;22;18;4
18/05/2019;07:30;32;18;14
18/05/2019;07:45;30;12;18
18/05/2019;08:00;38;18;20
18/05/2019;08:15;45;26;19
18/05/2019;08:30;54;22;32
18/05/2019;08:45;97;68;29
18/05/2019;09:00;74;45;29
18/05/2019;09:15;89;54;35
18/05/2019;09:30;95;59;36
18/05/2019;09:45;116;90;26
18/05/2019;10:00;109;62;47
18/05/2019;10:15;124;72;52
18/05/2019;10:30;127;84;43
18/05/2019;10:45;152;99;53
18/05/2019;11:00;119;75;44
18/05/2019;11:15;128;84;44
18/05/2019;11:30;120;63;57
18/05/2019;11:45;148;72;76
18/05/2019;12:00;141;55;86
18/05/2019;12:15;151;69;82
18/05/2019;12:30;159;100;59
18/05/2019;12:45;173;100;73
18/05/2019;13:00;127;65;62
18/05/2019;13:15;129;63;66
18/05/2019;13:30;167;80;87
18/05/2019;13:45;167;75;92
18/05/2019;14:00;171;75;96
18/05/2019;14:15;128;61;67
18/05/2019;14:30;176;76;100
18/05/2019;14:45;168;74;94
18/05/2019;15:00;173;59;114
18/05/2019;15:15;193;93;100
18/05/2019;15:30;141;68;73
18/05/2019;15:45;172;72;100
18/05/2019;16:00;160;79;81
18/05/2019;16:15;137;62;75
18/05/2019;16:30;174;76;98
18/05/2019;16:45;140;73;67
18/05/2019;17:00;141;73;68
18/05/2019;17:15;144;62;82
18/05/2019;17:30;146;71;75
18/05/2019;17:45;159;93;66
18/05/2019;18:00;164;69;95
18/05/2019;18:15;136;62;74
18/05/2019;18:30;161;81;80
18/05/2019;18:45;132;56;76
18/05/2019;19:00;122;54;68
18/05/2019;19:15;139;96;43
18/05/2019;19:30;122;76;46
18/05/2019;19:45;114;46;68
18/05/2019;20:00;105;39;66
18/05/2019;20:15;102;44;58
18/05/2019;20:30;89;44;45
18/05/2019;20:45;69;32;37
18/05/2019;21:00;72;28;44
18/05/2019;21:15;44;20;24
18/05/2019;21:30;77;24;53
18/05/2019;21:45;92;34;58
18/05/2019;22:00;77;30;47
18/05/2019;22:15;79;27;52
18/05/2019;22:30;50;20;30
18/05/2019;22:45;79;23;56
18/05/2019;23:00;58;18;40
18/05/2019;23:15;59;26;33
18/05/2019;23:30;46;16;30
18/05/2019;23:45;19;4;15
19/05/2019;00:00;27;8;19
19/05/2019;00:15;24;11;13
19/05/2019;00:30;30;8;22
19/05/2019;00:45;22;6;16
19/05/2019;01:00;26;16;10
19/05/2019;01:15;39;23;16
19/05/2019;01:30;29;11;18
19/05/2019;01:45;34;13;21
19/05/2019;02:00;18;8;10
19/05/2019;02:15;21;7;14
19/05/2019;02:30;22;15;7
19/05/2019;02:45;14;2;12
19/05/2019;03:00;10;8;2
19/05/2019;03:15;13;7;6
19/05/2019;03:30;8;3;5
19/05/2019;03:45;8;3;5
19/05/2019;04:00;7;6;1
19/05/2019;04:15;10;8;2
19/05/2019;04:30;5;4;1
19/05/2019;04:45;5;4;1
19/05/2019;05:00;2;2;0
19/05/2019;05:15;4;3;1
19/05/2019;05:30;16;8;8
19/05/2019;05:45;11;5;6
19/05/2019;06:00;4;3;1
19/05/2019;06:15;5;5;0
19/05/2019;06:30;12;3;9
19/05/2019;06:45;11;6;5
19/05/2019;07:00;3;3;0
19/05/2019;07:15;6;2;4
19/05/2019;07:30;7;3;4
19/05/2019;07:45;14;7;7
19/05/2019;08:00;14;7;7
19/05/2019;08:15;18;10;8
19/05/2019;08:30;20;10;10
19/05/2019;08:45;25;13;12
19/05/2019;09:00;21;11;10
19/05/2019;09:15;41;23;18
19/05/2019;09:30;48;26;22
19/05/2019;09:45;70;47;23
19/05/2019;10:00;46;30;16
19/05/2019;10:15;79;33;46
19/05/2019;10:30;65;28;37
19/05/2019;10:45;77;44;33
19/05/2019;11:00;64;34;30
19/05/2019;11:15;66;27;39
19/05/2019;11:30;82;41;41
19/05/2019;11:45;91;56;35
19/05/2019;12:00;67;34;33
19/05/2019;12:15;84;42;42
19/05/2019;12:30;73;36;37
19/05/2019;12:45;94;43;51
19/05/2019;13:00;90;33;57
19/05/2019;13:15;84;35;49
19/05/2019;13:30;101;42;59
19/05/2019;13:45;100;50;50
19/05/2019;14:00;130;59;71
19/05/2019;14:15;110;58;52
19/05/2019;14:30;114;68;46
19/05/2019;14:45;113;63;50
19/05/2019;15:00;125;56;69
19/05/2019;15:15;108;63;45
19/05/2019;15:30;97;59;38
19/05/2019;15:45;129;58;71
19/05/2019;16:00;105;44;61
19/05/2019;16:15;133;60;73
19/05/2019;16:30;105;58;47
19/05/2019;16:45;147;77;70
19/05/2019;17:00;112;45;67
19/05/2019;17:15;72;37;35
19/05/2019;17:30;118;59;59
19/05/2019;17:45;111;62;49
19/05/2019;18:00;158;58;100
19/05/2019;18:15;154;71;83
19/05/2019;18:30;105;49;56
19/05/2019;18:45;77;28;49
19/05/2019;19:00;52;20;32
19/05/2019;19:15;52;26;26
19/05/2019;19:30;54;23;31
19/05/2019;19:45;53;21;32
19/05/2019;20:00;48;23;25
19/05/2019;20:15;45;18;27
19/05/2019;20:30;31;16;15
19/05/2019;20:45;28;13;15
19/05/2019;21:00;24;9;15
19/05/2019;21:15;26;10;16
19/05/2019;21:30;23;15;8
19/05/2019;21:45;30;14;16
19/05/2019;22:00;26;7;19
19/05/2019;22:15;18;8;10
19/05/2019;22:30;19;4;15
19/05/2019;22:45;11;6;5
19/05/2019;23:00;22;12;10
19/05/2019;23:15;12;4;8
19/05/2019;23:30;13;2;11
19/05/2019;23:45;11;2;9
20/05/2019;00:00;13;5;8
20/05/2019;00:15;7;3;4
20/05/2019;00:30;3;2;1
20/05/2019;00:45;3;1;2
20/05/2019;01:00;5;3;2
20/05/2019;01:15;3;0;3
20/05/2019;01:30;1;0;1
20/05/2019;01:45;1;1;0
20/05/2019;02:00;1;0;1
20/05/2019;02:15;2;1;1
20/05/2019;02:30;3;2;1
20/05/2019;02:45;1;1;0
20/05/2019;03:00;1;1;0
20/05/2019;03:15;1;0;1
20/05/2019;03:30;4;2;2
20/05/2019;03:45;0;0;0
20/05/2019;04:00;0;0;0
20/05/2019;04:15;3;3;0
20/05/2019;04:30;1;1;0
20/05/2019;04:45;3;3;0
20/05/2019;05:00;2;1;1
20/05/2019;05:15;0;0;0
20/05/2019;05:30;7;5;2
20/05/2019;05:45;18;11;7
20/05/2019;06:00;22;14;8
20/05/2019;06:15;26;17;9
20/05/2019;06:30;30;18;12
20/05/2019;06:45;53;32;21
20/05/2019;07:00;50;25;25
20/05/2019;07:15;96;69;27
20/05/2019;07:30;194;117;77
20/05/2019;07:45;197;121;76
20/05/2019;08:00;119;62;57
20/05/2019;08:15;84;47;37
20/05/2019;08:30;91;46;45
20/05/2019;08:45;123;82;41
20/05/2019;09:00;93;61;32
20/05/2019;09:15;127;81;46
20/05/2019;09:30;127;85;42
20/05/2019;09:45;71;49;22
20/05/2019;10:00;56;29;27
20/05/2019;10:15;44;24;20
20/05/2019;10:30;56;30;26
20/05/2019;10:45;73;32;41
20/05/2019;11:00;79;35;44
20/05/2019;11:15;99;50;49
20/05/2019;11:30;49;27;22
20/05/2019;11:45;42;20;22
20/05/2019;12:00;57;27;30
20/05/2019;12:15;100;50;50
20/05/2019;12:30;74;25;49
20/05/2019;12:45;87;34;53
20/05/2019;13:00;180;44;136
20/05/2019;13:15;90;29;61
20/05/2019;13:30;65;34;31
20/05/2019;13:45;88;46;42
20/05/2019;14:00;56;21;35
20/05/2019;14:15;61;36;25
20/05/2019;14:30;79;41;38
20/05/2019;14:45;79;43;36
20/05/2019;15:00;78;43;35
20/05/2019;15:15;73;27;46
20/05/2019;15:30;176;85;91
20/05/2019;15:45;96;40;56
20/05/2019;16:00;82;36;46
20/05/2019;16:15;98;55;43
20/05/2019;16:30;102;40;62
20/05/2019;16:45;119;54;65
20/05/2019;17:00;108;36;72
20/05/2019;17:15;153;79;74
20/05/2019;17:30;116;51;65
20/05/2019;17:45;112;39;73
20/05/2019;18:00;92;44;48
20/05/2019;18:15;80;26;54
20/05/2019;18:30;90;38;52
20/05/2019;18:45;98;48;50
20/05/2019;19:00;77;28;49
20/05/2019;19:15;96;46;50
20/05/2019;19:30;69;31;38
20/05/2019;19:45;88;34;54
20/05/2019;20:00;70;31;39
20/05/2019;20:15;71;37;34
20/05/2019;20:30;52;16;36
20/05/2019;20:45;36;13;23
20/05/2019;21:00;42;14;28
20/05/2019;21:15;34;11;23
20/05/2019;21:30;32;11;21
20/05/2019;21:45;36;24;12
20/05/2019;22:00;46;22;24
20/05/2019;22:15;39;14;25
20/05/2019;22:30;23;11;12
20/05/2019;22:45;25;12;13
20/05/2019;23:00;24;7;17
20/05/2019;23:15;17;9;8
20/05/2019;23:30;29;11;18
20/05/2019;23:45;20;2;18
21/05/2019;00:00;12;5;7
21/05/2019;00:15;4;3;1
21/05/2019;00:30;4;1;3
21/05/2019;00:45;6;2;4
21/05/2019;01:00;2;0;2
21/05/2019;01:15;3;3;0
21/05/2019;01:30;5;3;2
21/05/2019;01:45;1;1;0
21/05/2019;02:00;0;0;0
21/05/2019;02:15;1;0;1
21/05/2019;02:30;0;0;0
21/05/2019;02:45;0;0;0
21/05/2019;03:00;3;3;0
21/05/2019;03:15;0;0;0
21/05/2019;03:30;4;3;1
21/05/2019;03:45;2;1;1
21/05/2019;04:00;0;0;0
21/05/2019;04:15;0;0;0
21/05/2019;04:30;2;2;0
21/05/2019;04:45;3;3;0
21/05/2019;05:00;1;1;0
21/05/2019;05:15;0;0;0
21/05/2019;05:30;5;4;1
21/05/2019;05:45;15;9;6
21/05/2019;06:00;18;9;9
21/05/2019;06:15;22;15;7
21/05/2019;06:30;31;21;10
21/05/2019;06:45;44;28;16
21/05/2019;07:00;48;27;21
21/05/2019;07:15;93;67;26
21/05/2019;07:30;195;122;73
21/05/2019;07:45;227;153;74
21/05/2019;08:00;156;94;62
21/05/2019;08:15;105;51;54
21/05/2019;08:30;106;63;43
21/05/2019;08:45;115;71;44
21/05/2019;09:00;97;57;40
21/05/2019;09:15;121;68;53
21/05/2019;09:30;138;85;53
21/05/2019;09:45;74;39;35
21/05/2019;10:00;40;24;16
21/05/2019;10:15;41;25;16
21/05/2019;10:30;46;23;23
21/05/2019;10:45;55;26;29
21/05/2019;11:00;63;24;39
21/05/2019;11:15;92;48;44
21/05/2019;11:30;71;42;29
21/05/2019;11:45;64;44;20
21/05/2019;12:00;55;27;28
21/05/2019;12:15;82;33;49
21/05/2019;12:30;71;38;33
21/05/2019;12:45;116;37;79
21/05/2019;13:00;171;39;132
21/05/2019;13:15;79;40;39
21/05/2019;13:30;91;39;52
21/05/2019;13:45;124;78;46
21/05/2019;14:00;72;31;41
21/05/2019;14:15;51;25;26
21/05/2019;14:30;75;36;39
21/05/2019;14:45;66;31;35
21/05/2019;15:00;61;30;31
21/05/2019;15:15;91;42;49
21/05/2019;15:30;232;108;124
21/05/2019;15:45;126;59;67
21/05/2019;16:00;98;43;55
21/05/2019;16:15;80;44;36
21/05/2019;16:30;130;63;67
21/05/2019;16:45;121;60;61
21/05/2019;17:00;128;48;80
21/05/2019;17:15;155;64;91
21/05/2019;17:30;137;62;75
21/05/2019;17:45;138;72;66
21/05/2019;18:00;104;49;55
21/05/2019;18:15;101;34;67
21/05/2019;18:30;88;40;48
21/05/2019;18:45;123;63;60
21/05/2019;19:00;87;23;64
21/05/2019;19:15;115;52;63
21/05/2019;19:30;98;49;49
21/05/2019;19:45;84;46;38
21/05/2019;20:00;63;29;34
21/05/2019;20:15;73;31;42
21/05/2019;20:30;58;32;26
21/05/2019;20:45;46;17;29
21/05/2019;21:00;32;9;23
21/05/2019;21:15;43;19;24
21/05/2019;21:30;36;17;19
21/05/2019;21:45;49;16;33
21/05/2019;22:00;64;14;50
21/05/2019;22:15;53;17;36
21/05/2019;22:30;26;10;16
21/05/2019;22:45;26;10;16
21/05/2019;23:00;30;17;13
21/05/2019;23:15;18;6;12
21/05/2019;23:30;16;7;9
21/05/2019;23:45;9;2;7
22/05/2019;00:00;17;8;9
22/05/2019;00:15;6;4;2
22/05/2019;00:30;8;4;4
22/05/2019;00:45;3;2;1
22/05/2019;01:00;6;3;3
22/05/2019;01:15;4;3;1
22/05/2019;01:30;9;4;5
22/05/2019;01:45;3;1;2
22/05/2019;02:00;5;0;5
22/05/2019;02:15;1;1;0
22/05/2019;02:30;4;3;1
22/05/2019;02:45;1;0;1
22/05/2019;03:00;3;2;1
22/05/2019;03:15;2;0;2
22/05/2019;03:30;5;5;0
22/05/2019;03:45;0;0;0
22/05/2019;04:00;0;0;0
22/05/2019;04:15;0;0;0
22/05/2019;04:30;2;2;0
22/05/2019;04:45;4;2;2
22/05/2019;05:00;1;1;0
22/05/2019;05:15;2;1;1
22/05/2019;05:30;10;8;2
22/05/2019;05:45;16;10;6
22/05/2019;06:00;21;11;10
22/05/2019;06:15;20;12;8
22/05/2019;06:30;41;27;14
22/05/2019;06:45;53;28;25
22/05/2019;07:00;67;34;33
22/05/2019;07:15;161;106;55
22/05/2019;07:30;338;198;140
22/05/2019;07:45;368;242;126
22/05/2019;08:00;200;127;73
22/05/2019;08:15;165;94;71
22/05/2019;08:30;155;94;61
22/05/2019;08:45;185;116;69
22/05/2019;09:00;181;111;70
22/05/2019;09:15;143;99;44
22/05/2019;09:30;221;145;76
22/05/2019;09:45;134;72;62
22/05/2019;10:00;114;66;48
22/05/2019;10:15;121;59;62
22/05/2019;10:30;111;65;46
22/05/2019;10:45;101;39;62
22/05/2019;11:00;140;68;72
22/05/2019;11:15;168;80;88
22/05/2019;11:30;154;67;87
22/05/2019;11:45;116;49;67
22/05/2019;12:00;128;67;61
22/05/2019;12:15;169;71;98
22/05/2019;12:30;148;62;86
22/05/2019;12:45;171;69;102
22/05/2019;13:00;343;133;210
22/05/2019;13:15;151;79;72
22/05/2019;13:30;160;80;80
22/05/2019;13:45;180;105;75
22/05/2019;14:00;166;96;70
22/05/2019;14:15;155;72;83
22/05/2019;14:30;147;73;74
22/05/2019;14:45;166;95;71
22/05/2019;15:00;156;79;77
22/05/2019;15:15;195;115;80
22/05/2019;15:30;231;102;129
22/05/2019;15:45;197;94;103
22/05/2019;16:00;188;73;115
22/05/2019;16:15;212;100;112
22/05/2019;16:30;211;109;102
22/05/2019;16:45;268;142;126
22/05/2019;17:00;273;100;173
22/05/2019;17:15;282;117;165
22/05/2019;17:30;257;83;174
22/05/2019;17:45;253;132;121
22/05/2019;18:00;222;86;136
22/05/2019;18:15;218;109;109
22/05/2019;18:30;190;84;106
22/05/2019;18:45;209;99;110
22/05/2019;19:00;196;70;126
22/05/2019;19:15;216;109;107
22/05/2019;19:30;165;92;73
22/05/2019;19:45;155;64;91
22/05/2019;20:00;142;62;80
22/05/2019;20:15;145;69;76
22/05/2019;20:30;119;46;73
22/05/2019;20:45;111;33;78
22/05/2019;21:00;98;41;57
22/05/2019;21:15;125;61;64
22/05/2019;21:30;74;35;39
22/05/2019;21:45;79;48;31
22/05/2019;22:00;82;31;51
22/05/2019;22:15;75;24;51
22/05/2019;22:30;50;10;40
22/05/2019;22:45;53;23;30
22/05/2019;23:00;60;21;39
22/05/2019;23:15;51;18;33
22/05/2019;23:30;40;16;24
22/05/2019;23:45;35;10;25
23/05/2019;00:00;41;14;27
23/05/2019;00:15;27;8;19
23/05/2019;00:30;35;9;26
23/05/2019;00:45;16;3;13
23/05/2019;01:00;24;5;19
23/05/2019;01:15;21;4;17
23/05/2019;01:30;13;7;6
23/05/2019;01:45;9;4;5
23/05/2019;02:00;1;1;0
23/05/2019;02:15;9;4;5
23/05/2019;02:30;3;1;2
23/05/2019;02:45;6;1;5
23/05/2019;03:00;4;3;1
23/05/2019;03:15;0;0;0
23/05/2019;03:30;5;4;1
23/05/2019;03:45;3;0;3
23/05/2019;04:00;3;2;1
23/05/2019;04:15;1;1;0
23/05/2019;04:30;2;1;1
23/05/2019;04:45;3;3;0
23/05/2019;05:00;4;3;1
23/05/2019;05:15;6;4;2
23/05/2019;05:30;12;9;3
23/05/2019;05:45;20;14;6
23/05/2019;06:00;25;14;11
23/05/2019;06:15;35;23;12
23/05/2019;06:30;46;26;20
23/05/2019;06:45;74;43;31
23/05/2019;07:00;88;47;41
23/05/2019;07:15;214;148;66
23/05/2019;07:30;384;260;124
23/05/2019;07:45;362;221;141
23/05/2019;08:00;248;154;94
23/05/2019;08:15;187;90;97
23/05/2019;08:30;173;95;78
23/05/2019;08:45;235;162;73
23/05/2019;09:00;173;104;69
23/05/2019;09:15;173;105;68
23/05/2019;09:30;244;142;102
23/05/2019;09:45;186;99;87
23/05/2019;10:00;119;73;46
23/05/2019;10:15;120;66;54
23/05/2019;10:30;98;58;40
23/05/2019;10:45;128;66;62
23/05/2019;11:00;164;92;72
23/05/2019;11:15;231;127;104
23/05/2019;11:30;192;98;94
23/05/2019;11:45;165;84;81
23/05/2019;12:00;179;71;108
23/05/2019;12:15;143;69;74
23/05/2019;12:30;164;59;105
23/05/2019;12:45;215;107;108
23/05/2019;13:00;337;95;242
23/05/2019;13:15;226;124;102
23/05/2019;13:30;197;105;92
23/05/2019;13:45;252;154;98
23/05/2019;14:00;192;103;89
23/05/2019;14:15;192;93;99
23/05/2019;14:30;179;90;89
23/05/2019;14:45;200;96;104
23/05/2019;15:00;207;95;112
23/05/2019;15:15;259;152;107
23/05/2019;15:30;407;197;210
23/05/2019;15:45;289;136;153
23/05/2019;16:00;249;105;144
23/05/2019;16:15;235;99;136
23/05/2019;16:30;276;123;153
23/05/2019;16:45;282;159;123
23/05/2019;17:00;310;133;177
23/05/2019;17:15;368;148;220
23/05/2019;17:30;255;104;151
23/05/2019;17:45;294;165;129
23/05/2019;18:00;304;166;138
23/05/2019;18:15;228;101;127
23/05/2019;18:30;257;117;140
23/05/2019;18:45;279;135;144
23/05/2019;19:00;208;99;109
23/05/2019;19:15;242;112;130
23/05/2019;19:30;180;89;91
23/05/2019;19:45;226;101;125
23/05/2019;20:00;187;85;102
23/05/2019;20:15;130;62;68
23/05/2019;20:30;125;54;71
23/05/2019;20:45;140;70;70
23/05/2019;21:00;120;40;80
23/05/2019;21:15;95;54;41
23/05/2019;21:30;75;33;42
23/05/2019;21:45;81;28;53
23/05/2019;22:00;108;42;66
23/05/2019;22:15;87;32;55
23/05/2019;22:30;99;45;54
23/05/2019;22:45;96;54;42
23/05/2019;23:00;84;36;48
23/05/2019;23:15;66;20;46
23/05/2019;23:30;82;34;48
23/05/2019;23:45;69;28;41
24/05/2019;00:00;42;10;32
24/05/2019;00:15;28;8;20
24/05/2019;00:30;22;9;13
24/05/2019;00:45;21;7;14
24/05/2019;01:00;27;6;21
24/05/2019;01:15;16;2;14
24/05/2019;01:30;16;2;14
24/05/2019;01:45;25;3;22
24/05/2019;02:00;41;4;37
24/05/2019;02:15;32;3;29
24/05/2019;02:30;13;2;11
24/05/2019;02:45;5;1;4
24/05/2019;03:00;5;0;5
24/05/2019;03:15;9;5;4
24/05/2019;03:30;3;1;2
24/05/2019;03:45;6;2;4
24/05/2019;04:00;2;2;0
24/05/2019;04:15;7;5;2
24/05/2019;04:30;3;3;0
24/05/2019;04:45;1;0;1
24/05/2019;05:00;2;1;1
24/05/2019;05:15;5;4;1
24/05/2019;05:30;15;5;10
24/05/2019;05:45;22;14;8
24/05/2019;06:00;26;19;7
24/05/2019;06:15;39;29;10
24/05/2019;06:30;32;17;15
24/05/2019;06:45;72;44;28
24/05/2019;07:00;73;39;34
24/05/2019;07:15;219;170;49
24/05/2019;07:30;374;232;142
24/05/2019;07:45;291;183;108
24/05/2019;08:00;176;99;77
24/05/2019;08:15;211;116;95
24/05/2019;08:30;161;94;67
24/05/2019;08:45;258;166;92
24/05/2019;09:00;195;111;84
24/05/2019;09:15;206;135;71
24/05/2019;09:30;190;111;79
24/05/2019;09:45;187;89;98
24/05/2019;10:00;103;60;43
24/05/2019;10:15;130;77;53
24/05/2019;10:30;134;76;58
24/05/2019;10:45;157;87;70
24/05/2019;11:00;153;66;87
24/05/2019;11:15;226;127;99
24/05/2019;11:30;203;105;98
24/05/2019;11:45;161;80;81
24/05/2019;12:00;196;91;105
24/05/2019;12:15;257;141;116
24/05/2019;12:30;228;108;120
24/05/2019;12:45;258;94;164
24/05/2019;13:00;391;102;289
24/05/2019;13:15;267;112;155
24/05/2019;13:30;217;90;127
24/05/2019;13:45;233;120;113
24/05/2019;14:00;191;106;85
24/05/2019;14:15;170;77;93
24/05/2019;14:30;205;94;111
24/05/2019;14:45;218;96;122
24/05/2019;15:00;213;103;110
24/05/2019;15:15;181;97;84
24/05/2019;15:30;222;104;118
24/05/2019;15:45;235;112;123
24/05/2019;16:00;211;102;109
24/05/2019;16:15;217;119;98
24/05/2019;16:30;211;111;100
24/05/2019;16:45;188;85;103
24/05/2019;17:00;236;104;132
24/05/2019;17:15;198;94;104
24/05/2019;17:30;219;111;108
24/05/2019;17:45;274;128;146
24/05/2019;18:00;209;101;108
24/05/2019;18:15;204;104;100
24/05/2019;18:30;191;92;99
24/05/2019;18:45;198;107;91
24/05/2019;19:00;207;91;116
24/05/2019;19:15;167;78;89
24/05/2019;19:30;157;78;79
24/05/2019;19:45;158;76;82
24/05/2019;20:00;164;83;81
24/05/2019;20:15;128;63;65
24/05/2019;20:30;107;51;56
24/05/2019;20:45;101;50;51
24/05/2019;21:00;130;62;68
24/05/2019;21:15;109;40;69
24/05/2019;21:30;99;38;61
24/05/2019;21:45;105;60;45
24/05/2019;22:00;94;40;54
24/05/2019;22:15;80;19;61
24/05/2019;22:30;84;32;52
24/05/2019;22:45;75;19;56
24/05/2019;23:00;68;21;47
24/05/2019;23:15;78;21;57
24/05/2019;23:30;68;23;45
24/05/2019;23:45;85;33;52
25/05/2019;00:00;84;27;57
25/05/2019;00:15;47;19;28
25/05/2019;00:30;55;13;42
25/05/2019;00:45;31;12;19
25/05/2019;01:00;26;3;23
25/05/2019;01:15;29;9;20
25/05/2019;01:30;35;5;30
25/05/2019;01:45;27;12;15
25/05/2019;02:00;23;4;19
25/05/2019;02:15;21;6;15
25/05/2019;02:30;10;4;6
25/05/2019;02:45;10;2;8
25/05/2019;03:00;23;12;11
25/05/2019;03:15;18;11;7
25/05/2019;03:30;11;5;6
25/05/2019;03:45;7;6;1
25/05/2019;04:00;4;4;0
25/05/2019;04:15;0;0;0
25/05/2019;04:30;6;3;3
25/05/2019;04:45;4;2;2
25/05/2019;05:00;9;5;4
25/05/2019;05:15;5;3;2
25/05/2019;05:30;3;1;2
25/05/2019;05:45;10;9;1
25/05/2019;06:00;5;5;0
25/05/2019;06:15;13;12;1
25/05/2019;06:30;10;5;5
25/05/2019;06:45;20;13;7
25/05/2019;07:00;5;3;2
25/05/2019;07:15;18;10;8
25/05/2019;07:30;27;12;15
25/05/2019;07:45;61;40;21
25/05/2019;08:00;39;18;21
25/05/2019;08:15;45;26;19
25/05/2019;08:30;44;25;19
25/05/2019;08:45;63;44;19
25/05/2019;09:00;55;31;24
25/05/2019;09:15;115;47;68
25/05/2019;09:30;95;59;36
25/05/2019;09:45;127;93;34
25/05/2019;10:00;90;59;31
25/05/2019;10:15;98;64;34
25/05/2019;10:30;118;62;56
25/05/2019;10:45;107;53;54
25/05/2019;11:00;118;63;55
25/05/2019;11:15;135;63;72
25/05/2019;11:30;128;77;51
25/05/2019;11:45;148;77;71
25/05/2019;12:00;148;72;76
25/05/2019;12:15;148;77;71
25/05/2019;12:30;119;60;59
25/05/2019;12:45;179;92;87
25/05/2019;13:00;132;72;60
25/05/2019;13:15;117;68;49
25/05/2019;13:30;159;77;82
25/05/2019;13:45;169;77;92
25/05/2019;14:00;203;90;113
25/05/2019;14:15;192;90;102
25/05/2019;14:30;193;101;92
25/05/2019;14:45;183;98;85
25/05/2019;15:00;153;73;80
25/05/2019;15:15;125;54;71
25/05/2019;15:30;109;41;68
25/05/2019;15:45;123;53;70
25/05/2019;16:00;120;38;82
25/05/2019;16:15;105;58;47
25/05/2019;16:30;108;44;64
25/05/2019;16:45;122;57;65
25/05/2019;17:00;130;65;65
25/05/2019;17:15;88;43;45
25/05/2019;17:30;71;32;39
25/05/2019;17:45;84;50;34
25/05/2019;18:00;106;61;45
25/05/2019;18:15;104;48;56
25/05/2019;18:30;74;44;30
25/05/2019;18:45;100;39;61
25/05/2019;19:00;66;32;34
25/05/2019;19:15;77;44;33
25/05/2019;19:30;79;39;40
25/05/2019;19:45;60;29;31
25/05/2019;20:00;67;31;36
25/05/2019;20:15;65;40;25
25/05/2019;20:30;55;29;26
25/05/2019;20:45;48;24;24
25/05/2019;21:00;62;27;35
25/05/2019;21:15;41;19;22
25/05/2019;21:30;52;22;30
25/05/2019;21:45;27;12;15
25/05/2019;22:00;31;14;17
25/05/2019;22:15;57;33;24
25/05/2019;22:30;56;18;38
25/05/2019;22:45;40;13;27
25/05/2019;23:00;54;22;32
25/05/2019;23:15;43;20;23
25/05/2019;23:30;41;18;23
25/05/2019;23:45;49;26;23
26/05/2019;00:00;56;30;26
26/05/2019;00:15;44;13;31
26/05/2019;00:30;23;7;16
26/05/2019;00:45;33;13;20
26/05/2019;01:00;34;5;29
26/05/2019;01:15;31;9;22
26/05/2019;01:30;31;16;15
26/05/2019;01:45;18;7;11
26/05/2019;02:00;14;8;6
26/05/2019;02:15;21;3;18
26/05/2019;02:30;13;4;9
26/05/2019;02:45;15;5;10
26/05/2019;03:00;19;3;16
26/05/2019;03:15;14;5;9
26/05/2019;03:30;4;0;4
26/05/2019;03:45;8;5;3
26/05/2019;04:00;8;2;6
26/05/2019;04:15;5;1;4
26/05/2019;04:30;6;2;4
26/05/2019;04:45;7;3;4
26/05/2019;05:00;4;2;2
26/05/2019;05:15;6;0;6
26/05/2019;05:30;7;1;6
26/05/2019;05:45;11;7;4
26/05/2019;06:00;11;6;5
26/05/2019;06:15;13;5;8
26/05/2019;06:30;12;5;7
26/05/2019;06:45;5;2;3
26/05/2019;07:00;2;1;1
26/05/2019;07:15;16;4;12
26/05/2019;07:30;16;7;9
26/05/2019;07:45;14;6;8
26/05/2019;08:00;11;6;5
26/05/2019;08:15;16;6;10
26/05/2019;08:30;34;17;17
26/05/2019;08:45;28;13;15
26/05/2019;09:00;48;32;16
26/05/2019;09:15;51;32;19
26/05/2019;09:30;45;13;32
26/05/2019;09:45;120;64;56
26/05/2019;10:00;71;34;37
26/05/2019;10:15;82;49;33
26/05/2019;10:30;69;39;30
26/05/2019;10:45;104;58;46
26/05/2019;11:00;98;44;54
26/05/2019;11:15;136;75;61
26/05/2019;11:30;112;73;39
26/05/2019;11:45;124;73;51
26/05/2019;12:00;162;86;76
26/05/2019;12:15;131;65;66
26/05/2019;12:30;160;92;68
26/05/2019;12:45;136;94;42
26/05/2019;13:00;119;51;68
26/05/2019;13:15;148;93;55
26/05/2019;13:30;147;84;63
26/05/2019;13:45;172;93;79
26/05/2019;14:00;182;107;75
26/05/2019;14:15;187;107;80
26/05/2019;14:30;179;95;84
26/05/2019;14:45;175;98;77
26/05/2019;15:00;183;92;91
26/05/2019;15:15;188;94;94
26/05/2019;15:30;216;134;82
26/05/2019;15:45;203;107;96
26/05/2019;16:00;191;85;106
26/05/2019;16:15;212;112;100
26/05/2019;16:30;178;78;100
26/05/2019;16:45;172;77;95
26/05/2019;17:00;157;58;99
26/05/2019;17:15;200;79;121
26/05/2019;17:30;179;80;99
26/05/2019;17:45;188;87;101
26/05/2019;18:00;154;70;84
26/05/2019;18:15;144;54;90
26/05/2019;18:30;137;60;77
26/05/2019;18:45;136;62;74
26/05/2019;19:00;111;46;65
26/05/2019;19:15;111;57;54
26/05/2019;19:30;98;44;54
26/05/2019;19:45;112;53;59
26/05/2019;20:00;101;47;54
26/05/2019;20:15;107;53;54
26/05/2019;20:30;92;41;51
26/05/2019;20:45;91;29;62
26/05/2019;21:00;70;19;51
26/05/2019;21:15;73;24;49
26/05/2019;21:30;68;26;42
26/05/2019;21:45;48;8;40
26/05/2019;22:00;54;21;33
26/05/2019;22:15;61;21;40
26/05/2019;22:30;46;18;28
26/05/2019;22:45;22;8;14
26/05/2019;23:00;33;10;23
26/05/2019;23:15;20;11;9
26/05/2019;23:30;23;6;17
26/05/2019;23:45;16;5;11
27/05/2019;00:00;13;10;3
27/05/2019;00:15;15;4;11
27/05/2019;00:30;7;0;7
27/05/2019;00:45;6;0;6
27/05/2019;01:00;3;2;1
27/05/2019;01:15;1;0;1
27/05/2019;01:30;5;2;3
27/05/2019;01:45;1;0;1
27/05/2019;02:00;5;2;3
27/05/2019;02:15;2;1;1
27/05/2019;02:30;3;1;2
27/05/2019;02:45;0;0;0
27/05/2019;03:00;1;1;0
27/05/2019;03:15;1;1;0
27/05/2019;03:30;2;0;2
27/05/2019;03:45;2;2;0
27/05/2019;04:00;0;0;0
27/05/2019;04:15;0;0;0
27/05/2019;04:30;2;1;1
27/05/2019;04:45;2;2;0
27/05/2019;05:00;3;3;0
27/05/2019;05:15;5;2;3
27/05/2019;05:30;19;15;4
27/05/2019;05:45;24;17;7
27/05/2019;06:00;36;23;13
27/05/2019;06:15;21;15;6
27/05/2019;06:30;40;22;18
27/05/2019;06:45;66;39;27
27/05/2019;07:00;91;46;45
27/05/2019;07:15;250;176;74
27/05/2019;07:30;421;283;138
27/05/2019;07:45;310;187;123
27/05/2019;08:00;197;110;87
27/05/2019;08:15;167;74;93
27/05/2019;08:30;156;93;63
27/05/2019;08:45;187;119;68
27/05/2019;09:00;162;103;59
27/05/2019;09:15;211;139;72
27/05/2019;09:30;231;143;88
27/05/2019;09:45;151;91;60
27/05/2019;10:00;105;51;54
27/05/2019;10:15;152;93;59
27/05/2019;10:30;121;69;52
27/05/2019;10:45;127;66;61
27/05/2019;11:00;190;70;120
27/05/2019;11:15;229;102;127
27/05/2019;11:30;149;77;72
27/05/2019;11:45;140;73;67
27/05/2019;12:00;190;93;97
27/05/2019;12:15;183;85;98
27/05/2019;12:30;145;65;80
27/05/2019;12:45;173;83;90
27/05/2019;13:00;343;91;252
27/05/2019;13:15;189;85;104
27/05/2019;13:30;174;63;111
27/05/2019;13:45;202;126;76
27/05/2019;14:00;175;72;103
27/05/2019;14:15;160;94;66
27/05/2019;14:30;148;63;85
27/05/2019;14:45;172;71;101
27/05/2019;15:00;148;86;62
27/05/2019;15:15;164;77;87
27/05/2019;15:30;355;126;229
27/05/2019;15:45;260;134;126
27/05/2019;16:00;204;106;98
27/05/2019;16:15;239;130;109
27/05/2019;16:30;232;117;115
27/05/2019;16:45;259;116;143
27/05/2019;17:00;260;121;139
27/05/2019;17:15;299;134;165
27/05/2019;17:30;238;116;122
27/05/2019;17:45;200;87;113
27/05/2019;18:00;237;106;131
27/05/2019;18:15;221;103;118
27/05/2019;18:30;226;103;123
27/05/2019;18:45;227;117;110
27/05/2019;19:00;186;60;126
27/05/2019;19:15;177;99;78
27/05/2019;19:30;150;71;79
27/05/2019;19:45;153;68;85
27/05/2019;20:00;132;58;74
27/05/2019;20:15;117;55;62
27/05/2019;20:30;117;43;74
27/05/2019;20:45;97;54;43
27/05/2019;21:00;64;31;33
27/05/2019;21:15;78;25;53
27/05/2019;21:30;80;33;47
27/05/2019;21:45;63;32;31
27/05/2019;22:00;62;27;35
27/05/2019;22:15;47;11;36
27/05/2019;22:30;69;25;44
27/05/2019;22:45;77;29;48
27/05/2019;23:00;46;14;32
27/05/2019;23:15;29;11;18
27/05/2019;23:30;47;19;28
27/05/2019;23:45;20;4;16
28/05/2019;00:00;15;7;8
28/05/2019;00:15;28;9;19
28/05/2019;00:30;12;4;8
28/05/2019;00:45;14;1;13
28/05/2019;01:00;4;3;1
28/05/2019;01:15;9;7;2
28/05/2019;01:30;12;3;9
28/05/2019;01:45;6;3;3
28/05/2019;02:00;5;3;2
28/05/2019;02:15;0;0;0
28/05/2019;02:30;3;0;3
28/05/2019;02:45;0;0;0
28/05/2019;03:00;1;1;0
28/05/2019;03:15;4;4;0
28/05/2019;03:30;0;0;0
28/05/2019;03:45;1;1;0
28/05/2019;04:00;1;1;0
28/05/2019;04:15;0;0;0
28/05/2019;04:30;1;1;0
28/05/2019;04:45;5;3;2
28/05/2019;05:00;1;1;0
28/05/2019;05:15;3;2;1
28/05/2019;05:30;15;11;4
28/05/2019;05:45;19;11;8
28/05/2019;06:00;20;17;3
28/05/2019;06:15;24;16;8
28/05/2019;06:30;46;25;21
28/05/2019;06:45;61;39;22
28/05/2019;07:00;66;36;30
28/05/2019;07:15;99;65;34
28/05/2019;07:30;277;190;87
28/05/2019;07:45;211;140;71
28/05/2019;08:00;143;85;58
28/05/2019;08:15;157;80;77
28/05/2019;08:30;162;102;60
28/05/2019;08:45;185;127;58
28/05/2019;09:00;142;88;54
28/05/2019;09:15;187;118;69
28/05/2019;09:30;231;152;79
28/05/2019;09:45;133;72;61
28/05/2019;10:00;107;55;52
28/05/2019;10:15;78;45;33
28/05/2019;10:30;93;60;33
28/05/2019;10:45;108;60;48
28/05/2019;11:00;104;52;52
28/05/2019;11:15;180;95;85
28/05/2019;11:30;104;55;49
28/05/2019;11:45;111;52;59
28/05/2019;12:00;98;50;48
28/05/2019;12:15;106;44;62
28/05/2019;12:30;132;48;84
28/05/2019;12:45;125;58;67
28/05/2019;13:00;231;56;175
28/05/2019;13:15;161;77;84
28/05/2019;13:30;129;58;71
28/05/2019;13:45;189;125;64
28/05/2019;14:00;125;58;67
28/05/2019;14:15;125;61;64
28/05/2019;14:30;103;59;44
28/05/2019;14:45;129;65;64
28/05/2019;15:00;124;68;56
28/05/2019;15:15;124;67;57
28/05/2019;15:30;301;114;187
28/05/2019;15:45;191;89;102
28/05/2019;16:00;147;63;84
28/05/2019;16:15;185;80;105
28/05/2019;16:30;180;84;96
28/05/2019;16:45;198;96;102
28/05/2019;17:00;231;101;130
28/05/2019;17:15;271;119;152
28/05/2019;17:30;199;94;105
28/05/2019;17:45;236;112;124
28/05/2019;18:00;158;68;90
28/05/2019;18:15;194;72;122
28/05/2019;18:30;121;54;67
28/05/2019;18:45;165;78;87
28/05/2019;19:00;138;49;89
28/05/2019;19:15;168;83;85
28/05/2019;19:30;139;65;74
28/05/2019;19:45;127;66;61
28/05/2019;20:00;101;44;57
28/05/2019;20:15;84;40;44
28/05/2019;20:30;67;28;39
28/05/2019;20:45;74;39;35
28/05/2019;21:00;49;20;29
28/05/2019;21:15;74;27;47
28/05/2019;21:30;56;18;38
28/05/2019;21:45;86;42;44
28/05/2019;22:00;80;25;55
28/05/2019;22:15;61;25;36
28/05/2019;22:30;46;17;29
28/05/2019;22:45;47;14;33
28/05/2019;23:00;36;12;24
28/05/2019;23:15;17;4;13
28/05/2019;23:30;17;9;8
28/05/2019;23:45;24;5;19
29/05/2019;00:00;24;3;21
29/05/2019;00:15;14;2;12
29/05/2019;00:30;6;3;3
29/05/2019;00:45;13;6;7
29/05/2019;01:00;16;5;11
29/05/2019;01:15;10;8;2
29/05/2019;01:30;7;3;4
29/05/2019;01:45;6;3;3
29/05/2019;02:00;8;5;3
29/05/2019;02:15;2;0;2
29/05/2019;02:30;1;0;1
29/05/2019;02:45;1;1;0
29/05/2019;03:00;1;0;1
29/05/2019;03:15;0;0;0
29/05/2019;03:30;1;1;0
29/05/2019;03:45;4;2;2
29/05/2019;04:00;0;0;0
29/05/2019;04:15;0;0;0
29/05/2019;04:30;2;2;0
29/05/2019;04:45;2;2;0
29/05/2019;05:00;2;1;1
29/05/2019;05:15;6;3;3
29/05/2019;05:30;13;10;3
29/05/2019;05:45;24;16;8
29/05/2019;06:00;18;13;5
29/05/2019;06:15;29;21;8
29/05/2019;06:30;34;15;19
29/05/2019;06:45;63;47;16
29/05/2019;07:00;95;40;55
29/05/2019;07:15;191;128;63
29/05/2019;07:30;385;250;135
29/05/2019;07:45;372;246;126
29/05/2019;08:00;195;122;73
29/05/2019;08:15;167;92;75
29/05/2019;08:30;145;89;56
29/05/2019;08:45;175;119;56
29/05/2019;09:00;145;97;48
29/05/2019;09:15;178;111;67
29/05/2019;09:30;218;113;105
29/05/2019;09:45;188;113;75
29/05/2019;10:00;112;52;60
29/05/2019;10:15;112;64;48
29/05/2019;10:30;92;47;45
29/05/2019;10:45;138;64;74
29/05/2019;11:00;146;67;79
29/05/2019;11:15;185;75;110
29/05/2019;11:30;142;56;86
29/05/2019;11:45;119;58;61
29/05/2019;12:00;140;71;69
29/05/2019;12:15;173;79;94
29/05/2019;12:30;151;70;81
29/05/2019;12:45;181;75;106
29/05/2019;13:00;335;126;209
29/05/2019;13:15;179;94;85
29/05/2019;13:30;172;82;90
29/05/2019;13:45;177;106;71
29/05/2019;14:00;165;77;88
29/05/2019;14:15;133;64;69
29/05/2019;14:30;112;51;61
29/05/2019;14:45;158;61;97
29/05/2019;15:00;172;86;86
29/05/2019;15:15;189;97;92
29/05/2019;15:30;231;90;141
29/05/2019;15:45;231;93;138
29/05/2019;16:00;172;85;87
29/05/2019;16:15;225;119;106
29/05/2019;16:30;176;84;92
29/05/2019;16:45;230;99;131
29/05/2019;17:00;216;89;127
29/05/2019;17:15;230;103;127
29/05/2019;17:30;203;83;120
29/05/2019;17:45;200;96;104
29/05/2019;18:00;184;77;107
29/05/2019;18:15;187;74;113
29/05/2019;18:30;166;71;95
29/05/2019;18:45;196;80;116
29/05/2019;19:00;127;48;79
29/05/2019;19:15;153;76;77
29/05/2019;19:30;124;72;52
29/05/2019;19:45;145;72;73
29/05/2019;20:00;130;58;72
29/05/2019;20:15;116;56;60
29/05/2019;20:30;119;67;52
29/05/2019;20:45;101;42;59
29/05/2019;21:00;97;40;57
29/05/2019;21:15;82;42;40
29/05/2019;21:30;84;43;41
29/05/2019;21:45;77;40;37
29/05/2019;22:00;62;36;26
29/05/2019;22:15;75;35;40
29/05/2019;22:30;61;26;35
29/05/2019;22:45;63;26;37
29/05/2019;23:00;54;16;38
29/05/2019;23:15;49;22;27
29/05/2019;23:30;43;13;30
29/05/2019;23:45;48;24;24
30/05/2019;00:00;45;12;33
30/05/2019;00:15;44;11;33
30/05/2019;00:30;37;14;23
30/05/2019;00:45;42;11;31
30/05/2019;01:00;35;8;27
30/05/2019;01:15;39;14;25
30/05/2019;01:30;41;10;31
30/05/2019;01:45;32;16;16
30/05/2019;02:00;18;9;9
30/05/2019;02:15;22;11;11
30/05/2019;02:30;11;3;8
30/05/2019;02:45;22;9;13
30/05/2019;03:00;18;9;9
30/05/2019;03:15;21;5;16
30/05/2019;03:30;12;5;7
30/05/2019;03:45;11;2;9
30/05/2019;04:00;7;3;4
30/05/2019;04:15;5;1;4
30/05/2019;04:30;6;5;1
30/05/2019;04:45;12;6;6
30/05/2019;05:00;0;0;0
30/05/2019;05:15;10;9;1
30/05/2019;05:30;6;5;1
30/05/2019;05:45;9;4;5
30/05/2019;06:00;9;6;3
30/05/2019;06:15;4;4;0
30/05/2019;06:30;13;8;5
30/05/2019;06:45;12;6;6
30/05/2019;07:00;5;1;4
30/05/2019;07:15;10;5;5
30/05/2019;07:30;16;9;7
30/05/2019;07:45;20;8;12
30/05/2019;08:00;24;13;11
30/05/2019;08:15;21;14;7
30/05/2019;08:30;23;9;14
30/05/2019;08:45;54;23;31
30/05/2019;09:00;40;25;15
30/05/2019;09:15;46;18;28
30/05/2019;09:30;49;20;29
30/05/2019;09:45;97;39;58
30/05/2019;10:00;75;38;37
30/05/2019;10:15;77;34;43
30/05/2019;10:30;95;49;46
30/05/2019;10:45;107;50;57
30/05/2019;11:00;87;45;42
30/05/2019;11:15;99;38;61
30/05/2019;11:30;112;59;53
30/05/2019;11:45;138;69;69
30/05/2019;12:00;125;50;75
30/05/2019;12:15;128;61;67
30/05/2019;12:30;98;40;58
30/05/2019;12:45;151;66;85
30/05/2019;13:00;136;62;74
30/05/2019;13:15;125;56;69
30/05/2019;13:30;161;85;76
30/05/2019;13:45;148;72;76
30/05/2019;14:00;159;76;83
30/05/2019;14:15;142;64;78
30/05/2019;14:30;161;71;90
30/05/2019;14:45;151;80;71
30/05/2019;15:00;145;83;62
30/05/2019;15:15;172;77;95
30/05/2019;15:30;153;88;65
30/05/2019;15:45;142;80;62
30/05/2019;16:00;171;77;94
30/05/2019;16:15;168;93;75
30/05/2019;16:30;146;72;74
30/05/2019;16:45;172;100;72
30/05/2019;17:00;135;74;61
30/05/2019;17:15;187;112;75
30/05/2019;17:30;160;76;84
30/05/2019;17:45;184;93;91
30/05/2019;18:00;147;73;74
30/05/2019;18:15;205;120;85
30/05/2019;18:30;155;82;73
30/05/2019;18:45;150;103;47
30/05/2019;19:00;140;72;68
30/05/2019;19:15;146;67;79
30/05/2019;19:30;118;55;63
30/05/2019;19:45;137;78;59
30/05/2019;20:00;138;69;69
30/05/2019;20:15;99;50;49
30/05/2019;20:30;100;53;47
30/05/2019;20:45;104;40;64
30/05/2019;21:00;91;36;55
30/05/2019;21:15;95;37;58
30/05/2019;21:30;73;29;44
30/05/2019;21:45;74;39;35
30/05/2019;22:00;77;37;40
30/05/2019;22:15;60;26;34
30/05/2019;22:30;49;15;34
30/05/2019;22:45;56;17;39
30/05/2019;23:00;46;15;31
30/05/2019;23:15;50;13;37
30/05/2019;23:30;35;19;16
30/05/2019;23:45;28;12;16
31/05/2019;00:00;27;13;14
31/05/2019;00:15;18;10;8
31/05/2019;00:30;18;4;14
31/05/2019;00:45;15;6;9
31/05/2019;01:00;15;5;10
31/05/2019;01:15;15;4;11
31/05/2019;01:30;15;5;10
31/05/2019;01:45;4;2;2
31/05/2019;02:00;8;6;2
31/05/2019;02:15;9;5;4
31/05/2019;02:30;9;7;2
31/05/2019;02:45;5;2;3
31/05/2019;03:00;1;0;1
31/05/2019;03:15;3;1;2
31/05/2019;03:30;3;2;1
31/05/2019;03:45;1;0;1
31/05/2019;04:00;0;0;0
31/05/2019;04:15;6;3;3
31/05/2019;04:30;3;2;1
31/05/2019;04:45;2;0;2
31/05/2019;05:00;2;2;0
31/05/2019;05:15;4;2;2
31/05/2019;05:30;10;6;4
31/05/2019;05:45;11;6;5
31/05/2019;06:00;14;10;4
31/05/2019;06:15;22;17;5
31/05/2019;06:30;28;16;12
31/05/2019;06:45;33;20;13
31/05/2019;07:00;47;24;23
31/05/2019;07:15;58;31;27
31/05/2019;07:30;88;47;41
31/05/2019;07:45;123;81;42
31/05/2019;08:00;97;54;43
31/05/2019;08:15;104;61;43
31/05/2019;08:30;121;78;43
31/05/2019;08:45;130;78;52
31/05/2019;09:00;155;95;60
31/05/2019;09:15;152;97;55
31/05/2019;09:30;129;80;49
31/05/2019;09:45;172;104;68
31/05/2019;10:00;180;98;82
31/05/2019;10:15;173;102;71
31/05/2019;10:30;155;86;69
31/05/2019;10:45;196;120;76
31/05/2019;11:00;177;93;84
31/05/2019;11:15;231;129;102
31/05/2019;11:30;203;116;87
31/05/2019;11:45;222;117;105
31/05/2019;12:00;206;98;108
31/05/2019;12:15;204;74;130
31/05/2019;12:30;204;97;107
31/05/2019;12:45;210;83;127
31/05/2019;13:00;210;86;124
31/05/2019;13:15;256;127;129
31/05/2019;13:30;244;101;143
31/05/2019;13:45;215;115;100
31/05/2019;14:00;209;110;99
31/05/2019;14:15;214;95;119
31/05/2019;14:30;256;122;134
31/05/2019;14:45;216;104;112
31/05/2019;15:00;255;127;128
31/05/2019;15:15;218;125;93
31/05/2019;15:30;245;119;126
31/05/2019;15:45;216;98;118
31/05/2019;16:00;215;88;127
31/05/2019;16:15;233;109;124
31/05/2019;16:30;203;96;107
31/05/2019;16:45;200;84;116
31/05/2019;17:00;233;98;135
31/05/2019;17:15;256;130;126
31/05/2019;17:30;288;142;146
31/05/2019;17:45;247;131;116
31/05/2019;18:00;230;84;146
31/05/2019;18:15;270;106;164
31/05/2019;18:30;200;75;125
31/05/2019;18:45;174;81;93
31/05/2019;19:00;218;102;116
31/05/2019;19:15;163;69;94
31/05/2019;19:30;162;69;93
31/05/2019;19:45;150;70;80
31/05/2019;20:00;128;53;75
31/05/2019;20:15;125;49;76
31/05/2019;20:30;116;62;54
31/05/2019;20:45;140;62;78
31/05/2019;21:00;98;36;62
31/05/2019;21:15;82;30;52
31/05/2019;21:30;61;34;27
31/05/2019;21:45;77;35;42
31/05/2019;22:00;71;30;41
31/05/2019;22:15;57;19;38
31/05/2019;22:30;67;29;38
31/05/2019;22:45;55;25;30
31/05/2019;23:00;60;17;43
31/05/2019;23:15;57;29;28
31/05/2019;23:30;55;16;39
31/05/2019;23:45;60;33;27
01/06/2019;00:00;48;32;16
01/06/2019;00:15;90;70;20
01/06/2019;00:30;105;88;17
01/06/2019;00:45;85;75;10
01/06/2019;01:00;60;30;30
01/06/2019;01:15;39;23;16
01/06/2019;01:30;22;15;7
01/06/2019;01:45;17;10;7
01/06/2019;02:00;14;3;11
01/06/2019;02:15;17;6;11
01/06/2019;02:30;10;5;5
01/06/2019;02:45;5;0;5
01/06/2019;03:00;7;6;1
01/06/2019;03:15;6;4;2
01/06/2019;03:30;3;2;1
01/06/2019;03:45;3;0;3
01/06/2019;04:00;5;2;3
01/06/2019;04:15;5;1;4
01/06/2019;04:30;5;3;2
01/06/2019;04:45;4;2;2
01/06/2019;05:00;2;2;0
01/06/2019;05:15;2;2;0
01/06/2019;05:30;4;4;0
01/06/2019;05:45;6;6;0
01/06/2019;06:00;5;3;2
01/06/2019;06:15;10;7;3
01/06/2019;06:30;16;8;8
01/06/2019;06:45;17;9;8
01/06/2019;07:00;14;10;4
01/06/2019;07:15;22;13;9
01/06/2019;07:30;22;14;8
01/06/2019;07:45;25;15;10
01/06/2019;08:00;32;16;16
01/06/2019;08:15;53;27;26
01/06/2019;08:30;58;19;39
01/06/2019;08:45;82;52;30
01/06/2019;09:00;97;60;37
01/06/2019;09:15;104;58;46
01/06/2019;09:30;122;57;65
01/06/2019;09:45;180;102;78
01/06/2019;10:00;171;91;80
01/06/2019;10:15;142;81;61
01/06/2019;10:30;153;94;59
01/06/2019;10:45;195;118;77
01/06/2019;11:00;181;93;88
01/06/2019;11:15;167;93;74
01/06/2019;11:30;183;116;67
01/06/2019;11:45;207;99;108
01/06/2019;12:00;216;105;111
01/06/2019;12:15;196;123;73
01/06/2019;12:30;168;74;94
01/06/2019;12:45;184;83;101
01/06/2019;13:00;216;116;100
01/06/2019;13:15;224;106;118
01/06/2019;13:30;157;73;84
01/06/2019;13:45;206;99;107
01/06/2019;14:00;181;76;105
01/06/2019;14:15;224;126;98
01/06/2019;14:30;203;82;121
01/06/2019;14:45;230;116;114
01/06/2019;15:00;198;87;111
01/06/2019;15:15;187;76;111
01/06/2019;15:30;250;152;98
01/06/2019;15:45;205;88;117
01/06/2019;16:00;203;100;103
01/06/2019;16:15;219;84;135
01/06/2019;16:30;180;76;104
01/06/2019;16:45;192;93;99
01/06/2019;17:00;183;63;120
01/06/2019;17:15;239;104;135
01/06/2019;17:30;187;72;115
01/06/2019;17:45;241;98;143
01/06/2019;18:00;182;85;97
01/06/2019;18:15;177;76;101
01/06/2019;18:30;180;84;96
01/06/2019;18:45;184;70;114
01/06/2019;19:00;182;93;89
01/06/2019;19:15;214;129;85
01/06/2019;19:30;150;79;71
01/06/2019;19:45;131;54;77
01/06/2019;20:00;110;43;67
01/06/2019;20:15;123;40;83
01/06/2019;20:30;114;52;62
01/06/2019;20:45;84;38;46
01/06/2019;21:00;72;33;39
01/06/2019;21:15;82;35;47
01/06/2019;21:30;86;32;54
01/06/2019;21:45;76;24;52
01/06/2019;22:00;92;36;56
01/06/2019;22:15;89;26;63
01/06/2019;22:30;67;25;42
01/06/2019;22:45;72;31;41
01/06/2019;23:00;72;29;43
01/06/2019;23:15;63;31;32
01/06/2019;23:30;64;34;30
01/06/2019;23:45;67;27;40
02/06/2019;00:00;61;37;24
02/06/2019;00:15;70;49;21
02/06/2019;00:30;101;85;16
02/06/2019;00:45;77;55;22
02/06/2019;01:00;42;28;14
02/06/2019;01:15;29;19;10
02/06/2019;01:30;36;18;18
02/06/2019;01:45;47;19;28
02/06/2019;02:00;17;13;4
02/06/2019;02:15;16;11;5
02/06/2019;02:30;27;20;7
02/06/2019;02:45;14;7;7
02/06/2019;03:00;19;9;10
02/06/2019;03:15;14;6;8
02/06/2019;03:30;6;0;6
02/06/2019;03:45;11;7;4
02/06/2019;04:00;15;8;7
02/06/2019;04:15;7;3;4
02/06/2019;04:30;7;3;4
02/06/2019;04:45;4;1;3
02/06/2019;05:00;2;2;0
02/06/2019;05:15;9;5;4
02/06/2019;05:30;8;3;5
02/06/2019;05:45;8;6;2
02/06/2019;06:00;7;4;3
02/06/2019;06:15;8;5;3
02/06/2019;06:30;11;7;4
02/06/2019;06:45;14;10;4
02/06/2019;07:00;10;7;3
02/06/2019;07:15;16;10;6
02/06/2019;07:30;12;9;3
02/06/2019;07:45;18;15;3
02/06/2019;08:00;14;4;10
02/06/2019;08:15;11;5;6
02/06/2019;08:30;36;17;19
02/06/2019;08:45;43;20;23
02/06/2019;09:00;47;30;17
02/06/2019;09:15;50;21;29
02/06/2019;09:30;56;24;32
02/06/2019;09:45;113;64;49
02/06/2019;10:00;84;42;42
02/06/2019;10:15;94;57;37
02/06/2019;10:30;109;59;50
02/06/2019;10:45;137;64;73
02/06/2019;11:00;134;65;69
02/06/2019;11:15;101;42;59
02/06/2019;11:30;117;62;55
02/06/2019;11:45;131;60;71
02/06/2019;12:00;122;57;65
02/06/2019;12:15;158;71;87
02/06/2019;12:30;108;57;51
02/06/2019;12:45;135;72;63
02/06/2019;13:00;137;58;79
02/06/2019;13:15;140;62;78
02/06/2019;13:30;132;65;67
02/06/2019;13:45;140;68;72
02/06/2019;14:00;146;75;71
02/06/2019;14:15;137;63;74
02/06/2019;14:30;158;69;89
02/06/2019;14:45;189;116;73
02/06/2019;15:00;173;78;95
02/06/2019;15:15;155;80;75
02/06/2019;15:30;139;72;67
02/06/2019;15:45;192;109;83
02/06/2019;16:00;150;83;67
02/06/2019;16:15;153;84;69
02/06/2019;16:30;136;55;81
02/06/2019;16:45;150;64;86
02/06/2019;17:00;186;101;85
02/06/2019;17:15;161;85;76
02/06/2019;17:30;137;67;70
02/06/2019;17:45;165;96;69
02/06/2019;18:00;148;68;80
02/06/2019;18:15;150;71;79
02/06/2019;18:30;139;62;77
02/06/2019;18:45;172;84;88
02/06/2019;19:00;121;67;54
02/06/2019;19:15;131;82;49
02/06/2019;19:30;123;77;46
02/06/2019;19:45;93;49;44
02/06/2019;20:00;107;45;62
02/06/2019;20:15;87;41;46
02/06/2019;20:30;80;33;47
02/06/2019;20:45;95;45;50
02/06/2019;21:00;78;27;51
02/06/2019;21:15;70;31;39
02/06/2019;21:30;69;22;47
02/06/2019;21:45;54;22;32
02/06/2019;22:00;54;16;38
02/06/2019;22:15;56;19;37
02/06/2019;22:30;53;23;30
02/06/2019;22:45;43;11;32
02/06/2019;23:00;27;9;18
02/06/2019;23:15;45;12;33
02/06/2019;23:30;25;10;15
02/06/2019;23:45;20;6;14
03/06/2019;00:00;18;7;11
03/06/2019;00:15;8;5;3
03/06/2019;00:30;10;3;7
03/06/2019;00:45;5;2;3
03/06/2019;01:00;10;3;7
03/06/2019;01:15;0;0;0
03/06/2019;01:30;5;2;3
03/06/2019;01:45;1;1;0
03/06/2019;02:00;2;1;1
03/06/2019;02:15;1;1;0
03/06/2019;02:30;2;2;0
03/06/2019;02:45;0;0;0
03/06/2019;03:00;2;1;1
03/06/2019;03:15;1;0;1
03/06/2019;03:30;0;0;0
03/06/2019;03:45;3;1;2
03/06/2019;04:00;1;0;1
03/06/2019;04:15;1;0;1
03/06/2019;04:30;2;0;2
03/06/2019;04:45;4;3;1
03/06/2019;05:00;2;1;1
03/06/2019;05:15;6;5;1
03/06/2019;05:30;18;14;4
03/06/2019;05:45;27;14;13
03/06/2019;06:00;19;9;10
03/06/2019;06:15;38;27;11
03/06/2019;06:30;49;28;21
03/06/2019;06:45;92;51;41
03/06/2019;07:00;86;51;35
03/06/2019;07:15;201;144;57
03/06/2019;07:30;372;219;153
03/06/2019;07:45;279;162;117
03/06/2019;08:00;222;117;105
03/06/2019;08:15;221;131;90
03/06/2019;08:30;234;136;98
03/06/2019;08:45;244;151;93
03/06/2019;09:00;196;139;57
03/06/2019;09:15;212;127;85
03/06/2019;09:30;273;170;103
03/06/2019;09:45;184;89;95
03/06/2019;10:00;124;74;50
03/06/2019;10:15;123;70;53
03/06/2019;10:30;115;54;61
03/06/2019;10:45;132;84;48
03/06/2019;11:00;182;85;97
03/06/2019;11:15;220;115;105
03/06/2019;11:30;182;100;82
03/06/2019;11:45;145;75;70
03/06/2019;12:00;162;72;90
03/06/2019;12:15;183;78;105
03/06/2019;12:30;153;69;84
03/06/2019;12:45;174;65;109
03/06/2019;13:00;377;102;275
03/06/2019;13:15;221;100;121
03/06/2019;13:30;188;89;99
03/06/2019;13:45;218;110;108
03/06/2019;14:00;164;83;81
03/06/2019;14:15;186;97;89
03/06/2019;14:30;199;109;90
03/06/2019;14:45;178;102;76
03/06/2019;15:00;197;82;115
03/06/2019;15:15;209;116;93
03/06/2019;15:30;350;151;199
03/06/2019;15:45;272;129;143
03/06/2019;16:00;253;112;141
03/06/2019;16:15;265;138;127
03/06/2019;16:30;300;134;166
03/06/2019;16:45;262;119;143
03/06/2019;17:00;273;114;159
03/06/2019;17:15;329;156;173
03/06/2019;17:30;261;119;142
03/06/2019;17:45;273;114;159
03/06/2019;18:00;256;114;142
03/06/2019;18:15;254;135;119
03/06/2019;18:30;237;109;128
03/06/2019;18:45;280;133;147
03/06/2019;19:00;238;92;146
03/06/2019;19:15;219;111;108
03/06/2019;19:30;177;90;87
03/06/2019;19:45;195;95;100
03/06/2019;20:00;152;72;80
03/06/2019;20:15;159;75;84
03/06/2019;20:30;110;43;67
03/06/2019;20:45;179;77;102
03/06/2019;21:00;105;48;57
03/06/2019;21:15;103;35;68
03/06/2019;21:30;95;31;64
03/06/2019;21:45;98;36;62
03/06/2019;22:00;72;34;38
03/06/2019;22:15;71;37;34
03/06/2019;22:30;79;32;47
03/06/2019;22:45;64;21;43
03/06/2019;23:00;47;18;29
03/06/2019;23:15;53;13;40
03/06/2019;23:30;35;7;28
03/06/2019;23:45;43;18;25
04/06/2019;00:00;31;10;21
04/06/2019;00:15;16;8;8
04/06/2019;00:30;9;5;4
04/06/2019;00:45;11;4;7
04/06/2019;01:00;10;4;6
04/06/2019;01:15;8;5;3
04/06/2019;01:30;9;4;5
04/06/2019;01:45;3;1;2
04/06/2019;02:00;2;2;0
04/06/2019;02:15;6;2;4
04/06/2019;02:30;2;1;1
04/06/2019;02:45;3;2;1
04/06/2019;03:00;2;1;1
04/06/2019;03:15;0;0;0
04/06/2019;03:30;2;2;0
04/06/2019;03:45;1;1;0
04/06/2019;04:00;1;0;1
04/06/2019;04:15;2;2;0
04/06/2019;04:30;3;3;0
04/06/2019;04:45;3;3;0
04/06/2019;05:00;4;3;1
04/06/2019;05:15;6;4;2
04/06/2019;05:30;16;12;4
04/06/2019;05:45;30;17;13
04/06/2019;06:00;31;16;15
04/06/2019;06:15;41;30;11
04/06/2019;06:30;55;36;19
04/06/2019;06:45;87;52;35
04/06/2019;07:00;89;57;32
04/06/2019;07:15;225;158;67
04/06/2019;07:30;339;186;153
04/06/2019;07:45;409;281;128
04/06/2019;08:00;252;142;110
04/06/2019;08:15;244;129;115
04/06/2019;08:30;198;114;84
04/06/2019;08:45;229;145;84
04/06/2019;09:00;214;131;83
04/06/2019;09:15;266;160;106
04/06/2019;09:30;353;220;133
04/06/2019;09:45;193;102;91
04/06/2019;10:00;167;96;71
04/06/2019;10:15;155;90;65
04/06/2019;10:30;169;91;78
04/06/2019;10:45;127;62;65
04/06/2019;11:00;185;79;106
04/06/2019;11:15;252;127;125
04/06/2019;11:30;163;73;90
04/06/2019;11:45;209;113;96
04/06/2019;12:00;191;92;99
04/06/2019;12:15;200;72;128
04/06/2019;12:30;188;68;120
04/06/2019;12:45;203;75;128
04/06/2019;13:00;334;106;228
04/06/2019;13:15;197;95;102
04/06/2019;13:30;218;98;120
04/06/2019;13:45;265;146;119
04/06/2019;14:00;216;102;114
04/06/2019;14:15;150;53;97
04/06/2019;14:30;201;114;87
04/06/2019;14:45;191;89;102
04/06/2019;15:00;203;96;107
04/06/2019;15:15;221;117;104
04/06/2019;15:30;368;167;201
04/06/2019;15:45;274;116;158
04/06/2019;16:00;258;121;137
04/06/2019;16:15;233;113;120
04/06/2019;16:30;271;137;134
04/06/2019;16:45;291;136;155
04/06/2019;17:00;307;154;153
04/06/2019;17:15;363;170;193
04/06/2019;17:30;325;151;174
04/06/2019;17:45;306;166;140
04/06/2019;18:00;313;136;177
04/06/2019;18:15;290;134;156
04/06/2019;18:30;249;100;149
04/06/2019;18:45;251;107;144
04/06/2019;19:00;240;93;147
04/06/2019;19:15;234;121;113
04/06/2019;19:30;202;92;110
04/06/2019;19:45;197;95;102
04/06/2019;20:00;204;98;106
04/06/2019;20:15;156;76;80
04/06/2019;20:30;152;78;74
04/06/2019;20:45;149;68;81
04/06/2019;21:00;122;64;58
04/06/2019;21:15;145;67;78
04/06/2019;21:30;123;47;76
04/06/2019;21:45;130;49;81
04/06/2019;22:00;111;43;68
04/06/2019;22:15;132;54;78
04/06/2019;22:30;96;37;59
04/06/2019;22:45;83;26;57
04/06/2019;23:00;93;34;59
04/06/2019;23:15;70;21;49
04/06/2019;23:30;36;10;26
04/06/2019;23:45;34;12;22
05/06/2019;00:00;30;8;22
05/06/2019;00:15;33;11;22
05/06/2019;00:30;19;9;10
05/06/2019;00:45;18;3;15
05/06/2019;01:00;14;9;5
05/06/2019;01:15;9;3;6
05/06/2019;01:30;5;0;5
05/06/2019;01:45;1;1;0
05/06/2019;02:00;7;2;5
05/06/2019;02:15;8;2;6
05/06/2019;02:30;1;1;0
05/06/2019;02:45;3;1;2
05/06/2019;03:00;2;0;2
05/06/2019;03:15;5;1;4
05/06/2019;03:30;3;0;3
05/06/2019;03:45;1;1;0
05/06/2019;04:00;0;0;0
05/06/2019;04:15;0;0;0
05/06/2019;04:30;2;2;0
05/06/2019;04:45;2;1;1
05/06/2019;05:00;2;1;1
05/06/2019;05:15;13;8;5
05/06/2019;05:30;24;18;6
05/06/2019;05:45;28;14;14
05/06/2019;06:00;23;14;9
05/06/2019;06:15;38;22;16
05/06/2019;06:30;41;19;22
05/06/2019;06:45;77;45;32
05/06/2019;07:00;90;49;41
05/06/2019;07:15;195;128;67
05/06/2019;07:30;386;230;156
05/06/2019;07:45;426;285;141
05/06/2019;08:00;244;147;97
05/06/2019;08:15;241;146;95
05/06/2019;08:30;188;103;85
05/06/2019;08:45;266;165;101
05/06/2019;09:00;195;118;77
05/06/2019;09:15;195;131;64
05/06/2019;09:30;252;157;95
05/06/2019;09:45;213;121;92
05/06/2019;10:00;147;74;73
05/06/2019;10:15;157;90;67
05/06/2019;10:30;154;73;81
05/06/2019;10:45;143;65;78
05/06/2019;11:00;168;78;90
05/06/2019;11:15;262;120;142
05/06/2019;11:30;221;101;120
05/06/2019;11:45;163;85;78
05/06/2019;12:00;141;55;86
05/06/2019;12:15;231;116;115
05/06/2019;12:30;218;88;130
05/06/2019;12:45;222;104;118
05/06/2019;13:00;385;134;251
05/06/2019;13:15;242;122;120
05/06/2019;13:30;197;91;106
05/06/2019;13:45;239;142;97
05/06/2019;14:00;187;74;113
05/06/2019;14:15;205;98;107
05/06/2019;14:30;215;95;120
05/06/2019;14:45;203;75;128
05/06/2019;15:00;208;106;102
05/06/2019;15:15;265;125;140
05/06/2019;15:30;294;126;168
05/06/2019;15:45;227;101;126
05/06/2019;16:00;219;90;129
05/06/2019;16:15;247;134;113
05/06/2019;16:30;212;99;113
05/06/2019;16:45;301;151;150
05/06/2019;17:00;299;121;178
05/06/2019;17:15;318;154;164
05/06/2019;17:30;330;151;179
05/06/2019;17:45;358;175;183
05/06/2019;18:00;310;149;161
05/06/2019;18:15;291;153;138
05/06/2019;18:30;247;101;146
05/06/2019;18:45;282;118;164
05/06/2019;19:00;247;113;134
05/06/2019;19:15;226;108;118
05/06/2019;19:30;212;114;98
05/06/2019;19:45;192;89;103
05/06/2019;20:00;198;91;107
05/06/2019;20:15;181;85;96
05/06/2019;20:30;175;84;91
05/06/2019;20:45;150;66;84
05/06/2019;21:00;115;45;70
05/06/2019;21:15;149;76;73
05/06/2019;21:30;117;52;65
05/06/2019;21:45;129;74;55
05/06/2019;22:00;112;48;64
05/06/2019;22:15;105;55;50
05/06/2019;22:30;94;33;61
05/06/2019;22:45;83;29;54
05/06/2019;23:00;77;28;49
05/06/2019;23:15;81;30;51
05/06/2019;23:30;46;12;34
05/06/2019;23:45;53;20;33
06/06/2019;00:00;58;23;35
06/06/2019;00:15;44;13;31
06/06/2019;00:30;22;12;10
06/06/2019;00:45;20;10;10
06/06/2019;01:00;28;2;26
06/06/2019;01:15;25;12;13
06/06/2019;01:30;20;9;11
06/06/2019;01:45;12;3;9
06/06/2019;02:00;1;0;1
06/06/2019;02:15;0;0;0
06/06/2019;02:30;1;0;1
06/06/2019;02:45;5;3;2
06/06/2019;03:00;17;6;11
06/06/2019;03:15;4;1;3
06/06/2019;03:30;3;2;1
06/06/2019;03:45;5;3;2
06/06/2019;04:00;1;1;0
06/06/2019;04:15;1;1;0
06/06/2019;04:30;1;1;0
06/06/2019;04:45;6;4;2
06/06/2019;05:00;2;2;0
06/06/2019;05:15;5;3;2
06/06/2019;05:30;17;13;4
06/06/2019;05:45;18;12;6
06/06/2019;06:00;31;21;10
06/06/2019;06:15;34;24;10
06/06/2019;06:30;46;21;25
06/06/2019;06:45;82;47;35
06/06/2019;07:00;80;50;30
06/06/2019;07:15;174;126;48
06/06/2019;07:30;339;214;125
06/06/2019;07:45;334;214;120
06/06/2019;08:00;222;117;105
06/06/2019;08:15;195;118;77
06/06/2019;08:30;218;124;94
06/06/2019;08:45;216;136;80
06/06/2019;09:00;184;108;76
06/06/2019;09:15;201;123;78
06/06/2019;09:30;272;169;103
06/06/2019;09:45;161;82;79
06/06/2019;10:00;115;75;40
06/06/2019;10:15;145;90;55
06/06/2019;10:30;110;66;44
06/06/2019;10:45;137;77;60
06/06/2019;11:00;173;92;81
06/06/2019;11:15;198;118;80
06/06/2019;11:30;184;102;82
06/06/2019;11:45;144;71;73
06/06/2019;12:00;160;80;80
06/06/2019;12:15;169;75;94
06/06/2019;12:30;187;68;119
06/06/2019;12:45;156;61;95
06/06/2019;13:00;277;74;203
06/06/2019;13:15;189;77;112
06/06/2019;13:30;169;69;100
06/06/2019;13:45;217;115;102
06/06/2019;14:00;168;74;94
06/06/2019;14:15;143;62;81
06/06/2019;14:30;186;83;103
06/06/2019;14:45;179;76;103
06/06/2019;15:00;169;68;101
06/06/2019;15:15;206;103;103
06/06/2019;15:30;301;143;158
06/06/2019;15:45;200;89;111
06/06/2019;16:00;213;106;107
06/06/2019;16:15;215;97;118
06/06/2019;16:30;256;130;126
06/06/2019;16:45;245;108;137
06/06/2019;17:00;233;111;122
06/06/2019;17:15;277;111;166
06/06/2019;17:30;217;86;131
06/06/2019;17:45;228;113;115
06/06/2019;18:00;238;107;131
06/06/2019;18:15;216;72;144
06/06/2019;18:30;195;99;96
06/06/2019;18:45;205;108;97
06/06/2019;19:00;168;63;105
06/06/2019;19:15;214;115;99
06/06/2019;19:30;135;71;64
06/06/2019;19:45;151;74;77
06/06/2019;20:00;139;71;68
06/06/2019;20:15;149;80;69
06/06/2019;20:30;100;48;52
06/06/2019;20:45;99;44;55
06/06/2019;21:00;85;36;49
06/06/2019;21:15;89;34;55
06/06/2019;21:30;72;25;47
06/06/2019;21:45;70;26;44
06/06/2019;22:00;75;30;45
06/06/2019;22:15;68;32;36
06/06/2019;22:30;47;18;29
06/06/2019;22:45;73;43;30
06/06/2019;23:00;46;12;34
06/06/2019;23:15;56;27;29
06/06/2019;23:30;47;19;28
06/06/2019;23:45;34;11;23
07/06/2019;00:00;43;11;32
07/06/2019;00:15;20;3;17
07/06/2019;00:30;27;10;17
07/06/2019;00:45;20;4;16
07/06/2019;01:00;21;12;9
07/06/2019;01:15;15;8;7
07/06/2019;01:30;8;4;4
07/06/2019;01:45;10;4;6
07/06/2019;02:00;5;1;4
07/06/2019;02:15;6;2;4
07/06/2019;02:30;3;0;3
07/06/2019;02:45;2;1;1
07/06/2019;03:00;0;0;0
07/06/2019;03:15;3;3;0
07/06/2019;03:30;1;0;1
07/06/2019;03:45;1;1;0
07/06/2019;04:00;3;2;1
07/06/2019;04:15;1;1;0
07/06/2019;04:30;3;2;1
07/06/2019;04:45;6;4;2
07/06/2019;05:00;9;6;3
07/06/2019;05:15;9;5;4
07/06/2019;05:30;17;15;2
07/06/2019;05:45;18;10;8
07/06/2019;06:00;20;12;8
07/06/2019;06:15;30;23;7
07/06/2019;06:30;50;32;18
07/06/2019;06:45;54;30;24
07/06/2019;07:00;94;55;39
07/06/2019;07:15;162;117;45
07/06/2019;07:30;324;207;117
07/06/2019;07:45;268;169;99
07/06/2019;08:00;201;130;71
07/06/2019;08:15;218;126;92
07/06/2019;08:30;187;105;82
07/06/2019;08:45;265;174;91
07/06/2019;09:00;150;105;45
07/06/2019;09:15;214;127;87
07/06/2019;09:30;212;112;100
07/06/2019;09:45;161;94;67
07/06/2019;10:00;149;76;73
07/06/2019;10:15;157;91;66
07/06/2019;10:30;157;81;76
07/06/2019;10:45;180;107;73
07/06/2019;11:00;179;82;97
07/06/2019;11:15;223;110;113
07/06/2019;11:30;212;114;98
07/06/2019;11:45;216;92;124
07/06/2019;12:00;227;74;153
07/06/2019;12:15;258;126;132
07/06/2019;12:30;245;124;121
07/06/2019;12:45;251;135;116
07/06/2019;13:00;340;103;237
07/06/2019;13:15;210;89;121
07/06/2019;13:30;219;86;133
07/06/2019;13:45;199;84;115
07/06/2019;14:00;212;92;120
07/06/2019;14:15;172;87;85
07/06/2019;14:30;215;111;104
07/06/2019;14:45;214;96;118
07/06/2019;15:00;186;89;97
07/06/2019;15:15;256;146;110
07/06/2019;15:30;232;127;105
07/06/2019;15:45;188;79;109
07/06/2019;16:00;215;106;109
07/06/2019;16:15;197;113;84
07/06/2019;16:30;208;106;102
07/06/2019;16:45;241;133;108
07/06/2019;17:00;223;109;114
07/06/2019;17:15;215;88;127
07/06/2019;17:30;237;116;121
07/06/2019;17:45;218;102;116
07/06/2019;18:00;223;123;100
07/06/2019;18:15;273;136;137
07/06/2019;18:30;237;140;97
07/06/2019;18:45;207;115;92
07/06/2019;19:00;229;135;94
07/06/2019;19:15;200;120;80
07/06/2019;19:30;205;136;69
07/06/2019;19:45;217;140;77
07/06/2019;20:00;167;88;79
07/06/2019;20:15;153;79;74
07/06/2019;20:30;176;106;70
07/06/2019;20:45;159;73;86
07/06/2019;21:00;128;57;71
07/06/2019;21:15;171;69;102
07/06/2019;21:30;127;41;86
07/06/2019;21:45;103;37;66
07/06/2019;22:00;89;27;62
07/06/2019;22:15;126;30;96
07/06/2019;22:30;113;38;75
07/06/2019;22:45;124;26;98
07/06/2019;23:00;55;9;46
07/06/2019;23:15;88;16;72
07/06/2019;23:30;92;26;66
07/06/2019;23:45;65;21;44
08/06/2019;00:00;77;14;63
08/06/2019;00:15;55;9;46
08/06/2019;00:30;46;8;38
08/06/2019;00:45;57;14;43
08/06/2019;01:00;44;18;26
08/06/2019;01:15;39;6;33
08/06/2019;01:30;31;4;27
08/06/2019;01:45;26;9;17
08/06/2019;02:00;36;7;29
08/06/2019;02:15;18;6;12
08/06/2019;02:30;20;5;15
08/06/2019;02:45;21;9;12
08/06/2019;03:00;26;3;23
08/06/2019;03:15;14;5;9
08/06/2019;03:30;10;3;7
08/06/2019;03:45;5;0;5
08/06/2019;04:00;9;3;6
08/06/2019;04:15;7;2;5
08/06/2019;04:30;3;1;2
08/06/2019;04:45;4;1;3
08/06/2019;05:00;3;1;2
08/06/2019;05:15;4;4;0
08/06/2019;05:30;10;8;2
08/06/2019;05:45;10;8;2
08/06/2019;06:00;3;0;3
08/06/2019;06:15;10;8;2
08/06/2019;06:30;7;3;4
08/06/2019;06:45;19;9;10
08/06/2019;07:00;16;11;5
08/06/2019;07:15;14;10;4
08/06/2019;07:30;25;15;10
08/06/2019;07:45;30;19;11
08/06/2019;08:00;37;18;19
08/06/2019;08:15;54;28;26
08/06/2019;08:30;59;28;31
08/06/2019;08:45;105;64;41
08/06/2019;09:00;85;45;40
08/06/2019;09:15;73;42;31
08/06/2019;09:30;85;41;44
08/06/2019;09:45;109;67;42
08/06/2019;10:00;113;64;49
08/06/2019;10:15;167;81;86
08/06/2019;10:30;132;75;57
08/06/2019;10:45;152;100;52
08/06/2019;11:00;155;91;64
08/06/2019;11:15;165;99;66
08/06/2019;11:30;188;101;87
08/06/2019;11:45;154;91;63
08/06/2019;12:00;156;79;77
08/06/2019;12:15;157;74;83
08/06/2019;12:30;137;62;75
08/06/2019;12:45;150;66;84
08/06/2019;13:00;174;80;94
08/06/2019;13:15;152;86;66
08/06/2019;13:30;178;100;78
08/06/2019;13:45;182;89;93
08/06/2019;14:00;185;87;98
08/06/2019;14:15;173;80;93
08/06/2019;14:30;205;94;111
08/06/2019;14:45;158;83;75
08/06/2019;15:00;170;76;94
08/06/2019;15:15;170;80;90
08/06/2019;15:30;140;59;81
08/06/2019;15:45;144;78;66
08/06/2019;16:00;166;73;93
08/06/2019;16:15;195;120;75
08/06/2019;16:30;168;94;74
08/06/2019;16:45;161;78;83
08/06/2019;17:00;131;53;78
08/06/2019;17:15;184;102;82
08/06/2019;17:30;172;89;83
08/06/2019;17:45;148;76;72
08/06/2019;18:00;168;81;87
08/06/2019;18:15;166;68;98
08/06/2019;18:30;157;69;88
08/06/2019;18:45;131;66;65
08/06/2019;19:00;139;70;69
08/06/2019;19:15;116;62;54
08/06/2019;19:30;137;55;82
08/06/2019;19:45;108;64;44
08/06/2019;20:00;96;43;53
08/06/2019;20:15;124;56;68
08/06/2019;20:30;120;50;70
08/06/2019;20:45;94;55;39
08/06/2019;21:00;105;46;59
08/06/2019;21:15;95;42;53
08/06/2019;21:30;81;38;43
08/06/2019;21:45;73;33;40
08/06/2019;22:00;53;21;32
08/06/2019;22:15;64;28;36
08/06/2019;22:30;74;39;35
08/06/2019;22:45;72;15;57
08/06/2019;23:00;44;12;32
08/06/2019;23:15;41;16;25
08/06/2019;23:30;48;13;35
08/06/2019;23:45;52;19;33
09/06/2019;00:00;64;21;43
09/06/2019;00:15;63;17;46
09/06/2019;00:30;40;14;26
09/06/2019;00:45;35;7;28
09/06/2019;01:00;39;13;26
09/06/2019;01:15;23;7;16
09/06/2019;01:30;30;9;21
09/06/2019;01:45;30;7;23
09/06/2019;02:00;6;4;2
09/06/2019;02:15;17;4;13
09/06/2019;02:30;22;10;12
09/06/2019;02:45;13;7;6
09/06/2019;03:00;14;3;11
09/06/2019;03:15;12;3;9
09/06/2019;03:30;6;1;5
09/06/2019;03:45;8;4;4
09/06/2019;04:00;5;2;3
09/06/2019;04:15;6;2;4
09/06/2019;04:30;5;0;5
09/06/2019;04:45;0;0;0
09/06/2019;05:00;1;1;0
09/06/2019;05:15;3;1;2
09/06/2019;05:30;5;4;1
09/06/2019;05:45;7;7;0
09/06/2019;06:00;15;8;7
09/06/2019;06:15;10;8;2
09/06/2019;06:30;6;1;5
09/06/2019;06:45;10;5;5
09/06/2019;07:00;11;6;5
09/06/2019;07:15;6;0;6
09/06/2019;07:30;12;8;4
09/06/2019;07:45;15;10;5
09/06/2019;08:00;21;3;18
09/06/2019;08:15;16;7;9
09/06/2019;08:30;27;10;17
09/06/2019;08:45;36;18;18
09/06/2019;09:00;32;8;24
09/06/2019;09:15;51;33;18
09/06/2019;09:30;61;43;18
09/06/2019;09:45;113;55;58
09/06/2019;10:00;98;44;54
09/06/2019;10:15;90;41;49
09/06/2019;10:30;73;41;32
09/06/2019;10:45;107;56;51
09/06/2019;11:00;116;62;54
09/06/2019;11:15;105;51;54
09/06/2019;11:30;91;58;33
09/06/2019;11:45;105;55;50
09/06/2019;12:00;84;45;39
09/06/2019;12:15;111;51;60
09/06/2019;12:30;86;49;37
09/06/2019;12:45;110;51;59
09/06/2019;13:00;86;46;40
09/06/2019;13:15;85;43;42
09/06/2019;13:30;97;42;55
09/06/2019;13:45;110;59;51
09/06/2019;14:00;100;52;48
09/06/2019;14:15;116;52;64
09/06/2019;14:30;90;40;50
09/06/2019;14:45;101;61;40
09/06/2019;15:00;75;44;31
09/06/2019;15:15;86;47;39
09/06/2019;15:30;107;55;52
09/06/2019;15:45;106;58;48
09/06/2019;16:00;114;59;55
09/06/2019;16:15;118;57;61
09/06/2019;16:30;92;54;38
09/06/2019;16:45;97;60;37
09/06/2019;17:00;122;49;73
09/06/2019;17:15;59;37;22
09/06/2019;17:30;51;31;20
09/06/2019;17:45;77;35;42
09/06/2019;18:00;62;27;35
09/06/2019;18:15;79;43;36
09/06/2019;18:30;66;22;44
09/06/2019;18:45;60;34;26
09/06/2019;19:00;54;31;23
09/06/2019;19:15;61;30;31
09/06/2019;19:30;68;33;35
09/06/2019;19:45;63;35;28
09/06/2019;20:00;45;8;37
09/06/2019;20:15;63;24;39
09/06/2019;20:30;51;22;29
09/06/2019;20:45;48;28;20
09/06/2019;21:00;47;18;29
09/06/2019;21:15;41;19;22
09/06/2019;21:30;34;12;22
09/06/2019;21:45;40;11;29
09/06/2019;22:00;24;10;14
09/06/2019;22:15;42;25;17
09/06/2019;22:30;49;18;31
09/06/2019;22:45;36;16;20
09/06/2019;23:00;28;12;16
09/06/2019;23:15;29;9;20
09/06/2019;23:30;22;16;6
09/06/2019;23:45;31;14;17
10/06/2019;00:00;17;7;10
10/06/2019;00:15;20;5;15
10/06/2019;00:30;11;3;8
10/06/2019;00:45;12;5;7
10/06/2019;01:00;7;2;5
10/06/2019;01:15;17;6;11
10/06/2019;01:30;12;1;11
10/06/2019;01:45;6;4;2
10/06/2019;02:00;10;2;8
10/06/2019;02:15;4;2;2
10/06/2019;02:30;5;2;3
10/06/2019;02:45;1;1;0
10/06/2019;03:00;5;2;3
10/06/2019;03:15;1;0;1
10/06/2019;03:30;3;2;1
10/06/2019;03:45;3;3;0
10/06/2019;04:00;0;0;0
10/06/2019;04:15;2;1;1
10/06/2019;04:30;0;0;0
10/06/2019;04:45;1;1;0
10/06/2019;05:00;0;0;0
10/06/2019;05:15;1;1;0
10/06/2019;05:30;3;2;1
10/06/2019;05:45;8;5;3
10/06/2019;06:00;10;6;4
10/06/2019;06:15;8;4;4
10/06/2019;06:30;12;8;4
10/06/2019;06:45;11;8;3
10/06/2019;07:00;4;3;1
10/06/2019;07:15;7;3;4
10/06/2019;07:30;15;13;2
10/06/2019;07:45;18;15;3
10/06/2019;08:00;14;4;10
10/06/2019;08:15;20;9;11
10/06/2019;08:30;19;9;10
10/06/2019;08:45;20;12;8
10/06/2019;09:00;20;10;10
10/06/2019;09:15;19;9;10
10/06/2019;09:30;26;17;9
10/06/2019;09:45;36;24;12
10/06/2019;10:00;31;17;14
10/06/2019;10:15;34;19;15
10/06/2019;10:30;43;18;25
10/06/2019;10:45;54;25;29
10/06/2019;11:00;47;25;22
10/06/2019;11:15;47;18;29
10/06/2019;11:30;59;16;43
10/06/2019;11:45;66;30;36
10/06/2019;12:00;45;19;26
10/06/2019;12:15;77;39;38
10/06/2019;12:30;42;22;20
10/06/2019;12:45;26;18;8
10/06/2019;13:00;40;22;18
10/06/2019;13:15;37;17;20
10/06/2019;13:30;26;14;12
10/06/2019;13:45;39;18;21
10/06/2019;14:00;43;20;23
10/06/2019;14:15;47;18;29
10/06/2019;14:30;32;18;14
10/06/2019;14:45;24;8;16
10/06/2019;15:00;24;11;13
10/06/2019;15:15;27;8;19
10/06/2019;15:30;21;11;10
10/06/2019;15:45;31;19;12
10/06/2019;16:00;43;21;22
10/06/2019;16:15;37;24;13
10/06/2019;16:30;40;23;17
10/06/2019;16:45;65;49;16
10/06/2019;17:00;65;26;39
10/06/2019;17:15;48;18;30
10/06/2019;17:30;38;22;16
10/06/2019;17:45;50;33;17
10/06/2019;18:00;53;25;28
10/06/2019;18:15;66;26;40
10/06/2019;18:30;58;18;40
10/06/2019;18:45;74;49;25
10/06/2019;19:00;41;13;28
10/06/2019;19:15;39;29;10
10/06/2019;19:30;40;21;19
10/06/2019;19:45;39;24;15
10/06/2019;20:00;41;14;27
10/06/2019;20:15;44;23;21
10/06/2019;20:30;44;20;24
10/06/2019;20:45;34;17;17
10/06/2019;21:00;31;15;16
10/06/2019;21:15;33;19;14
10/06/2019;21:30;25;16;9
10/06/2019;21:45;30;17;13
10/06/2019;22:00;26;11;15
10/06/2019;22:15;27;10;17
10/06/2019;22:30;18;5;13
10/06/2019;22:45;17;6;11
10/06/2019;23:00;9;3;6
10/06/2019;23:15;20;10;10
10/06/2019;23:30;16;6;10
10/06/2019;23:45;16;3;13
11/06/2019;00:00;10;4;6
11/06/2019;00:15;14;4;10
11/06/2019;00:30;12;8;4
11/06/2019;00:45;10;3;7
11/06/2019;01:00;4;3;1
11/06/2019;01:15;6;0;6
11/06/2019;01:30;1;1;0
11/06/2019;01:45;1;0;1
11/06/2019;02:00;7;3;4
11/06/2019;02:15;0;0;0
11/06/2019;02:30;1;1;0
11/06/2019;02:45;2;2;0
11/06/2019;03:00;0;0;0
11/06/2019;03:15;1;1;0
11/06/2019;03:30;0;0;0
11/06/2019;03:45;1;1;0
11/06/2019;04:00;0;0;0
11/06/2019;04:15;0;0;0
11/06/2019;04:30;1;1;0
11/06/2019;04:45;0;0;0
11/06/2019;05:00;1;1;0
11/06/2019;05:15;3;1;2
11/06/2019;05:30;10;5;5
11/06/2019;05:45;22;15;7
11/06/2019;06:00;21;13;8
11/06/2019;06:15;30;16;14
11/06/2019;06:30;48;30;18
11/06/2019;06:45;48;27;21
11/06/2019;07:00;50;26;24
11/06/2019;07:15;74;39;35
11/06/2019;07:30;95;58;37
11/06/2019;07:45;156;71;85
11/06/2019;08:00;154;73;81
11/06/2019;08:15;137;76;61
11/06/2019;08:30;152;84;68
11/06/2019;08:45;156;96;60
11/06/2019;09:00;137;82;55
11/06/2019;09:15;150;88;62
11/06/2019;09:30;106;47;59
11/06/2019;09:45;141;72;69
11/06/2019;10:00;134;71;63
11/06/2019;10:15;112;66;46
11/06/2019;10:30;93;56;37
11/06/2019;10:45;111;69;42
11/06/2019;11:00;119;61;58
11/06/2019;11:15;115;55;60
11/06/2019;11:30;149;66;83
11/06/2019;11:45;116;68;48
11/06/2019;12:00;137;65;72
11/06/2019;12:15;100;40;60
11/06/2019;12:30;130;50;80
11/06/2019;12:45;143;74;69
11/06/2019;13:00;122;49;73
11/06/2019;13:15;161;55;106
11/06/2019;13:30;111;49;62
11/06/2019;13:45;128;63;65
11/06/2019;14:00;113;60;53
11/06/2019;14:15;150;83;67
11/06/2019;14:30;129;67;62
11/06/2019;14:45;139;62;77
11/06/2019;15:00;125;70;55
11/06/2019;15:15;139;83;56
11/06/2019;15:30;136;62;74
11/06/2019;15:45;122;68;54
11/06/2019;16:00;150;75;75
11/06/2019;16:15;157;72;85
11/06/2019;16:30;182;92;90
11/06/2019;16:45;217;101;116
11/06/2019;17:00;162;85;77
11/06/2019;17:15;184;96;88
11/06/2019;17:30;179;84;95
11/06/2019;17:45;200;104;96
11/06/2019;18:00;202;75;127
11/06/2019;18:15;144;58;86
11/06/2019;18:30;168;94;74
11/06/2019;18:45;150;70;80
11/06/2019;19:00;132;45;87
11/06/2019;19:15;125;54;71
11/06/2019;19:30;118;53;65
11/06/2019;19:45;119;58;61
11/06/2019;20:00;120;58;62
11/06/2019;20:15;88;44;44
11/06/2019;20:30;59;28;31
11/06/2019;20:45;63;29;34
11/06/2019;21:00;64;33;31
11/06/2019;21:15;63;32;31
11/06/2019;21:30;66;28;38
11/06/2019;21:45;48;25;23
11/06/2019;22:00;56;24;32
11/06/2019;22:15;69;18;51
11/06/2019;22:30;39;16;23
11/06/2019;22:45;39;13;26
11/06/2019;23:00;28;15;13
11/06/2019;23:15;24;12;12
11/06/2019;23:30;19;7;12
11/06/2019;23:45;21;7;14
12/06/2019;00:00;17;8;9
12/06/2019;00:15;10;4;6
12/06/2019;00:30;22;4;18
12/06/2019;00:45;15;4;11
12/06/2019;01:00;6;2;4
12/06/2019;01:15;5;1;4
12/06/2019;01:30;1;0;1
12/06/2019;01:45;5;0;5
12/06/2019;02:00;4;0;4
12/06/2019;02:15;4;0;4
12/06/2019;02:30;2;1;1
12/06/2019;02:45;2;0;2
12/06/2019;03:00;2;1;1
12/06/2019;03:15;2;1;1
12/06/2019;03:30;0;0;0
12/06/2019;03:45;1;1;0
12/06/2019;04:00;1;0;1
12/06/2019;04:15;1;0;1
12/06/2019;04:30;1;1;0
12/06/2019;04:45;1;1;0
12/06/2019;05:00;0;0;0
12/06/2019;05:15;6;2;4
12/06/2019;05:30;8;4;4
12/06/2019;05:45;8;8;0
12/06/2019;06:00;14;8;6
12/06/2019;06:15;17;11;6
12/06/2019;06:30;25;18;7
12/06/2019;06:45;41;16;25
12/06/2019;07:00;27;19;8
12/06/2019;07:15;33;14;19
12/06/2019;07:30;58;29;29
12/06/2019;07:45;72;36;36
12/06/2019;08:00;58;21;37
12/06/2019;08:15;68;34;34
12/06/2019;08:30;67;36;31
12/06/2019;08:45;131;55;76
12/06/2019;09:00;59;36;23
12/06/2019;09:15;73;36;37
12/06/2019;09:30;56;23;33
12/06/2019;09:45;79;30;49
12/06/2019;10:00;38;21;17
12/06/2019;10:15;73;43;30
12/06/2019;10:30;65;43;22
12/06/2019;10:45;58;31;27
12/06/2019;11:00;49;27;22
12/06/2019;11:15;62;26;36
12/06/2019;11:30;70;36;34
12/06/2019;11:45;95;43;52
12/06/2019;12:00;84;43;41
12/06/2019;12:15;76;34;42
12/06/2019;12:30;98;51;47
12/06/2019;12:45;99;48;51
12/06/2019;13:00;106;59;47
12/06/2019;13:15;86;41;45
12/06/2019;13:30;124;75;49
12/06/2019;13:45;125;51;74
12/06/2019;14:00;122;67;55
12/06/2019;14:15;120;63;57
12/06/2019;14:30;113;52;61
12/06/2019;14:45;134;61;73
12/06/2019;15:00;130;73;57
12/06/2019;15:15;117;58;59
12/06/2019;15:30;111;59;52
12/06/2019;15:45;119;53;66
12/06/2019;16:00;134;69;65
12/06/2019;16:15;134;64;70
12/06/2019;16:30;182;100;82
12/06/2019;16:45;169;89;80
12/06/2019;17:00;163;91;72
12/06/2019;17:15;192;98;94
12/06/2019;17:30;195;96;99
12/06/2019;17:45;170;78;92
12/06/2019;18:00;204;92;112
12/06/2019;18:15;165;89;76
12/06/2019;18:30;136;67;69
12/06/2019;18:45;167;80;87
12/06/2019;19:00;130;70;60
12/06/2019;19:15;143;87;56
12/06/2019;19:30;128;55;73
12/06/2019;19:45;122;44;78
12/06/2019;20:00;146;58;88
12/06/2019;20:15;135;60;75
12/06/2019;20:30;89;43;46
12/06/2019;20:45;82;28;54
12/06/2019;21:00;79;40;39
12/06/2019;21:15;99;37;62
12/06/2019;21:30;68;33;35
12/06/2019;21:45;68;36;32
12/06/2019;22:00;99;53;46
12/06/2019;22:15;76;47;29
12/06/2019;22:30;65;31;34
12/06/2019;22:45;72;20;52
12/06/2019;23:00;42;18;24
12/06/2019;23:15;42;19;23
12/06/2019;23:30;36;19;17
12/06/2019;23:45;36;11;25
13/06/2019;00:00;25;7;18
13/06/2019;00:15;31;11;20
13/06/2019;00:30;21;8;13
13/06/2019;00:45;23;11;12
13/06/2019;01:00;20;4;16
13/06/2019;01:15;11;3;8
13/06/2019;01:30;13;7;6
13/06/2019;01:45;4;2;2
13/06/2019;02:00;17;8;9
13/06/2019;02:15;6;4;2
13/06/2019;02:30;8;4;4
13/06/2019;02:45;3;0;3
13/06/2019;03:00;3;1;2
13/06/2019;03:15;6;2;4
13/06/2019;03:30;11;8;3
13/06/2019;03:45;7;6;1
13/06/2019;04:00;4;3;1
13/06/2019;04:15;6;4;2
13/06/2019;04:30;1;1;0
13/06/2019;04:45;2;2;0
13/06/2019;05:00;7;3;4
13/06/2019;05:15;5;3;2
13/06/2019;05:30;18;9;9
13/06/2019;05:45;22;17;5
13/06/2019;06:00;23;16;7
13/06/2019;06:15;39;28;11
13/06/2019;06:30;43;21;22
13/06/2019;06:45;48;30;18
13/06/2019;07:00;52;23;29
13/06/2019;07:15;79;43;36
13/06/2019;07:30;105;59;46
13/06/2019;07:45;164;74;90
13/06/2019;08:00;147;71;76
13/06/2019;08:15;143;71;72
13/06/2019;08:30;114;64;50
13/06/2019;08:45;173;99;74
13/06/2019;09:00;126;70;56
13/06/2019;09:15;178;95;83
13/06/2019;09:30;156;71;85
13/06/2019;09:45;137;72;65
13/06/2019;10:00;132;80;52
13/06/2019;10:15;93;49;44
13/06/2019;10:30;100;59;41
13/06/2019;10:45;152;82;70
13/06/2019;11:00;141;80;61
13/06/2019;11:15;132;65;67
13/06/2019;11:30;131;62;69
13/06/2019;11:45;134;68;66
13/06/2019;12:00;154;65;89
13/06/2019;12:15;119;62;57
13/06/2019;12:30;155;78;77
13/06/2019;12:45;157;80;77
13/06/2019;13:00;139;59;80
13/06/2019;13:15;148;76;72
13/06/2019;13:30;148;74;74
13/06/2019;13:45;162;76;86
13/06/2019;14:00;164;73;91
13/06/2019;14:15;192;111;81
13/06/2019;14:30;154;100;54
13/06/2019;14:45;155;75;80
13/06/2019;15:00;164;75;89
13/06/2019;15:15;158;82;76
13/06/2019;15:30;192;109;83
13/06/2019;15:45;181;106;75
13/06/2019;16:00;215;111;104
13/06/2019;16:15;194;97;97
13/06/2019;16:30;232;116;116
13/06/2019;16:45;247;129;118
13/06/2019;17:00;225;120;105
13/06/2019;17:15;208;114;94
13/06/2019;17:30;220;105;115
13/06/2019;17:45;250;118;132
13/06/2019;18:00;223;110;113
13/06/2019;18:15;229;118;111
13/06/2019;18:30;230;93;137
13/06/2019;18:45;208;110;98
13/06/2019;19:00;196;102;94
13/06/2019;19:15;143;73;70
13/06/2019;19:30;181;87;94
13/06/2019;19:45;154;79;75
13/06/2019;20:00;176;79;97
13/06/2019;20:15;165;80;85
13/06/2019;20:30;96;39;57
13/06/2019;20:45;98;39;59
13/06/2019;21:00;80;34;46
13/06/2019;21:15;116;69;47
13/06/2019;21:30;128;54;74
13/06/2019;21:45;84;44;40
13/06/2019;22:00;101;45;56
13/06/2019;22:15;95;37;58
13/06/2019;22:30;83;29;54
13/06/2019;22:45;70;23;47
13/06/2019;23:00;54;22;32
13/06/2019;23:15;52;29;23
13/06/2019;23:30;36;15;21
13/06/2019;23:45;38;7;31
14/06/2019;00:00;44;14;30
14/06/2019;00:15;33;11;22
14/06/2019;00:30;23;6;17
14/06/2019;00:45;19;5;14
14/06/2019;01:00;21;8;13
14/06/2019;01:15;13;5;8
14/06/2019;01:30;13;3;10
14/06/2019;01:45;8;4;4
14/06/2019;02:00;4;1;3
14/06/2019;02:15;11;2;9
14/06/2019;02:30;1;1;0
14/06/2019;02:45;8;1;7
14/06/2019;03:00;2;1;1
14/06/2019;03:15;1;1;0
14/06/2019;03:30;3;2;1
14/06/2019;03:45;1;1;0
14/06/2019;04:00;0;0;0
14/06/2019;04:15;4;2;2
14/06/2019;04:30;3;2;1
14/06/2019;04:45;1;1;0
14/06/2019;05:00;4;1;3
14/06/2019;05:15;6;3;3
14/06/2019;05:30;14;10;4
14/06/2019;05:45;20;15;5
14/06/2019;06:00;21;14;7
14/06/2019;06:15;38;28;10
14/06/2019;06:30;39;21;18
14/06/2019;06:45;55;30;25
14/06/2019;07:00;51;26;25
14/06/2019;07:15;76;42;34
14/06/2019;07:30;94;52;42
14/06/2019;07:45;140;63;77
14/06/2019;08:00;144;68;76
14/06/2019;08:15;111;74;37
14/06/2019;08:30;156;90;66
14/06/2019;08:45;157;84;73
14/06/2019;09:00;116;73;43
14/06/2019;09:15;148;78;70
14/06/2019;09:30;155;94;61
14/06/2019;09:45;170;99;71
14/06/2019;10:00;143;79;64
14/06/2019;10:15;144;73;71
14/06/2019;10:30;124;77;47
14/06/2019;10:45;188;117;71
14/06/2019;11:00;140;64;76
14/06/2019;11:15;159;75;84
14/06/2019;11:30;137;68;69
14/06/2019;11:45;160;72;88
14/06/2019;12:00;147;71;76
14/06/2019;12:15;136;68;68
14/06/2019;12:30;174;95;79
14/06/2019;12:45;166;76;90
14/06/2019;13:00;167;65;102
14/06/2019;13:15;164;70;94
14/06/2019;13:30;181;76;105
14/06/2019;13:45;148;66;82
14/06/2019;14:00;170;88;82
14/06/2019;14:15;174;105;69
14/06/2019;14:30;188;85;103
14/06/2019;14:45;173;91;82
14/06/2019;15:00;157;87;70
14/06/2019;15:15;194;101;93
14/06/2019;15:30;161;80;81
14/06/2019;15:45;166;84;82
14/06/2019;16:00;138;75;63
14/06/2019;16:15;172;84;88
14/06/2019;16:30;151;74;77
14/06/2019;16:45;192;95;97
14/06/2019;17:00;180;97;83
14/06/2019;17:15;221;103;118
14/06/2019;17:30;150;73;77
14/06/2019;17:45;187;96;91
14/06/2019;18:00;210;90;120
14/06/2019;18:15;188;72;116
14/06/2019;18:30;169;92;77
14/06/2019;18:45;167;80;87
14/06/2019;19:00;162;94;68
14/06/2019;19:15;152;84;68
14/06/2019;19:30;123;74;49
14/06/2019;19:45;137;65;72
14/06/2019;20:00;124;53;71
14/06/2019;20:15;118;77;41
14/06/2019;20:30;70;32;38
14/06/2019;20:45;109;61;48
14/06/2019;21:00;95;37;58
14/06/2019;21:15;74;37;37
14/06/2019;21:30;94;44;50
14/06/2019;21:45;84;44;40
14/06/2019;22:00;75;32;43
14/06/2019;22:15;59;9;50
14/06/2019;22:30;87;27;60
14/06/2019;22:45;79;33;46
14/06/2019;23:00;69;23;46
14/06/2019;23:15;57;18;39
14/06/2019;23:30;51;11;40
14/06/2019;23:45;47;16;31
15/06/2019;00:00;63;18;45
15/06/2019;00:15;46;11;35
15/06/2019;00:30;40;9;31
15/06/2019;00:45;27;2;25
15/06/2019;01:00;27;7;20
15/06/2019;01:15;33;13;20
15/06/2019;01:30;10;4;6
15/06/2019;01:45;16;9;7
15/06/2019;02:00;15;5;10
15/06/2019;02:15;25;3;22
15/06/2019;02:30;11;4;7
15/06/2019;02:45;7;2;5
15/06/2019;03:00;10;2;8
15/06/2019;03:15;14;11;3
15/06/2019;03:30;8;4;4
15/06/2019;03:45;3;2;1
15/06/2019;04:00;2;0;2
15/06/2019;04:15;2;0;2
15/06/2019;04:30;3;2;1
15/06/2019;04:45;6;4;2
15/06/2019;05:00;7;4;3
15/06/2019;05:15;7;2;5
15/06/2019;05:30;5;1;4
15/06/2019;05:45;9;5;4
15/06/2019;06:00;5;4;1
15/06/2019;06:15;5;3;2
15/06/2019;06:30;17;12;5
15/06/2019;06:45;20;11;9
15/06/2019;07:00;17;8;9
15/06/2019;07:15;13;12;1
15/06/2019;07:30;22;12;10
15/06/2019;07:45;31;12;19
15/06/2019;08:00;41;14;27
15/06/2019;08:15;37;21;16
15/06/2019;08:30;69;39;30
15/06/2019;08:45;55;27;28
15/06/2019;09:00;67;37;30
15/06/2019;09:15;78;47;31
15/06/2019;09:30;108;58;50
15/06/2019;09:45;124;81;43
15/06/2019;10:00;112;60;52
15/06/2019;10:15;130;62;68
15/06/2019;10:30;124;64;60
15/06/2019;10:45;137;94;43
15/06/2019;11:00;141;82;59
15/06/2019;11:15;173;98;75
15/06/2019;11:30;122;67;55
15/06/2019;11:45;128;59;69
15/06/2019;12:00;155;80;75
15/06/2019;12:15;128;60;68
15/06/2019;12:30;111;62;49
15/06/2019;12:45;135;71;64
15/06/2019;13:00;125;68;57
15/06/2019;13:15;134;67;67
15/06/2019;13:30;110;65;45
15/06/2019;13:45;141;79;62
15/06/2019;14:00;157;73;84
15/06/2019;14:15;148;67;81
15/06/2019;14:30;172;84;88
15/06/2019;14:45;155;78;77
15/06/2019;15:00;137;73;64
15/06/2019;15:15;136;58;78
15/06/2019;15:30;132;77;55
15/06/2019;15:45;194;104;90
15/06/2019;16:00;153;73;80
15/06/2019;16:15;160;86;74
15/06/2019;16:30;140;74;66
15/06/2019;16:45;162;83;79
15/06/2019;17:00;111;51;60
15/06/2019;17:15;160;74;86
15/06/2019;17:30;177;99;78
15/06/2019;17:45;128;58;70
15/06/2019;18:00;146;61;85
15/06/2019;18:15;117;55;62
15/06/2019;18:30;125;56;69
15/06/2019;18:45;155;65;90
15/06/2019;19:00;132;61;71
15/06/2019;19:15;97;47;50
15/06/2019;19:30;97;30;67
15/06/2019;19:45;122;55;67
15/06/2019;20:00;78;26;52
15/06/2019;20:15;91;38;53
15/06/2019;20:30;88;38;50
15/06/2019;20:45;78;31;47
15/06/2019;21:00;48;15;33
15/06/2019;21:15;23;4;19
15/06/2019;21:30;21;6;15
15/06/2019;21:45;32;9;23
15/06/2019;22:00;30;11;19
15/06/2019;22:15;36;18;18
15/06/2019;22:30;31;10;21
15/06/2019;22:45;22;7;15
15/06/2019;23:00;32;8;24
15/06/2019;23:15;38;14;24
15/06/2019;23:30;31;9;22
15/06/2019;23:45;21;10;11
16/06/2019;00:00;24;6;18
16/06/2019;00:15;27;8;19
16/06/2019;00:30;20;9;11
16/06/2019;00:45;17;4;13
16/06/2019;01:00;23;4;19
16/06/2019;01:15;14;1;13
16/06/2019;01:30;16;2;14
16/06/2019;01:45;21;6;15
16/06/2019;02:00;9;2;7
16/06/2019;02:15;12;4;8
16/06/2019;02:30;5;3;2
16/06/2019;02:45;7;2;5
16/06/2019;03:00;11;1;10
16/06/2019;03:15;15;5;10
16/06/2019;03:30;6;2;4
16/06/2019;03:45;4;1;3
16/06/2019;04:00;5;3;2
16/06/2019;04:15;3;1;2
16/06/2019;04:30;7;4;3
16/06/2019;04:45;5;5;0
16/06/2019;05:00;2;2;0
16/06/2019;05:15;5;0;5
16/06/2019;05:30;5;3;2
16/06/2019;05:45;7;4;3
16/06/2019;06:00;10;6;4
16/06/2019;06:15;8;5;3
16/06/2019;06:30;9;4;5
16/06/2019;06:45;6;4;2
16/06/2019;07:00;9;5;4
16/06/2019;07:15;13;7;6
16/06/2019;07:30;8;4;4
16/06/2019;07:45;11;8;3
16/06/2019;08:00;16;7;9
16/06/2019;08:15;13;9;4
16/06/2019;08:30;15;8;7
16/06/2019;08:45;23;10;13
16/06/2019;09:00;15;7;8
16/06/2019;09:15;36;19;17
16/06/2019;09:30;28;14;14
16/06/2019;09:45;45;21;24
16/06/2019;10:00;34;20;14
16/06/2019;10:15;43;22;21
16/06/2019;10:30;37;17;20
16/06/2019;10:45;53;27;26
16/06/2019;11:00;51;32;19
16/06/2019;11:15;72;22;50
16/06/2019;11:30;49;20;29
16/06/2019;11:45;69;40;29
16/06/2019;12:00;66;26;40
16/06/2019;12:15;66;38;28
16/06/2019;12:30;72;41;31
16/06/2019;12:45;90;55;35
16/06/2019;13:00;76;35;41
16/06/2019;13:15;74;36;38
16/06/2019;13:30;91;51;40
16/06/2019;13:45;85;42;43
16/06/2019;14:00;104;48;56
16/06/2019;14:15;99;41;58
16/06/2019;14:30;112;53;59
16/06/2019;14:45;128;64;64
16/06/2019;15:00;129;69;60
16/06/2019;15:15;160;92;68
16/06/2019;15:30;98;50;48
16/06/2019;15:45;87;40;47
16/06/2019;16:00;86;47;39
16/06/2019;16:15;102;43;59
16/06/2019;16:30;113;62;51
16/06/2019;16:45;125;70;55
16/06/2019;17:00;105;62;43
16/06/2019;17:15;98;54;44
16/06/2019;17:30;134;57;77
16/06/2019;17:45;145;74;71
16/06/2019;18:00;177;81;96
16/06/2019;18:15;133;60;73
16/06/2019;18:30;101;53;48
16/06/2019;18:45;130;71;59
16/06/2019;19:00;107;57;50
16/06/2019;19:15;116;50;66
16/06/2019;19:30;79;39;40
16/06/2019;19:45;66;35;31
16/06/2019;20:00;90;44;46
16/06/2019;20:15;95;38;57
16/06/2019;20:30;88;47;41
16/06/2019;20:45;90;46;44
16/06/2019;21:00;71;38;33
16/06/2019;21:15;87;51;36
16/06/2019;21:30;63;26;37
16/06/2019;21:45;85;29;56
16/06/2019;22:00;51;22;29
16/06/2019;22:15;45;20;25
16/06/2019;22:30;60;19;41
16/06/2019;22:45;34;17;17
16/06/2019;23:00;32;13;19
16/06/2019;23:15;23;11;12
16/06/2019;23:30;27;6;21
16/06/2019;23:45;23;9;14
17/06/2019;00:00;12;4;8
17/06/2019;00:15;12;7;5
17/06/2019;00:30;14;9;5
17/06/2019;00:45;1;1;0
17/06/2019;01:00;9;5;4
17/06/2019;01:15;13;3;10
17/06/2019;01:30;8;6;2
17/06/2019;01:45;3;1;2
17/06/2019;02:00;1;0;1
17/06/2019;02:15;0;0;0
17/06/2019;02:30;0;0;0
17/06/2019;02:45;0;0;0
17/06/2019;03:00;0;0;0
17/06/2019;03:15;3;2;1
17/06/2019;03:30;4;1;3
17/06/2019;03:45;2;2;0
17/06/2019;04:00;3;0;3
17/06/2019;04:15;0;0;0
17/06/2019;04:30;3;2;1
17/06/2019;04:45;4;3;1
17/06/2019;05:00;6;3;3
17/06/2019;05:15;2;0;2
17/06/2019;05:30;18;12;6
17/06/2019;05:45;24;19;5
17/06/2019;06:00;19;11;8
17/06/2019;06:15;40;31;9
17/06/2019;06:30;50;33;17
17/06/2019;06:45;59;37;22
17/06/2019;07:00;63;31;32
17/06/2019;07:15;96;59;37
17/06/2019;07:30;109;59;50
17/06/2019;07:45;223;137;86
17/06/2019;08:00;167;81;86
17/06/2019;08:15;138;71;67
17/06/2019;08:30;126;75;51
17/06/2019;08:45;180;104;76
17/06/2019;09:00;155;96;59
17/06/2019;09:15;148;81;67
17/06/2019;09:30;260;164;96
17/06/2019;09:45;188;122;66
17/06/2019;10:00;140;80;60
17/06/2019;10:15;122;76;46
17/06/2019;10:30;139;84;55
17/06/2019;10:45;130;68;62
17/06/2019;11:00;191;89;102
17/06/2019;11:15;220;123;97
17/06/2019;11:30;145;80;65
17/06/2019;11:45;147;77;70
17/06/2019;12:00;155;92;63
17/06/2019;12:15;134;62;72
17/06/2019;12:30;156;72;84
17/06/2019;12:45;157;69;88
17/06/2019;13:00;170;56;114
17/06/2019;13:15;157;66;91
17/06/2019;13:30;163;83;80
17/06/2019;13:45;196;98;98
17/06/2019;14:00;155;83;72
17/06/2019;14:15;187;104;83
17/06/2019;14:30;201;110;91
17/06/2019;14:45;195;100;95
17/06/2019;15:00;165;84;81
17/06/2019;15:15;245;114;131
17/06/2019;15:30;234;104;130
17/06/2019;15:45;168;80;88
17/06/2019;16:00;189;91;98
17/06/2019;16:15;227;101;126
17/06/2019;16:30;245;121;124
17/06/2019;16:45;265;131;134
17/06/2019;17:00;234;114;120
17/06/2019;17:15;289;134;155
17/06/2019;17:30;292;125;167
17/06/2019;17:45;240;101;139
17/06/2019;18:00;240;116;124
17/06/2019;18:15;229;111;118
17/06/2019;18:30;221;112;109
17/06/2019;18:45;228;106;122
17/06/2019;19:00;259;98;161
17/06/2019;19:15;213;105;108
17/06/2019;19:30;208;104;104
17/06/2019;19:45;170;67;103
17/06/2019;20:00;160;67;93
17/06/2019;20:15;135;59;76
17/06/2019;20:30;141;64;77
17/06/2019;20:45;142;67;75
17/06/2019;21:00;135;56;79
17/06/2019;21:15;119;51;68
17/06/2019;21:30;126;56;70
17/06/2019;21:45;119;35;84
17/06/2019;22:00;114;60;54
17/06/2019;22:15;83;30;53
17/06/2019;22:30;69;34;35
17/06/2019;22:45;45;19;26
17/06/2019;23:00;54;14;40
17/06/2019;23:15;39;8;31
17/06/2019;23:30;54;21;33
17/06/2019;23:45;35;13;22
18/06/2019;00:00;35;12;23
18/06/2019;00:15;35;9;26
18/06/2019;00:30;19;8;11
18/06/2019;00:45;22;7;15
18/06/2019;01:00;9;2;7
18/06/2019;01:15;3;1;2
18/06/2019;01:30;10;1;9
18/06/2019;01:45;2;1;1
18/06/2019;02:00;7;2;5
18/06/2019;02:15;2;1;1
18/06/2019;02:30;2;0;2
18/06/2019;02:45;3;2;1
18/06/2019;03:00;2;0;2
18/06/2019;03:15;2;0;2
18/06/2019;03:30;1;1;0
18/06/2019;03:45;1;0;1
18/06/2019;04:00;1;1;0
18/06/2019;04:15;1;0;1
18/06/2019;04:30;3;1;2
18/06/2019;04:45;3;2;1
18/06/2019;05:00;6;5;1
18/06/2019;05:15;5;3;2
18/06/2019;05:30;14;8;6
18/06/2019;05:45;28;17;11
18/06/2019;06:00;23;15;8
18/06/2019;06:15;41;29;12
18/06/2019;06:30;52;30;22
18/06/2019;06:45;63;47;16
18/06/2019;07:00;78;46;32
18/06/2019;07:15;91;49;42
18/06/2019;07:30;125;71;54
18/06/2019;07:45;309;205;104
18/06/2019;08:00;188;115;73
18/06/2019;08:15;161;91;70
18/06/2019;08:30;182;108;74
18/06/2019;08:45;207;119;88
18/06/2019;09:00;175;109;66
18/06/2019;09:15;177;100;77
18/06/2019;09:30;235;162;73
18/06/2019;09:45;213;128;85
18/06/2019;10:00;165;93;72
18/06/2019;10:15;161;81;80
18/06/2019;10:30;158;83;75
18/06/2019;10:45;130;75;55
18/06/2019;11:00;176;96;80
18/06/2019;11:15;231;126;105
18/06/2019;11:30;163;82;81
18/06/2019;11:45;154;93;61
18/06/2019;12:00;133;71;62
18/06/2019;12:15;166;71;95
18/06/2019;12:30;166;74;92
18/06/2019;12:45;218;91;127
18/06/2019;13:00;201;90;111
18/06/2019;13:15;164;66;98
18/06/2019;13:30;170;89;81
18/06/2019;13:45;195;119;76
18/06/2019;14:00;179;69;110
18/06/2019;14:15;149;76;73
18/06/2019;14:30;188;91;97
18/06/2019;14:45;199;91;108
18/06/2019;15:00;209;91;118
18/06/2019;15:15;209;115;94
18/06/2019;15:30;241;98;143
18/06/2019;15:45;220;99;121
18/06/2019;16:00;235;110;125
18/06/2019;16:15;257;114;143
18/06/2019;16:30;230;92;138
18/06/2019;16:45;204;105;99
18/06/2019;17:00;272;140;132
18/06/2019;17:15;279;106;173
18/06/2019;17:30;285;132;153
18/06/2019;17:45;305;152;153
18/06/2019;18:00;251;129;122
18/06/2019;18:15;268;113;155
18/06/2019;18:30;276;113;163
18/06/2019;18:45;222;109;113
18/06/2019;19:00;261;106;155
18/06/2019;19:15;229;108;121
18/06/2019;19:30;206;110;96
18/06/2019;19:45;167;81;86
18/06/2019;20:00;169;74;95
18/06/2019;20:15;213;79;134
18/06/2019;20:30;159;77;82
18/06/2019;20:45;110;65;45
18/06/2019;21:00;76;38;38
18/06/2019;21:15;99;44;55
18/06/2019;21:30;86;38;48
18/06/2019;21:45;103;43;60
18/06/2019;22:00;73;34;39
18/06/2019;22:15;98;41;57
18/06/2019;22:30;82;33;49
18/06/2019;22:45;65;24;41
18/06/2019;23:00;42;18;24
18/06/2019;23:15;47;18;29
18/06/2019;23:30;43;23;20
18/06/2019;23:45;24;11;13
19/06/2019;00:00;32;12;20
19/06/2019;00:15;11;1;10
19/06/2019;00:30;13;5;8
19/06/2019;00:45;12;3;9
19/06/2019;01:00;11;2;9
19/06/2019;01:15;12;2;10
19/06/2019;01:30;13;4;9
19/06/2019;01:45;4;2;2
19/06/2019;02:00;7;4;3
19/06/2019;02:15;2;1;1
19/06/2019;02:30;4;1;3
19/06/2019;02:45;2;1;1
19/06/2019;03:00;2;2;0
19/06/2019;03:15;1;0;1
19/06/2019;03:30;2;0;2
19/06/2019;03:45;4;2;2
19/06/2019;04:00;2;2;0
19/06/2019;04:15;1;0;1
19/06/2019;04:30;2;2;0
19/06/2019;04:45;5;2;3
19/06/2019;05:00;2;1;1
19/06/2019;05:15;6;3;3
19/06/2019;05:30;16;10;6
19/06/2019;05:45;28;21;7
19/06/2019;06:00;24;15;9
19/06/2019;06:15;31;23;8
19/06/2019;06:30;46;26;20
19/06/2019;06:45;71;47;24
19/06/2019;07:00;64;37;27
19/06/2019;07:15;85;50;35
19/06/2019;07:30;147;96;51
19/06/2019;07:45;310;221;89
19/06/2019;08:00;217;124;93
19/06/2019;08:15;147;87;60
19/06/2019;08:30;161;89;72
19/06/2019;08:45;218;131;87
19/06/2019;09:00;159;91;68
19/06/2019;09:15;191;123;68
19/06/2019;09:30;272;167;105
19/06/2019;09:45;170;93;77
19/06/2019;10:00;149;76;73
19/06/2019;10:15;174;96;78
19/06/2019;10:30;168;98;70
19/06/2019;10:45;173;99;74
19/06/2019;11:00;141;68;73
19/06/2019;11:15;233;107;126
19/06/2019;11:30;179;99;80
19/06/2019;11:45;170;77;93
19/06/2019;12:00;182;80;102
19/06/2019;12:15;190;86;104
19/06/2019;12:30;140;56;84
19/06/2019;12:45;169;81;88
19/06/2019;13:00;182;75;107
19/06/2019;13:15;169;88;81
19/06/2019;13:30;208;95;113
19/06/2019;13:45;187;107;80
19/06/2019;14:00;155;64;91
19/06/2019;14:15;185;85;100
19/06/2019;14:30;185;68;117
19/06/2019;14:45;204;86;118
19/06/2019;15:00;183;76;107
19/06/2019;15:15;175;76;99
19/06/2019;15:30;246;89;157
19/06/2019;15:45;268;114;154
19/06/2019;16:00;218;98;120
19/06/2019;16:15;234;106;128
19/06/2019;16:30;231;111;120
19/06/2019;16:45;241;100;141
19/06/2019;17:00;291;147;144
19/06/2019;17:15;316;139;177
19/06/2019;17:30;281;140;141
19/06/2019;17:45;261;112;149
19/06/2019;18:00;258;124;134
19/06/2019;18:15;280;136;144
19/06/2019;18:30;201;102;99
19/06/2019;18:45;262;134;128
19/06/2019;19:00;241;123;118
19/06/2019;19:15;214;120;94
19/06/2019;19:30;195;102;93
19/06/2019;19:45;185;82;103
19/06/2019;20:00;177;86;91
19/06/2019;20:15;201;111;90
19/06/2019;20:30;155;92;63
19/06/2019;20:45;154;86;68
19/06/2019;21:00;152;85;67
19/06/2019;21:15;154;68;86
19/06/2019;21:30;120;58;62
19/06/2019;21:45;164;79;85
19/06/2019;22:00;135;69;66
19/06/2019;22:15;123;41;82
19/06/2019;22:30;184;43;141
19/06/2019;22:45;95;23;72
19/06/2019;23:00;67;19;48
19/06/2019;23:15;69;24;45
19/06/2019;23:30;37;5;32
19/06/2019;23:45;49;9;40
20/06/2019;00:00;54;14;40
20/06/2019;00:15;66;26;40
20/06/2019;00:30;38;10;28
20/06/2019;00:45;40;9;31
20/06/2019;01:00;40;20;20
20/06/2019;01:15;20;7;13
20/06/2019;01:30;27;5;22
20/06/2019;01:45;15;6;9
20/06/2019;02:00;23;8;15
20/06/2019;02:15;15;8;7
20/06/2019;02:30;10;4;6
20/06/2019;02:45;14;6;8
20/06/2019;03:00;3;0;3
20/06/2019;03:15;16;10;6
20/06/2019;03:30;5;1;4
20/06/2019;03:45;7;3;4
20/06/2019;04:00;8;2;6
20/06/2019;04:15;3;3;0
20/06/2019;04:30;2;2;0
20/06/2019;04:45;7;4;3
20/06/2019;05:00;2;2;0
20/06/2019;05:15;5;3;2
20/06/2019;05:30;8;5;3
20/06/2019;05:45;10;7;3
20/06/2019;06:00;13;9;4
20/06/2019;06:15;11;10;1
20/06/2019;06:30;20;17;3
20/06/2019;06:45;22;16;6
20/06/2019;07:00;18;10;8
20/06/2019;07:15;18;13;5
20/06/2019;07:30;27;18;9
20/06/2019;07:45;35;23;12
20/06/2019;08:00;22;15;7
20/06/2019;08:15;29;17;12
20/06/2019;08:30;58;35;23
20/06/2019;08:45;65;31;34
20/06/2019;09:00;52;26;26
20/06/2019;09:15;83;52;31
20/06/2019;09:30;73;40;33
20/06/2019;09:45;85;44;41
20/06/2019;10:00;95;60;35
20/06/2019;10:15;70;34;36
20/06/2019;10:30;73;44;29
20/06/2019;10:45;107;55;52
20/06/2019;11:00;100;42;58
20/06/2019;11:15;84;39;45
20/06/2019;11:30;80;47;33
20/06/2019;11:45;70;31;39
20/06/2019;12:00;105;41;64
20/06/2019;12:15;102;56;46
20/06/2019;12:30;62;37;25
20/06/2019;12:45;67;26;41
20/06/2019;13:00;105;44;61
20/06/2019;13:15;72;29;43
20/06/2019;13:30;53;32;21
20/06/2019;13:45;64;38;26
20/06/2019;14:00;74;52;22
20/06/2019;14:15;65;35;30
20/06/2019;14:30;87;56;31
20/06/2019;14:45;70;40;30
20/06/2019;15:00;83;38;45
20/06/2019;15:15;80;45;35
20/06/2019;15:30;85;51;34
20/06/2019;15:45;69;38;31
20/06/2019;16:00;105;54;51
20/06/2019;16:15;90;45;45
20/06/2019;16:30;108;58;50
20/06/2019;16:45;118;63;55
20/06/2019;17:00;119;72;47
20/06/2019;17:15;111;43;68
20/06/2019;17:30;73;42;31
20/06/2019;17:45;146;74;72
20/06/2019;18:00;120;46;74
20/06/2019;18:15;102;45;57
20/06/2019;18:30;93;43;50
20/06/2019;18:45;141;81;60
20/06/2019;19:00;102;36;66
20/06/2019;19:15;77;34;43
20/06/2019;19:30;48;21;27
20/06/2019;19:45;87;45;42
20/06/2019;20:00;84;38;46
20/06/2019;20:15;61;34;27
20/06/2019;20:30;57;26;31
20/06/2019;20:45;49;20;29
20/06/2019;21:00;53;24;29
20/06/2019;21:15;72;33;39
20/06/2019;21:30;68;33;35
20/06/2019;21:45;54;18;36
20/06/2019;22:00;51;17;34
20/06/2019;22:15;35;20;15
20/06/2019;22:30;62;32;30
20/06/2019;22:45;35;9;26
20/06/2019;23:00;32;12;20
20/06/2019;23:15;43;15;28
20/06/2019;23:30;30;17;13
20/06/2019;23:45;18;7;11
21/06/2019;00:00;18;7;11
21/06/2019;00:15;32;11;21
21/06/2019;00:30;26;11;15
21/06/2019;00:45;15;8;7
21/06/2019;01:00;15;3;12
21/06/2019;01:15;15;5;10
21/06/2019;01:30;9;1;8
21/06/2019;01:45;9;2;7
21/06/2019;02:00;9;4;5
21/06/2019;02:15;9;3;6
21/06/2019;02:30;3;2;1
21/06/2019;02:45;9;4;5
21/06/2019;03:00;6;1;5
21/06/2019;03:15;1;1;0
21/06/2019;03:30;0;0;0
21/06/2019;03:45;3;0;3
21/06/2019;04:00;3;3;0
21/06/2019;04:15;2;1;1
21/06/2019;04:30;0;0;0
21/06/2019;04:45;3;2;1
21/06/2019;05:00;3;2;1
21/06/2019;05:15;5;3;2
21/06/2019;05:30;9;8;1
21/06/2019;05:45;16;8;8
21/06/2019;06:00;19;14;5
21/06/2019;06:15;29;20;9
21/06/2019;06:30;34;27;7
21/06/2019;06:45;45;32;13
21/06/2019;07:00;41;25;16
21/06/2019;07:15;63;35;28
21/06/2019;07:30;75;49;26
21/06/2019;07:45;138;86;52
21/06/2019;08:00;129;76;53
21/06/2019;08:15;112;68;44
21/06/2019;08:30;149;100;49
21/06/2019;08:45;155;105;50
21/06/2019;09:00;149;102;47
21/06/2019;09:15;167;93;74
21/06/2019;09:30;182;103;79
21/06/2019;09:45;192;112;80
21/06/2019;10:00;143;95;48
21/06/2019;10:15;143;89;54
21/06/2019;10:30;188;99;89
21/06/2019;10:45;187;102;85
21/06/2019;11:00;159;105;54
21/06/2019;11:15;212;107;105
21/06/2019;11:30;182;108;74
21/06/2019;11:45;171;84;87
21/06/2019;12:00;195;90;105
21/06/2019;12:15;195;94;101
21/06/2019;12:30;160;67;93
21/06/2019;12:45;197;82;115
21/06/2019;13:00;193;98;95
21/06/2019;13:15;198;98;100
21/06/2019;13:30;156;78;78
21/06/2019;13:45;159;61;98
21/06/2019;14:00;150;64;86
21/06/2019;14:15;164;81;83
21/06/2019;14:30;147;75;72
21/06/2019;14:45;178;91;87
21/06/2019;15:00;144;75;69
21/06/2019;15:15;185;89;96
21/06/2019;15:30;157;83;74
21/06/2019;15:45;164;76;88
21/06/2019;16:00;176;74;102
21/06/2019;16:15;190;97;93
21/06/2019;16:30;153;81;72
21/06/2019;16:45;141;60;81
21/06/2019;17:00;175;76;99
21/06/2019;17:15;205;97;108
21/06/2019;17:30;183;76;107
21/06/2019;17:45;209;95;114
21/06/2019;18:00;194;70;124
21/06/2019;18:15;159;75;84
21/06/2019;18:30;151;70;81
21/06/2019;18:45;147;56;91
21/06/2019;19:00;155;64;91
21/06/2019;19:15;143;64;79
21/06/2019;19:30;134;59;75
21/06/2019;19:45;118;53;65
21/06/2019;20:00;144;59;85
21/06/2019;20:15;121;50;71
21/06/2019;20:30;103;51;52
21/06/2019;20:45;89;49;40
21/06/2019;21:00;66;36;30
21/06/2019;21:15;107;58;49
21/06/2019;21:30;106;54;52
21/06/2019;21:45;70;21;49
21/06/2019;22:00;61;26;35
21/06/2019;22:15;63;28;35
21/06/2019;22:30;67;27;40
21/06/2019;22:45;68;20;48
21/06/2019;23:00;46;17;29
21/06/2019;23:15;57;17;40
21/06/2019;23:30;55;22;33
21/06/2019;23:45;48;15;33
22/06/2019;00:00;66;16;50
22/06/2019;00:15;39;12;27
22/06/2019;00:30;32;14;18
22/06/2019;00:45;25;1;24
22/06/2019;01:00;16;6;10
22/06/2019;01:15;46;10;36
22/06/2019;01:30;22;11;11
22/06/2019;01:45;23;9;14
22/06/2019;02:00;21;14;7
22/06/2019;02:15;25;13;12
22/06/2019;02:30;15;8;7
22/06/2019;02:45;17;9;8
22/06/2019;03:00;13;6;7
22/06/2019;03:15;7;4;3
22/06/2019;03:30;9;4;5
22/06/2019;03:45;9;7;2
22/06/2019;04:00;10;4;6
22/06/2019;04:15;4;2;2
22/06/2019;04:30;5;2;3
22/06/2019;04:45;1;0;1
22/06/2019;05:00;1;1;0
22/06/2019;05:15;14;7;7
22/06/2019;05:30;9;5;4
22/06/2019;05:45;12;6;6
22/06/2019;06:00;6;4;2
22/06/2019;06:15;12;8;4
22/06/2019;06:30;9;4;5
22/06/2019;06:45;14;9;5
22/06/2019;07:00;17;7;10
22/06/2019;07:15;13;10;3
22/06/2019;07:30;21;14;7
22/06/2019;07:45;34;22;12
22/06/2019;08:00;35;16;19
22/06/2019;08:15;36;17;19
22/06/2019;08:30;27;19;8
22/06/2019;08:45;78;62;16
22/06/2019;09:00;61;36;25
22/06/2019;09:15;79;48;31
22/06/2019;09:30;103;70;33
22/06/2019;09:45;111;71;40
22/06/2019;10:00;96;57;39
22/06/2019;10:15;109;60;49
22/06/2019;10:30;103;67;36
22/06/2019;10:45;121;67;54
22/06/2019;11:00;133;83;50
22/06/2019;11:15;113;78;35
22/06/2019;11:30;122;79;43
22/06/2019;11:45;122;61;61
22/06/2019;12:00;108;62;46
22/06/2019;12:15;144;86;58
22/06/2019;12:30;144;75;69
22/06/2019;12:45;121;65;56
22/06/2019;13:00;116;72;44
22/06/2019;13:15;165;80;85
22/06/2019;13:30;110;50;60
22/06/2019;13:45;136;74;62
22/06/2019;14:00;125;73;52
22/06/2019;14:15;130;62;68
22/06/2019;14:30;100;54;46
22/06/2019;14:45;129;68;61
22/06/2019;15:00;103;43;60
22/06/2019;15:15;128;52;76
22/06/2019;15:30;90;64;26
22/06/2019;15:45;128;62;66
22/06/2019;16:00;133;62;71
22/06/2019;16:15;125;68;57
22/06/2019;16:30;158;61;97
22/06/2019;16:45;139;77;62
22/06/2019;17:00;115;64;51
22/06/2019;17:15;126;52;74
22/06/2019;17:30;171;93;78
22/06/2019;17:45;129;53;76
22/06/2019;18:00;125;58;67
22/06/2019;18:15;121;57;64
22/06/2019;18:30;93;41;52
22/06/2019;18:45;123;55;68
22/06/2019;19:00;118;48;70
22/06/2019;19:15;100;43;57
22/06/2019;19:30;89;56;33
22/06/2019;19:45;88;37;51
22/06/2019;20:00;83;42;41
22/06/2019;20:15;101;39;62
22/06/2019;20:30;62;27;35
22/06/2019;20:45;71;41;30
22/06/2019;21:00;69;36;33
22/06/2019;21:15;80;39;41
22/06/2019;21:30;70;31;39
22/06/2019;21:45;64;34;30
22/06/2019;22:00;50;27;23
22/06/2019;22:15;61;27;34
22/06/2019;22:30;51;29;22
22/06/2019;22:45;43;14;29
22/06/2019;23:00;56;18;38
22/06/2019;23:15;55;14;41
22/06/2019;23:30;47;25;22
22/06/2019;23:45;48;26;22
23/06/2019;00:00;32;12;20
23/06/2019;00:15;38;18;20
23/06/2019;00:30;43;14;29
23/06/2019;00:45;28;7;21
23/06/2019;01:00;29;9;20
23/06/2019;01:15;18;5;13
23/06/2019;01:30;29;12;17
23/06/2019;01:45;23;2;21
23/06/2019;02:00;23;5;18
23/06/2019;02:15;20;1;19
23/06/2019;02:30;8;4;4
23/06/2019;02:45;14;4;10
23/06/2019;03:00;9;1;8
23/06/2019;03:15;11;3;8
23/06/2019;03:30;10;2;8
23/06/2019;03:45;18;6;12
23/06/2019;04:00;14;3;11
23/06/2019;04:15;7;3;4
23/06/2019;04:30;6;2;4
23/06/2019;04:45;3;3;0
23/06/2019;05:00;4;1;3
23/06/2019;05:15;3;1;2
23/06/2019;05:30;7;3;4
23/06/2019;05:45;7;6;1
23/06/2019;06:00;8;3;5
23/06/2019;06:15;8;6;2
23/06/2019;06:30;9;3;6
23/06/2019;06:45;12;5;7
23/06/2019;07:00;9;6;3
23/06/2019;07:15;10;7;3
23/06/2019;07:30;17;13;4
23/06/2019;07:45;19;9;10
23/06/2019;08:00;12;9;3
23/06/2019;08:15;23;9;14
23/06/2019;08:30;35;18;17
23/06/2019;08:45;53;31;22
23/06/2019;09:00;60;32;28
23/06/2019;09:15;45;21;24
23/06/2019;09:30;64;34;30
23/06/2019;09:45;104;72;32
23/06/2019;10:00;75;32;43
23/06/2019;10:15;73;46;27
23/06/2019;10:30;95;44;51
23/06/2019;10:45;119;73;46
23/06/2019;11:00;92;41;51
23/06/2019;11:15;106;44;62
23/06/2019;11:30;104;55;49
23/06/2019;11:45;101;46;55
23/06/2019;12:00;134;59;75
23/06/2019;12:15;119;70;49
23/06/2019;12:30;83;37;46
23/06/2019;12:45;121;55;66
23/06/2019;13:00;121;54;67
23/06/2019;13:15;126;59;67
23/06/2019;13:30;139;63;76
23/06/2019;13:45;141;67;74
23/06/2019;14:00;115;42;73
23/06/2019;14:15;131;58;73
23/06/2019;14:30;133;71;62
23/06/2019;14:45;175;101;74
23/06/2019;15:00;140;60;80
23/06/2019;15:15;160;86;74
23/06/2019;15:30;102;52;50
23/06/2019;15:45;139;79;60
23/06/2019;16:00;128;64;64
23/06/2019;16:15;116;61;55
23/06/2019;16:30;145;75;70
23/06/2019;16:45;118;61;57
23/06/2019;17:00;135;73;62
23/06/2019;17:15;156;86;70
23/06/2019;17:30;164;80;84
23/06/2019;17:45;155;75;80
23/06/2019;18:00;175;86;89
23/06/2019;18:15;169;85;84
23/06/2019;18:30;150;72;78
23/06/2019;18:45;150;67;83
23/06/2019;19:00;175;85;90
23/06/2019;19:15;141;64;77
23/06/2019;19:30;144;75;69
23/06/2019;19:45;121;48;73
23/06/2019;20:00;124;50;74
23/06/2019;20:15;120;61;59
23/06/2019;20:30;96;53;43
23/06/2019;20:45;88;38;50
23/06/2019;21:00;103;49;54
23/06/2019;21:15;91;30;61
23/06/2019;21:30;69;37;32
23/06/2019;21:45;78;22;56
23/06/2019;22:00;52;23;29
23/06/2019;22:15;67;26;41
23/06/2019;22:30;49;23;26
23/06/2019;22:45;37;18;19
23/06/2019;23:00;33;11;22
23/06/2019;23:15;33;20;13
23/06/2019;23:30;18;11;7
23/06/2019;23:45;24;7;17
24/06/2019;00:00;25;7;18
24/06/2019;00:15;11;7;4
24/06/2019;00:30;15;5;10
24/06/2019;00:45;4;2;2
24/06/2019;01:00;6;2;4
24/06/2019;01:15;6;4;2
24/06/2019;01:30;13;7;6
24/06/2019;01:45;7;5;2
24/06/2019;02:00;3;0;3
24/06/2019;02:15;0;0;0
24/06/2019;02:30;0;0;0
24/06/2019;02:45;0;0;0
24/06/2019;03:00;0;0;0
24/06/2019;03:15;0;0;0
24/06/2019;03:30;2;0;2
24/06/2019;03:45;0;0;0
24/06/2019;04:00;3;3;0
24/06/2019;04:15;0;0;0
24/06/2019;04:30;3;2;1
24/06/2019;04:45;2;1;1
24/06/2019;05:00;2;2;0
24/06/2019;05:15;7;6;1
24/06/2019;05:30;17;10;7
24/06/2019;05:45;39;22;17
24/06/2019;06:00;32;20;12
24/06/2019;06:15;44;25;19
24/06/2019;06:30;48;28;20
24/06/2019;06:45;98;62;36
24/06/2019;07:00;100;58;42
24/06/2019;07:15;287;213;74
24/06/2019;07:30;452;294;158
24/06/2019;07:45;292;167;125
24/06/2019;08:00;219;112;107
24/06/2019;08:15;211;118;93
24/06/2019;08:30;204;114;90
24/06/2019;08:45;237;152;85
24/06/2019;09:00;226;137;89
24/06/2019;09:15;187;125;62
24/06/2019;09:30;255;179;76
24/06/2019;09:45;195;108;87
24/06/2019;10:00;155;109;46
24/06/2019;10:15;161;90;71
24/06/2019;10:30;124;73;51
24/06/2019;10:45;123;75;48
24/06/2019;11:00;178;83;95
24/06/2019;11:15;264;132;132
24/06/2019;11:30;184;73;111
24/06/2019;11:45;202;106;96
24/06/2019;12:00;142;61;81
24/06/2019;12:15;198;95;103
24/06/2019;12:30;191;69;122
24/06/2019;12:45;214;89;125
24/06/2019;13:00;391;120;271
24/06/2019;13:15;239;105;134
24/06/2019;13:30;203;92;111
24/06/2019;13:45;261;147;114
24/06/2019;14:00;189;77;112
24/06/2019;14:15;194;105;89
24/06/2019;14:30;208;101;107
24/06/2019;14:45;219;100;119
24/06/2019;15:00;207;80;127
24/06/2019;15:15;233;109;124
24/06/2019;15:30;374;169;205
24/06/2019;15:45;269;117;152
24/06/2019;16:00;260;123;137
24/06/2019;16:15;269;140;129
24/06/2019;16:30;256;131;125
24/06/2019;16:45;282;148;134
24/06/2019;17:00;296;120;176
24/06/2019;17:15;350;177;173
24/06/2019;17:30;339;152;187
24/06/2019;17:45;290;145;145
24/06/2019;18:00;269;136;133
24/06/2019;18:15;257;114;143
24/06/2019;18:30;223;120;103
24/06/2019;18:45;286;146;140
24/06/2019;19:00;253;113;140
24/06/2019;19:15;250;117;133
24/06/2019;19:30;195;84;111
24/06/2019;19:45;233;117;116
24/06/2019;20:00;168;65;103
24/06/2019;20:15;202;87;115
24/06/2019;20:30;168;80;88
24/06/2019;20:45;123;55;68
24/06/2019;21:00;136;41;95
24/06/2019;21:15;138;52;86
24/06/2019;21:30;156;56;100
24/06/2019;21:45;139;42;97
24/06/2019;22:00;107;46;61
24/06/2019;22:15;107;32;75
24/06/2019;22:30;80;22;58
24/06/2019;22:45;72;24;48
24/06/2019;23:00;74;23;51
24/06/2019;23:15;45;16;29
24/06/2019;23:30;37;11;26
24/06/2019;23:45;39;13;26
25/06/2019;00:00;32;9;23
25/06/2019;00:15;22;7;15
25/06/2019;00:30;7;5;2
25/06/2019;00:45;20;3;17
25/06/2019;01:00;10;4;6
25/06/2019;01:15;10;5;5
25/06/2019;01:30;11;5;6
25/06/2019;01:45;3;2;1
25/06/2019;02:00;2;1;1
25/06/2019;02:15;0;0;0
25/06/2019;02:30;2;0;2
25/06/2019;02:45;4;3;1
25/06/2019;03:00;0;0;0
25/06/2019;03:15;2;1;1
25/06/2019;03:30;0;0;0
25/06/2019;03:45;2;2;0
25/06/2019;04:00;0;0;0
25/06/2019;04:15;0;0;0
25/06/2019;04:30;1;1;0
25/06/2019;04:45;2;1;1
25/06/2019;05:00;6;6;0
25/06/2019;05:15;4;1;3
25/06/2019;05:30;17;11;6
25/06/2019;05:45;30;22;8
25/06/2019;06:00;35;17;18
25/06/2019;06:15;56;40;16
25/06/2019;06:30;65;41;24
25/06/2019;06:45;92;62;30
25/06/2019;07:00;104;63;41
25/06/2019;07:15;254;192;62
25/06/2019;07:30;477;330;147
25/06/2019;07:45;411;252;159
25/06/2019;08:00;310;173;137
25/06/2019;08:15;253;135;118
25/06/2019;08:30;199;116;83
25/06/2019;08:45;247;148;99
25/06/2019;09:00;213;154;59
25/06/2019;09:15;236;133;103
25/06/2019;09:30;292;186;106
25/06/2019;09:45;193;109;84
25/06/2019;10:00;141;75;66
25/06/2019;10:15;161;93;68
25/06/2019;10:30;151;86;65
25/06/2019;10:45;142;84;58
25/06/2019;11:00;201;91;110
25/06/2019;11:15;230;112;118
25/06/2019;11:30;214;92;122
25/06/2019;11:45;168;84;84
25/06/2019;12:00;179;65;114
25/06/2019;12:15;207;81;126
25/06/2019;12:30;205;82;123
25/06/2019;12:45;241;101;140
25/06/2019;13:00;343;97;246
25/06/2019;13:15;231;106;125
25/06/2019;13:30;208;98;110
25/06/2019;13:45;234;129;105
25/06/2019;14:00;163;82;81
25/06/2019;14:15;201;86;115
25/06/2019;14:30;141;57;84
25/06/2019;14:45;191;103;88
25/06/2019;15:00;203;89;114
25/06/2019;15:15;226;100;126
25/06/2019;15:30;436;187;249
25/06/2019;15:45;291;126;165
25/06/2019;16:00;284;122;162
25/06/2019;16:15;270;124;146
25/06/2019;16:30;294;145;149
25/06/2019;16:45;323;150;173
25/06/2019;17:00;278;139;139
25/06/2019;17:15;352;157;195
25/06/2019;17:30;320;162;158
25/06/2019;17:45;333;169;164
25/06/2019;18:00;316;151;165
25/06/2019;18:15;290;118;172
25/06/2019;18:30;253;105;148
25/06/2019;18:45;333;160;173
25/06/2019;19:00;323;140;183
25/06/2019;19:15;231;117;114
25/06/2019;19:30;239;110;129
25/06/2019;19:45;230;121;109
25/06/2019;20:00;208;111;97
25/06/2019;20:15;189;79;110
25/06/2019;20:30;166;78;88
25/06/2019;20:45;168;83;85
25/06/2019;21:00;156;65;91
25/06/2019;21:15;157;60;97
25/06/2019;21:30;159;39;120
25/06/2019;21:45;141;54;87
25/06/2019;22:00;157;79;78
25/06/2019;22:15;115;36;79
25/06/2019;22:30;90;23;67
25/06/2019;22:45;93;25;68
25/06/2019;23:00;78;23;55
25/06/2019;23:15;69;20;49
25/06/2019;23:30;36;13;23
25/06/2019;23:45;39;19;20
26/06/2019;00:00;38;10;28
26/06/2019;00:15;33;19;14
26/06/2019;00:30;22;10;12
26/06/2019;00:45;19;1;18
26/06/2019;01:00;15;6;9
26/06/2019;01:15;9;2;7
26/06/2019;01:30;13;6;7
26/06/2019;01:45;7;4;3
26/06/2019;02:00;10;4;6
26/06/2019;02:15;9;7;2
26/06/2019;02:30;4;1;3
26/06/2019;02:45;2;1;1
26/06/2019;03:00;2;2;0
26/06/2019;03:15;0;0;0
26/06/2019;03:30;0;0;0
26/06/2019;03:45;0;0;0
26/06/2019;04:00;0;0;0
26/06/2019;04:15;3;0;3
26/06/2019;04:30;1;0;1
26/06/2019;04:45;5;4;1
26/06/2019;05:00;6;4;2
26/06/2019;05:15;7;5;2
26/06/2019;05:30;23;11;12
26/06/2019;05:45;31;25;6
26/06/2019;06:00;30;22;8
26/06/2019;06:15;53;38;15
26/06/2019;06:30;52;25;27
26/06/2019;06:45;101;65;36
26/06/2019;07:00;110;57;53
26/06/2019;07:15;268;182;86
26/06/2019;07:30;449;302;147
26/06/2019;07:45;456;326;130
26/06/2019;08:00;274;180;94
26/06/2019;08:15;232;150;82
26/06/2019;08:30;234;121;113
26/06/2019;08:45;247;151;96
26/06/2019;09:00;205;111;94
26/06/2019;09:15;269;181;88
26/06/2019;09:30;275;153;122
26/06/2019;09:45;231;132;99
26/06/2019;10:00;128;68;60
26/06/2019;10:15;150;85;65
26/06/2019;10:30;148;63;85
26/06/2019;10:45;156;88;68
26/06/2019;11:00;142;63;79
26/06/2019;11:15;208;97;111
26/06/2019;11:30;182;77;105
26/06/2019;11:45;162;67;95
26/06/2019;12:00;182;85;97
26/06/2019;12:15;195;85;110
26/06/2019;12:30;219;94;125
26/06/2019;12:45;205;88;117
26/06/2019;13:00;430;129;301
26/06/2019;13:15;186;83;103
26/06/2019;13:30;232;105;127
26/06/2019;13:45;236;142;94
26/06/2019;14:00;203;83;120
26/06/2019;14:15;183;82;101
26/06/2019;14:30;196;82;114
26/06/2019;14:45;186;84;102
26/06/2019;15:00;208;87;121
26/06/2019;15:15;226;99;127
26/06/2019;15:30;291;124;167
26/06/2019;15:45;246;119;127
26/06/2019;16:00;218;91;127
26/06/2019;16:15;248;106;142
26/06/2019;16:30;241;106;135
26/06/2019;16:45;244;124;120
26/06/2019;17:00;319;129;190
26/06/2019;17:15;341;161;180
26/06/2019;17:30;265;111;154
26/06/2019;17:45;313;129;184
26/06/2019;18:00;313;128;185
26/06/2019;18:15;298;145;153
26/06/2019;18:30;261;128;133
26/06/2019;18:45;271;140;131
26/06/2019;19:00;257;147;110
26/06/2019;19:15;226;106;120
26/06/2019;19:30;222;120;102
26/06/2019;19:45;222;118;104
26/06/2019;20:00;249;134;115
26/06/2019;20:15;211;102;109
26/06/2019;20:30;195;97;98
26/06/2019;20:45;175;83;92
26/06/2019;21:00;147;53;94
26/06/2019;21:15;177;74;103
26/06/2019;21:30;162;58;104
26/06/2019;21:45;160;71;89
26/06/2019;22:00;173;60;113
26/06/2019;22:15;127;40;87
26/06/2019;22:30;108;27;81
26/06/2019;22:45;85;21;64
26/06/2019;23:00;101;27;74
26/06/2019;23:15;80;36;44
26/06/2019;23:30;62;10;52
26/06/2019;23:45;44;17;27
27/06/2019;00:00;58;16;42
27/06/2019;00:15;47;16;31
27/06/2019;00:30;23;4;19
27/06/2019;00:45;15;3;12
27/06/2019;01:00;20;8;12
27/06/2019;01:15;17;3;14
27/06/2019;01:30;13;3;10
27/06/2019;01:45;10;3;7
27/06/2019;02:00;9;5;4
27/06/2019;02:15;3;1;2
27/06/2019;02:30;2;0;2
27/06/2019;02:45;8;2;6
27/06/2019;03:00;2;2;0
27/06/2019;03:15;2;0;2
27/06/2019;03:30;4;4;0
27/06/2019;03:45;1;0;1
27/06/2019;04:00;7;5;2
27/06/2019;04:15;1;0;1
27/06/2019;04:30;3;1;2
27/06/2019;04:45;1;1;0
27/06/2019;05:00;4;3;1
27/06/2019;05:15;10;6;4
27/06/2019;05:30;20;15;5
27/06/2019;05:45;36;27;9
27/06/2019;06:00;36;15;21
27/06/2019;06:15;41;29;12
27/06/2019;06:30;44;34;10
27/06/2019;06:45;100;74;26
27/06/2019;07:00;101;57;44
27/06/2019;07:15;287;210;77
27/06/2019;07:30;469;314;155
27/06/2019;07:45;390;241;149
27/06/2019;08:00;250;152;98
27/06/2019;08:15;239;150;89
27/06/2019;08:30;254;131;123
27/06/2019;08:45;240;150;90
27/06/2019;09:00;210;127;83
27/06/2019;09:15;240;126;114
27/06/2019;09:30;282;173;109
27/06/2019;09:45;215;143;72
27/06/2019;10:00;178;92;86
27/06/2019;10:15;125;71;54
27/06/2019;10:30;143;76;67
27/06/2019;10:45;140;93;47
27/06/2019;11:00;163;79;84
27/06/2019;11:15;240;111;129
27/06/2019;11:30;161;80;81
27/06/2019;11:45;159;80;79
27/06/2019;12:00;182;81;101
27/06/2019;12:15;176;65;111
27/06/2019;12:30;174;72;102
27/06/2019;12:45;250;92;158
27/06/2019;13:00;403;106;297
27/06/2019;13:15;247;103;144
27/06/2019;13:30;221;87;134
27/06/2019;13:45;217;113;104
27/06/2019;14:00;187;90;97
27/06/2019;14:15;174;91;83
27/06/2019;14:30;154;72;82
27/06/2019;14:45;184;94;90
27/06/2019;15:00;208;76;132
27/06/2019;15:15;226;97;129
27/06/2019;15:30;312;166;146
27/06/2019;15:45;230;93;137
27/06/2019;16:00;254;119;135
27/06/2019;16:15;265;123;142
27/06/2019;16:30;256;120;136
27/06/2019;16:45;294;145;149
27/06/2019;17:00;324;129;195
27/06/2019;17:15;386;175;211
27/06/2019;17:30;311;137;174
27/06/2019;17:45;328;180;148
27/06/2019;18:00;278;122;156
27/06/2019;18:15;297;154;143
27/06/2019;18:30;333;164;169
27/06/2019;18:45;267;132;135
27/06/2019;19:00;247;96;151
27/06/2019;19:15;294;138;156
27/06/2019;19:30;186;102;84
27/06/2019;19:45;215;116;99
27/06/2019;20:00;185;92;93
27/06/2019;20:15;163;67;96
27/06/2019;20:30;154;78;76
27/06/2019;20:45;139;68;71
27/06/2019;21:00;156;75;81
27/06/2019;21:15;150;60;90
27/06/2019;21:30;157;56;101
27/06/2019;21:45;129;48;81
27/06/2019;22:00;173;56;117
27/06/2019;22:15;136;48;88
27/06/2019;22:30;106;45;61
27/06/2019;22:45;104;33;71
27/06/2019;23:00;72;27;45
27/06/2019;23:15;75;22;53
27/06/2019;23:30;66;12;54
27/06/2019;23:45;55;5;50
28/06/2019;00:00;41;10;31
28/06/2019;00:15;31;8;23
28/06/2019;00:30;24;7;17
28/06/2019;00:45;18;5;13
28/06/2019;01:00;20;6;14
28/06/2019;01:15;11;4;7
28/06/2019;01:30;7;2;5
28/06/2019;01:45;10;3;7
28/06/2019;02:00;8;6;2
28/06/2019;02:15;2;1;1
28/06/2019;02:30;4;1;3
28/06/2019;02:45;3;0;3
28/06/2019;03:00;4;3;1
28/06/2019;03:15;2;1;1
28/06/2019;03:30;0;0;0
28/06/2019;03:45;1;1;0
28/06/2019;04:00;1;0;1
28/06/2019;04:15;0;0;0
28/06/2019;04:30;3;3;0
28/06/2019;04:45;3;1;2
28/06/2019;05:00;6;3;3
28/06/2019;05:15;11;5;6
28/06/2019;05:30;19;12;7
28/06/2019;05:45;29;21;8
28/06/2019;06:00;28;17;11
28/06/2019;06:15;36;24;12
28/06/2019;06:30;48;35;13
28/06/2019;06:45;85;53;32
28/06/2019;07:00;93;52;41
28/06/2019;07:15;244;180;64
28/06/2019;07:30;430;282;148
28/06/2019;07:45;303;196;107
28/06/2019;08:00;203;107;96
28/06/2019;08:15;248;156;92
28/06/2019;08:30;209;130;79
28/06/2019;08:45;253;148;105
28/06/2019;09:00;218;125;93
28/06/2019;09:15;220;143;77
28/06/2019;09:30;237;139;98
28/06/2019;09:45;199;95;104
28/06/2019;10:00;160;76;84
28/06/2019;10:15;171;108;63
28/06/2019;10:30;161;89;72
28/06/2019;10:45;186;95;91
28/06/2019;11:00;150;76;74
28/06/2019;11:15;223;122;101
28/06/2019;11:30;174;82;92
28/06/2019;11:45;177;80;97
28/06/2019;12:00;177;80;97
28/06/2019;12:15;282;129;153
28/06/2019;12:30;214;107;107
28/06/2019;12:45;202;82;120
28/06/2019;13:00;403;103;300
28/06/2019;13:15;235;97;138
28/06/2019;13:30;218;73;145
28/06/2019;13:45;243;136;107
28/06/2019;14:00;233;111;122
28/06/2019;14:15;197;105;92
28/06/2019;14:30;202;82;120
28/06/2019;14:45;212;108;104
28/06/2019;15:00;212;93;119
28/06/2019;15:15;203;101;102
28/06/2019;15:30;242;116;126
28/06/2019;15:45;231;115;116
28/06/2019;16:00;220;102;118
28/06/2019;16:15;262;137;125
28/06/2019;16:30;249;121;128
28/06/2019;16:45;232;116;116
28/06/2019;17:00;206;103;103
28/06/2019;17:15;223;95;128
28/06/2019;17:30;227;124;103
28/06/2019;17:45;229;106;123
28/06/2019;18:00;240;108;132
28/06/2019;18:15;219;111;108
28/06/2019;18:30;212;110;102
28/06/2019;18:45;229;101;128
28/06/2019;19:00;232;100;132
28/06/2019;19:15;233;100;133
28/06/2019;19:30;184;96;88
28/06/2019;19:45;195;92;103
28/06/2019;20:00;194;88;106
28/06/2019;20:15;161;77;84
28/06/2019;20:30;149;77;72
28/06/2019;20:45;132;62;70
28/06/2019;21:00;172;72;100
28/06/2019;21:15;178;80;98
28/06/2019;21:30;141;59;82
28/06/2019;21:45;147;72;75
28/06/2019;22:00;136;78;58
28/06/2019;22:15;132;66;66
28/06/2019;22:30;89;31;58
28/06/2019;22:45;85;35;50
28/06/2019;23:00;99;44;55
28/06/2019;23:15;76;25;51
28/06/2019;23:30;71;26;45
28/06/2019;23:45;73;25;48
29/06/2019;00:00;101;35;66
29/06/2019;00:15;53;13;40
29/06/2019;00:30;50;19;31
29/06/2019;00:45;41;10;31
29/06/2019;01:00;59;16;43
29/06/2019;01:15;53;19;34
29/06/2019;01:30;30;13;17
29/06/2019;01:45;32;9;23
29/06/2019;02:00;17;3;14
29/06/2019;02:15;26;9;17
29/06/2019;02:30;10;2;8
29/06/2019;02:45;16;7;9
29/06/2019;03:00;10;3;7
29/06/2019;03:15;5;1;4
29/06/2019;03:30;15;7;8
29/06/2019;03:45;15;3;12
29/06/2019;04:00;6;2;4
29/06/2019;04:15;5;4;1
29/06/2019;04:30;10;5;5
29/06/2019;04:45;7;2;5
29/06/2019;05:00;6;6;0
29/06/2019;05:15;6;3;3
29/06/2019;05:30;8;4;4
29/06/2019;05:45;10;9;1
29/06/2019;06:00;12;8;4
29/06/2019;06:15;17;12;5
29/06/2019;06:30;24;13;11
29/06/2019;06:45;22;14;8
29/06/2019;07:00;36;16;20
29/06/2019;07:15;29;23;6
29/06/2019;07:30;33;11;22
29/06/2019;07:45;69;39;30
29/06/2019;08:00;64;26;38
29/06/2019;08:15;74;49;25
29/06/2019;08:30;83;46;37
29/06/2019;08:45;120;67;53
29/06/2019;09:00;139;88;51
29/06/2019;09:15;126;69;57
29/06/2019;09:30;154;88;66
29/06/2019;09:45;193;118;75
29/06/2019;10:00;149;83;66
29/06/2019;10:15;152;83;69
29/06/2019;10:30;170;95;75
29/06/2019;10:45;184;113;71
29/06/2019;11:00;169;97;72
29/06/2019;11:15;177;92;85
29/06/2019;11:30;163;85;78
29/06/2019;11:45;158;76;82
29/06/2019;12:00;175;82;93
29/06/2019;12:15;179;89;90
29/06/2019;12:30;173;92;81
29/06/2019;12:45;166;78;88
29/06/2019;13:00;183;108;75
29/06/2019;13:15;173;79;94
29/06/2019;13:30;186;97;89
29/06/2019;13:45;187;88;99
29/06/2019;14:00;172;79;93
29/06/2019;14:15;170;80;90
29/06/2019;14:30;158;59;99
29/06/2019;14:45;153;74;79
29/06/2019;15:00;158;68;90
29/06/2019;15:15;160;76;84
29/06/2019;15:30;157;78;79
29/06/2019;15:45;177;106;71
29/06/2019;16:00;147;58;89
29/06/2019;16:15;199;117;82
29/06/2019;16:30;178;102;76
29/06/2019;16:45;181;103;78
29/06/2019;17:00;174;95;79
29/06/2019;17:15;163;87;76
29/06/2019;17:30;171;99;72
29/06/2019;17:45;163;105;58
29/06/2019;18:00;162;106;56
29/06/2019;18:15;184;110;74
29/06/2019;18:30;156;88;68
29/06/2019;18:45;177;113;64
29/06/2019;19:00;134;97;37
29/06/2019;19:15;109;72;37
29/06/2019;19:30;108;75;33
29/06/2019;19:45;105;57;48
29/06/2019;20:00;65;43;22
29/06/2019;20:15;86;47;39
29/06/2019;20:30;86;59;27
29/06/2019;20:45;64;37;27
29/06/2019;21:00;94;57;37
29/06/2019;21:15;60;38;22
29/06/2019;21:30;50;20;30
29/06/2019;21:45;54;23;31
29/06/2019;22:00;83;43;40
29/06/2019;22:15;73;29;44
29/06/2019;22:30;65;17;48
29/06/2019;22:45;46;15;31
29/06/2019;23:00;63;30;33
29/06/2019;23:15;49;19;30
29/06/2019;23:30;44;17;27
29/06/2019;23:45;64;15;49
30/06/2019;00:00;59;14;45
30/06/2019;00:15;58;19;39
30/06/2019;00:30;66;13;53
30/06/2019;00:45;60;19;41
30/06/2019;01:00;62;8;54
30/06/2019;01:15;62;10;52
30/06/2019;01:30;44;3;41
30/06/2019;01:45;59;14;45
30/06/2019;02:00;45;12;33
30/06/2019;02:15;27;5;22
30/06/2019;02:30;38;10;28
30/06/2019;02:45;32;6;26
30/06/2019;03:00;25;3;22
30/06/2019;03:15;29;4;25
30/06/2019;03:30;12;3;9
30/06/2019;03:45;25;4;21
30/06/2019;04:00;12;1;11
30/06/2019;04:15;6;1;5
30/06/2019;04:30;11;3;8
30/06/2019;04:45;13;10;3
30/06/2019;05:00;3;2;1
30/06/2019;05:15;11;7;4
30/06/2019;05:30;10;4;6
30/06/2019;05:45;18;13;5
30/06/2019;06:00;15;11;4
30/06/2019;06:15;26;14;12
30/06/2019;06:30;16;8;8
30/06/2019;06:45;38;20;18
30/06/2019;07:00;19;10;9
30/06/2019;07:15;34;30;4
30/06/2019;07:30;43;25;18
30/06/2019;07:45;47;28;19
30/06/2019;08:00;40;26;14
30/06/2019;08:15;55;34;21
30/06/2019;08:30;72;43;29
30/06/2019;08:45;82;46;36
30/06/2019;09:00;99;58;41
30/06/2019;09:15;104;56;48
30/06/2019;09:30;91;49;42
30/06/2019;09:45;110;73;37
30/06/2019;10:00;89;53;36
30/06/2019;10:15;74;43;31
30/06/2019;10:30;74;37;37
30/06/2019;10:45;97;58;39
30/06/2019;11:00;104;53;51
30/06/2019;11:15;97;49;48
30/06/2019;11:30;70;32;38
30/06/2019;11:45;111;59;52
30/06/2019;12:00;93;38;55
30/06/2019;12:15;70;31;39
30/06/2019;12:30;83;33;50
30/06/2019;12:45;111;48;63
30/06/2019;13:00;94;45;49
30/06/2019;13:15;85;46;39
30/06/2019;13:30;85;58;27
30/06/2019;13:45;78;28;50
30/06/2019;14:00;96;35;61
30/06/2019;14:15;107;57;50
30/06/2019;14:30;92;41;51
30/06/2019;14:45;108;51;57
30/06/2019;15:00;88;34;54
30/06/2019;15:15;86;43;43
30/06/2019;15:30;93;42;51
30/06/2019;15:45;97;46;51
30/06/2019;16:00;80;41;39
30/06/2019;16:15;98;55;43
30/06/2019;16:30;83;31;52
30/06/2019;16:45;119;48;71
30/06/2019;17:00;118;60;58
30/06/2019;17:15;125;50;75
30/06/2019;17:30;108;45;63
30/06/2019;17:45;124;54;70
30/06/2019;18:00;131;58;73
30/06/2019;18:15;141;73;68
30/06/2019;18:30;142;80;62
30/06/2019;18:45;131;60;71
30/06/2019;19:00;143;75;68
30/06/2019;19:15;138;67;71
30/06/2019;19:30;116;49;67
30/06/2019;19:45;144;72;72
30/06/2019;20:00;130;58;72
30/06/2019;20:15;102;53;49
30/06/2019;20:30;122;52;70
30/06/2019;20:45;128;54;74
30/06/2019;21:00;117;26;91
30/06/2019;21:15;108;43;65
30/06/2019;21:30;104;48;56
30/06/2019;21:45;72;30;42
30/06/2019;22:00;101;31;70
30/06/2019;22:15;69;29;40
30/06/2019;22:30;33;14;19
30/06/2019;22:45;66;32;34
30/06/2019;23:00;64;28;36
30/06/2019;23:15;33;15;18
30/06/2019;23:30;21;10;11
30/06/2019;23:45;24;6;18
01/07/2019;00:00;38;16;22
01/07/2019;00:15;11;7;4
01/07/2019;00:30;13;6;7
01/07/2019;00:45;16;3;13
01/07/2019;01:00;12;3;9
01/07/2019;01:15;7;4;3
01/07/2019;01:30;8;4;4
01/07/2019;01:45;5;1;4
01/07/2019;02:00;10;6;4
01/07/2019;02:15;7;1;6
01/07/2019;02:30;2;1;1
01/07/2019;02:45;1;1;0
01/07/2019;03:00;1;1;0
01/07/2019;03:15;2;1;1
01/07/2019;03:30;4;2;2
01/07/2019;03:45;0;0;0
01/07/2019;04:00;0;0;0
01/07/2019;04:15;5;2;3
01/07/2019;04:30;3;3;0
01/07/2019;04:45;5;3;2
01/07/2019;05:00;4;3;1
01/07/2019;05:15;8;7;1
01/07/2019;05:30;17;11;6
01/07/2019;05:45;39;30;9
01/07/2019;06:00;33;18;15
01/07/2019;06:15;33;16;17
01/07/2019;06:30;40;26;14
01/07/2019;06:45;88;59;29
01/07/2019;07:00;94;56;38
01/07/2019;07:15;264;191;73
01/07/2019;07:30;446;314;132
01/07/2019;07:45;280;147;133
01/07/2019;08:00;223;123;100
01/07/2019;08:15;213;134;79
01/07/2019;08:30;217;122;95
01/07/2019;08:45;208;118;90
01/07/2019;09:00;199;100;99
01/07/2019;09:15;191;124;67
01/07/2019;09:30;255;175;80
01/07/2019;09:45;182;104;78
01/07/2019;10:00;133;75;58
01/07/2019;10:15;143;81;62
01/07/2019;10:30;128;68;60
01/07/2019;10:45;128;59;69
01/07/2019;11:00;184;72;112
01/07/2019;11:15;208;126;82
01/07/2019;11:30;138;54;84
01/07/2019;11:45;196;83;113
01/07/2019;12:00;144;77;67
01/07/2019;12:15;179;79;100
01/07/2019;12:30;179;74;105
01/07/2019;12:45;196;79;117
01/07/2019;13:00;343;82;261
01/07/2019;13:15;169;69;100
01/07/2019;13:30;176;78;98
01/07/2019;13:45;207;99;108
01/07/2019;14:00;171;84;87
01/07/2019;14:15;174;84;90
01/07/2019;14:30;159;73;86
01/07/2019;14:45;216;127;89
01/07/2019;15:00;196;110;86
01/07/2019;15:15;188;104;84
01/07/2019;15:30;268;124;144
01/07/2019;15:45;217;93;124
01/07/2019;16:00;199;92;107
01/07/2019;16:15;187;83;104
01/07/2019;16:30;207;88;119
01/07/2019;16:45;239;104;135
01/07/2019;17:00;252;108;144
01/07/2019;17:15;240;93;147
01/07/2019;17:30;239;104;135
01/07/2019;17:45;214;90;124
01/07/2019;18:00;228;92;136
01/07/2019;18:15;223;92;131
01/07/2019;18:30;209;100;109
01/07/2019;18:45;244;125;119
01/07/2019;19:00;190;75;115
01/07/2019;19:15;189;83;106
01/07/2019;19:30;163;66;97
01/07/2019;19:45;183;71;112
01/07/2019;20:00;182;77;105
01/07/2019;20:15;153;52;101
01/07/2019;20:30;104;41;63
01/07/2019;20:45;119;43;76
01/07/2019;21:00;91;39;52
01/07/2019;21:15;104;36;68
01/07/2019;21:30;92;36;56
01/07/2019;21:45;114;28;86
01/07/2019;22:00;84;19;65
01/07/2019;22:15;88;32;56
01/07/2019;22:30;68;19;49
01/07/2019;22:45;74;24;50
01/07/2019;23:00;45;11;34
01/07/2019;23:15;35;15;20
01/07/2019;23:30;32;13;19
01/07/2019;23:45;28;9;19
02/07/2019;00:00;27;15;12
02/07/2019;00:15;14;10;4
02/07/2019;00:30;20;10;10
02/07/2019;00:45;6;3;3
02/07/2019;01:00;13;1;12
02/07/2019;01:15;8;1;7
02/07/2019;01:30;0;0;0
02/07/2019;01:45;11;4;7
02/07/2019;02:00;6;3;3
02/07/2019;02:15;0;0;0
02/07/2019;02:30;0;0;0
02/07/2019;02:45;6;3;3
02/07/2019;03:00;2;2;0
02/07/2019;03:15;0;0;0
02/07/2019;03:30;0;0;0
02/07/2019;03:45;4;1;3
02/07/2019;04:00;0;0;0
02/07/2019;04:15;3;2;1
02/07/2019;04:30;3;2;1
02/07/2019;04:45;6;4;2
02/07/2019;05:00;8;5;3
02/07/2019;05:15;9;2;7
02/07/2019;05:30;13;11;2
02/07/2019;05:45;25;16;9
02/07/2019;06:00;32;19;13
02/07/2019;06:15;34;22;12
02/07/2019;06:30;47;27;20
02/07/2019;06:45;73;47;26
02/07/2019;07:00;93;55;38
02/07/2019;07:15;165;105;60
02/07/2019;07:30;333;199;134
02/07/2019;07:45;363;226;137
02/07/2019;08:00;239;139;100
02/07/2019;08:15;241;122;119
02/07/2019;08:30;177;103;74
02/07/2019;08:45;232;120;112
02/07/2019;09:00;193;114;79
02/07/2019;09:15;174;109;65
02/07/2019;09:30;259;157;102
02/07/2019;09:45;166;96;70
02/07/2019;10:00;158;83;75
02/07/2019;10:15;141;77;64
02/07/2019;10:30;116;69;47
02/07/2019;10:45;139;80;59
02/07/2019;11:00;167;75;92
02/07/2019;11:15;185;94;91
02/07/2019;11:30;196;91;105
02/07/2019;11:45;153;73;80
02/07/2019;12:00;169;76;93
02/07/2019;12:15;188;80;108
02/07/2019;12:30;175;71;104
02/07/2019;12:45;212;70;142
02/07/2019;13:00;275;81;194
02/07/2019;13:15;199;76;123
02/07/2019;13:30;198;93;105
02/07/2019;13:45;223;123;100
02/07/2019;14:00;205;89;116
02/07/2019;14:15;189;101;88
02/07/2019;14:30;156;72;84
02/07/2019;14:45;205;102;103
02/07/2019;15:00;204;91;113
02/07/2019;15:15;221;108;113
02/07/2019;15:30;338;154;184
02/07/2019;15:45;281;130;151
02/07/2019;16:00;214;105;109
02/07/2019;16:15;288;143;145
02/07/2019;16:30;237;121;116
02/07/2019;16:45;289;151;138
02/07/2019;17:00;308;128;180
02/07/2019;17:15;386;186;200
02/07/2019;17:30;283;131;152
02/07/2019;17:45;330;146;184
02/07/2019;18:00;273;118;155
02/07/2019;18:15;263;130;133
02/07/2019;18:30;294;133;161
02/07/2019;18:45;297;133;164
02/07/2019;19:00;222;89;133
02/07/2019;19:15;286;142;144
02/07/2019;19:30;218;105;113
02/07/2019;19:45;220;104;116
02/07/2019;20:00;190;91;99
02/07/2019;20:15;183;95;88
02/07/2019;20:30;142;59;83
02/07/2019;20:45;159;75;84
02/07/2019;21:00;130;54;76
02/07/2019;21:15;122;50;72
02/07/2019;21:30;134;43;91
02/07/2019;21:45;112;50;62
02/07/2019;22:00;145;57;88
02/07/2019;22:15;106;30;76
02/07/2019;22:30;70;19;51
02/07/2019;22:45;74;34;40
02/07/2019;23:00;71;27;44
02/07/2019;23:15;56;15;41
02/07/2019;23:30;37;14;23
02/07/2019;23:45;36;17;19
03/07/2019;00:00;27;16;11
03/07/2019;00:15;22;9;13
03/07/2019;00:30;21;5;16
03/07/2019;00:45;22;14;8
03/07/2019;01:00;18;5;13
03/07/2019;01:15;14;3;11
03/07/2019;01:30;7;4;3
03/07/2019;01:45;6;2;4
03/07/2019;02:00;10;7;3
03/07/2019;02:15;7;4;3
03/07/2019;02:30;8;0;8
03/07/2019;02:45;9;2;7
03/07/2019;03:00;2;0;2
03/07/2019;03:15;0;0;0
03/07/2019;03:30;3;3;0
03/07/2019;03:45;1;1;0
03/07/2019;04:00;0;0;0
03/07/2019;04:15;4;3;1
03/07/2019;04:30;5;3;2
03/07/2019;04:45;9;5;4
03/07/2019;05:00;6;6;0
03/07/2019;05:15;8;2;6
03/07/2019;05:30;14;11;3
03/07/2019;05:45;38;28;10
03/07/2019;06:00;25;15;10
03/07/2019;06:15;41;23;18
03/07/2019;06:30;42;22;20
03/07/2019;06:45;99;58;41
03/07/2019;07:00;91;49;42
03/07/2019;07:15;249;181;68
03/07/2019;07:30;505;313;192
03/07/2019;07:45;405;259;146
03/07/2019;08:00;245;152;93
03/07/2019;08:15;244;126;118
03/07/2019;08:30;191;96;95
03/07/2019;08:45;253;148;105
03/07/2019;09:00;168;97;71
03/07/2019;09:15;188;107;81
03/07/2019;09:30;208;112;96
03/07/2019;09:45;185;98;87
03/07/2019;10:00;132;75;57
03/07/2019;10:15;133;81;52
03/07/2019;10:30;117;65;52
03/07/2019;10:45;160;102;58
03/07/2019;11:00;133;58;75
03/07/2019;11:15;191;72;119
03/07/2019;11:30;146;54;92
03/07/2019;11:45;148;62;86
03/07/2019;12:00;174;65;109
03/07/2019;12:15;198;88;110
03/07/2019;12:30;198;82;116
03/07/2019;12:45;208;81;127
03/07/2019;13:00;384;115;269
03/07/2019;13:15;210;92;118
03/07/2019;13:30;208;106;102
03/07/2019;13:45;244;127;117
03/07/2019;14:00;196;82;114
03/07/2019;14:15;174;82;92
03/07/2019;14:30;178;72;106
03/07/2019;14:45;214;84;130
03/07/2019;15:00;204;102;102
03/07/2019;15:15;206;106;100
03/07/2019;15:30;251;103;148
03/07/2019;15:45;286;134;152
03/07/2019;16:00;251;114;137
03/07/2019;16:15;287;166;121
03/07/2019;16:30;266;124;142
03/07/2019;16:45;302;147;155
03/07/2019;17:00;299;137;162
03/07/2019;17:15;366;152;214
03/07/2019;17:30;294;128;166
03/07/2019;17:45;313;134;179
03/07/2019;18:00;302;136;166
03/07/2019;18:15;308;134;174
03/07/2019;18:30;241;95;146
03/07/2019;18:45;326;167;159
03/07/2019;19:00;250;129;121
03/07/2019;19:15;229;117;112
03/07/2019;19:30;207;102;105
03/07/2019;19:45;201;88;113
03/07/2019;20:00;208;93;115
03/07/2019;20:15;188;97;91
03/07/2019;20:30;168;74;94
03/07/2019;20:45;128;63;65
03/07/2019;21:00;129;56;73
03/07/2019;21:15;144;46;98
03/07/2019;21:30;146;60;86
03/07/2019;21:45;157;82;75
03/07/2019;22:00;166;74;92
03/07/2019;22:15;127;59;68
03/07/2019;22:30;89;35;54
03/07/2019;22:45;94;34;60
03/07/2019;23:00;64;24;40
03/07/2019;23:15;67;26;41
03/07/2019;23:30;56;16;40
03/07/2019;23:45;58;24;34
04/07/2019;00:00;50;19;31
04/07/2019;00:15;38;14;24
04/07/2019;00:30;24;5;19
04/07/2019;00:45;19;8;11
04/07/2019;01:00;22;10;12
04/07/2019;01:15;21;2;19
04/07/2019;01:30;16;5;11
04/07/2019;01:45;34;14;20
04/07/2019;02:00;11;3;8
04/07/2019;02:15;8;8;0
04/07/2019;02:30;7;3;4
04/07/2019;02:45;2;2;0
04/07/2019;03:00;5;2;3
04/07/2019;03:15;0;0;0
04/07/2019;03:30;2;0;2
04/07/2019;03:45;6;5;1
04/07/2019;04:00;0;0;0
04/07/2019;04:15;5;2;3
04/07/2019;04:30;2;1;1
04/07/2019;04:45;5;3;2
04/07/2019;05:00;6;2;4
04/07/2019;05:15;11;6;5
04/07/2019;05:30;14;11;3
04/07/2019;05:45;29;21;8
04/07/2019;06:00;27;14;13
04/07/2019;06:15;42;31;11
04/07/2019;06:30;53;31;22
04/07/2019;06:45;81;46;35
04/07/2019;07:00;90;50;40
04/07/2019;07:15;197;129;68
04/07/2019;07:30;360;219;141
04/07/2019;07:45;399;254;145
04/07/2019;08:00;244;149;95
04/07/2019;08:15;212;132;80
04/07/2019;08:30;207;121;86
04/07/2019;08:45;240;150;90
04/07/2019;09:00;218;123;95
04/07/2019;09:15;223;142;81
04/07/2019;09:30;264;153;111
04/07/2019;09:45;215;122;93
04/07/2019;10:00;166;90;76
04/07/2019;10:15;191;104;87
04/07/2019;10:30;124;75;49
04/07/2019;10:45;161;100;61
04/07/2019;11:00;178;93;85
04/07/2019;11:15;195;105;90
04/07/2019;11:30;184;99;85
04/07/2019;11:45;175;78;97
04/07/2019;12:00;164;69;95
04/07/2019;12:15;203;86;117
04/07/2019;12:30;198;80;118
04/07/2019;12:45;227;95;132
04/07/2019;13:00;329;105;224
04/07/2019;13:15;223;86;137
04/07/2019;13:30;193;87;106
04/07/2019;13:45;292;171;121
04/07/2019;14:00;173;79;94
04/07/2019;14:15;208;116;92
04/07/2019;14:30;204;111;93
04/07/2019;14:45;171;66;105
04/07/2019;15:00;185;64;121
04/07/2019;15:15;248;115;133
04/07/2019;15:30;353;180;173
04/07/2019;15:45;251;137;114
04/07/2019;16:00;219;100;119
04/07/2019;16:15;286;156;130
04/07/2019;16:30;283;133;150
04/07/2019;16:45;304;152;152
04/07/2019;17:00;313;138;175
04/07/2019;17:15;324;151;173
04/07/2019;17:30;304;146;158
04/07/2019;17:45;306;138;168
04/07/2019;18:00;310;140;170
04/07/2019;18:15;312;145;167
04/07/2019;18:30;261;131;130
04/07/2019;18:45;296;143;153
04/07/2019;19:00;233;99;134
04/07/2019;19:15;257;117;140
04/07/2019;19:30;181;94;87
04/07/2019;19:45;214;97;117
04/07/2019;20:00;200;85;115
04/07/2019;20:15;174;73;101
04/07/2019;20:30;150;68;82
04/07/2019;20:45;157;64;93
04/07/2019;21:00;146;71;75
04/07/2019;21:15;133;63;70
04/07/2019;21:30;154;52;102
04/07/2019;21:45;147;53;94
04/07/2019;22:00;128;62;66
04/07/2019;22:15;144;67;77
04/07/2019;22:30;107;43;64
04/07/2019;22:45;94;29;65
04/07/2019;23:00;75;40;35
04/07/2019;23:15;73;25;48
04/07/2019;23:30;49;27;22
04/07/2019;23:45;47;12;35
05/07/2019;00:00;50;13;37
05/07/2019;00:15;43;11;32
05/07/2019;00:30;26;11;15
05/07/2019;00:45;37;14;23
05/07/2019;01:00;18;7;11
05/07/2019;01:15;23;13;10
05/07/2019;01:30;13;0;13
05/07/2019;01:45;7;2;5
05/07/2019;02:00;5;2;3
05/07/2019;02:15;6;2;4
05/07/2019;02:30;7;5;2
05/07/2019;02:45;5;2;3
05/07/2019;03:00;4;0;4
05/07/2019;03:15;3;0;3
05/07/2019;03:30;1;1;0
05/07/2019;03:45;1;1;0
05/07/2019;04:00;6;4;2
05/07/2019;04:15;3;0;3
05/07/2019;04:30;3;3;0
05/07/2019;04:45;7;4;3
05/07/2019;05:00;5;2;3
05/07/2019;05:15;7;2;5
05/07/2019;05:30;19;13;6
05/07/2019;05:45;35;26;9
05/07/2019;06:00;31;21;10
05/07/2019;06:15;39;26;13
05/07/2019;06:30;39;23;16
05/07/2019;06:45;68;39;29
05/07/2019;07:00;96;60;36
05/07/2019;07:15;231;158;73
05/07/2019;07:30;403;275;128
05/07/2019;07:45;326;191;135
05/07/2019;08:00;221;124;97
05/07/2019;08:15;257;154;103
05/07/2019;08:30;204;129;75
05/07/2019;08:45;259;141;118
05/07/2019;09:00;195;122;73
05/07/2019;09:15;265;160;105
05/07/2019;09:30;228;142;86
05/07/2019;09:45;196;126;70
05/07/2019;10:00;167;98;69
05/07/2019;10:15;165;88;77
05/07/2019;10:30;158;95;63
05/07/2019;10:45;180;104;76
05/07/2019;11:00;168;73;95
05/07/2019;11:15;192;107;85
05/07/2019;11:30;229;118;111
05/07/2019;11:45;184;86;98
05/07/2019;12:00;191;75;116
05/07/2019;12:15;274;143;131
05/07/2019;12:30;233;102;131
05/07/2019;12:45;284;144;140
05/07/2019;13:00;470;128;342
05/07/2019;13:15;282;108;174
05/07/2019;13:30;219;82;137
05/07/2019;13:45;215;96;119
05/07/2019;14:00;234;91;143
05/07/2019;14:15;217;97;120
05/07/2019;14:30;211;97;114
05/07/2019;14:45;219;106;113
05/07/2019;15:00;214;109;105
05/07/2019;15:15;235;111;124
05/07/2019;15:30;214;100;114
05/07/2019;15:45;248;121;127
05/07/2019;16:00;227;109;118
05/07/2019;16:15;174;86;88
05/07/2019;16:30;205;111;94
05/07/2019;16:45;242;119;123
05/07/2019;17:00;263;141;122
05/07/2019;17:15;288;127;161
05/07/2019;17:30;248;130;118
05/07/2019;17:45;211;101;110
05/07/2019;18:00;278;152;126
05/07/2019;18:15;289;129;160
05/07/2019;18:30;246;130;116
05/07/2019;18:45;339;176;163
05/07/2019;19:00;255;155;100
05/07/2019;19:15;245;117;128
05/07/2019;19:30;205;119;86
05/07/2019;19:45;238;146;92
05/07/2019;20:00;222;119;103
05/07/2019;20:15;207;121;86
05/07/2019;20:30;206;141;65
05/07/2019;20:45;163;102;61
05/07/2019;21:00;162;85;77
05/07/2019;21:15;135;79;56
05/07/2019;21:30;146;60;86
05/07/2019;21:45;139;67;72
05/07/2019;22:00;173;81;92
05/07/2019;22:15;149;58;91
05/07/2019;22:30;150;51;99
05/07/2019;22:45;131;40;91
05/07/2019;23:00;114;34;80
05/07/2019;23:15;109;22;87
05/07/2019;23:30;102;26;76
05/07/2019;23:45;105;14;91
06/07/2019;00:00;116;24;92
06/07/2019;00:15;108;25;83
06/07/2019;00:30;61;15;46
06/07/2019;00:45;65;13;52
06/07/2019;01:00;46;15;31
06/07/2019;01:15;40;9;31
06/07/2019;01:30;40;5;35
06/07/2019;01:45;32;5;27
06/07/2019;02:00;46;8;38
06/07/2019;02:15;32;7;25
06/07/2019;02:30;30;2;28
06/07/2019;02:45;15;2;13
06/07/2019;03:00;34;11;23
06/07/2019;03:15;9;2;7
06/07/2019;03:30;13;5;8
06/07/2019;03:45;4;1;3
06/07/2019;04:00;4;0;4
06/07/2019;04:15;10;3;7
06/07/2019;04:30;7;1;6
06/07/2019;04:45;13;9;4
06/07/2019;05:00;4;3;1
06/07/2019;05:15;6;1;5
06/07/2019;05:30;14;9;5
06/07/2019;05:45;12;7;5
06/07/2019;06:00;10;4;6
06/07/2019;06:15;10;7;3
06/07/2019;06:30;18;7;11
06/07/2019;06:45;16;12;4
06/07/2019;07:00;15;6;9
06/07/2019;07:15;31;19;12
06/07/2019;07:30;44;28;16
06/07/2019;07:45;56;17;39
06/07/2019;08:00;71;40;31
06/07/2019;08:15;90;53;37
06/07/2019;08:30;84;54;30
06/07/2019;08:45;113;74;39
06/07/2019;09:00;106;79;27
06/07/2019;09:15;149;96;53
06/07/2019;09:30;160;107;53
06/07/2019;09:45;180;124;56
06/07/2019;10:00;158;102;56
06/07/2019;10:15;155;82;73
06/07/2019;10:30;182;91;91
06/07/2019;10:45;206;121;85
06/07/2019;11:00;228;126;102
06/07/2019;11:15;173;103;70
06/07/2019;11:30;245;134;111
06/07/2019;11:45;223;110;113
06/07/2019;12:00;173;90;83
06/07/2019;12:15;196;111;85
06/07/2019;12:30;170;89;81
06/07/2019;12:45;182;109;73
06/07/2019;13:00;184;98;86
06/07/2019;13:15;165;71;94
06/07/2019;13:30;191;83;108
06/07/2019;13:45;177;70;107
06/07/2019;14:00;178;88;90
06/07/2019;14:15;179;85;94
06/07/2019;14:30;188;97;91
06/07/2019;14:45;172;85;87
06/07/2019;15:00;212;108;104
06/07/2019;15:15;163;80;83
06/07/2019;15:30;202;86;116
06/07/2019;15:45;234;113;121
06/07/2019;16:00;245;96;149
06/07/2019;16:15;192;72;120
06/07/2019;16:30;122;47;75
06/07/2019;16:45;151;73;78
06/07/2019;17:00;124;49;75
06/07/2019;17:15;120;66;54
06/07/2019;17:30;117;59;58
06/07/2019;17:45;144;79;65
06/07/2019;18:00;160;75;85
06/07/2019;18:15;136;51;85
06/07/2019;18:30;145;67;78
06/07/2019;18:45;152;75;77
06/07/2019;19:00;145;63;82
06/07/2019;19:15;149;65;84
06/07/2019;19:30;140;61;79
06/07/2019;19:45;102;36;66
06/07/2019;20:00;125;55;70
06/07/2019;20:15;136;62;74
06/07/2019;20:30;105;59;46
06/07/2019;20:45;101;43;58
06/07/2019;21:00;120;54;66
06/07/2019;21:15;104;44;60
06/07/2019;21:30;116;70;46
06/07/2019;21:45;91;39;52
06/07/2019;22:00;88;47;41
06/07/2019;22:15;72;22;50
06/07/2019;22:30;58;25;33
06/07/2019;22:45;82;28;54
06/07/2019;23:00;69;38;31
06/07/2019;23:15;72;37;35
06/07/2019;23:30;55;24;31
06/07/2019;23:45;67;25;42
07/07/2019;00:00;64;17;47
07/07/2019;00:15;60;28;32
07/07/2019;00:30;51;6;45
07/07/2019;00:45;36;6;30
07/07/2019;01:00;28;17;11
07/07/2019;01:15;47;14;33
07/07/2019;01:30;40;12;28
07/07/2019;01:45;34;17;17
07/07/2019;02:00;17;6;11
07/07/2019;02:15;17;8;9
07/07/2019;02:30;12;3;9
07/07/2019;02:45;17;10;7
07/07/2019;03:00;12;3;9
07/07/2019;03:15;12;4;8
07/07/2019;03:30;7;6;1
07/07/2019;03:45;7;5;2
07/07/2019;04:00;7;5;2
07/07/2019;04:15;5;3;2
07/07/2019;04:30;10;3;7
07/07/2019;04:45;5;1;4
07/07/2019;05:00;5;3;2
07/07/2019;05:15;2;2;0
07/07/2019;05:30;10;2;8
07/07/2019;05:45;8;4;4
07/07/2019;06:00;3;3;0
07/07/2019;06:15;4;2;2
07/07/2019;06:30;8;4;4
07/07/2019;06:45;7;6;1
07/07/2019;07:00;5;1;4
07/07/2019;07:15;2;2;0
07/07/2019;07:30;7;1;6
07/07/2019;07:45;9;5;4
07/07/2019;08:00;10;2;8
07/07/2019;08:15;12;7;5
07/07/2019;08:30;14;7;7
07/07/2019;08:45;22;12;10
07/07/2019;09:00;45;26;19
07/07/2019;09:15;42;22;20
07/07/2019;09:30;46;26;20
07/07/2019;09:45;73;44;29
07/07/2019;10:00;48;35;13
07/07/2019;10:15;87;38;49
07/07/2019;10:30;82;49;33
07/07/2019;10:45;76;34;42
07/07/2019;11:00;84;54;30
07/07/2019;11:15;112;74;38
07/07/2019;11:30;86;48;38
07/07/2019;11:45;97;53;44
07/07/2019;12:00;60;27;33
07/07/2019;12:15;95;57;38
07/07/2019;12:30;101;44;57
07/07/2019;12:45;122;61;61
07/07/2019;13:00;113;70;43
07/07/2019;13:15;94;45;49
07/07/2019;13:30;107;51;56
07/07/2019;13:45;148;66;82
07/07/2019;14:00;108;47;61
07/07/2019;14:15;141;61;80
07/07/2019;14:30;167;76;91
07/07/2019;14:45;129;56;73
07/07/2019;15:00;87;38;49
07/07/2019;15:15;72;44;28
07/07/2019;15:30;35;23;12
07/07/2019;15:45;59;35;24
07/07/2019;16:00;95;34;61
07/07/2019;16:15;90;44;46
07/07/2019;16:30;125;61;64
07/07/2019;16:45;135;68;67
07/07/2019;17:00;101;41;60
07/07/2019;17:15;82;53;29
07/07/2019;17:30;78;44;34
07/07/2019;17:45;80;36;44
07/07/2019;18:00;80;34;46
07/07/2019;18:15;131;81;50
07/07/2019;18:30;64;23;41
07/07/2019;18:45;129;70;59
07/07/2019;19:00;79;28;51
07/07/2019;19:15;85;55;30
07/07/2019;19:30;106;57;49
07/07/2019;19:45;92;51;41
07/07/2019;20:00;104;51;53
07/07/2019;20:15;100;47;53
07/07/2019;20:30;88;37;51
07/07/2019;20:45;69;35;34
07/07/2019;21:00;61;31;30
07/07/2019;21:15;63;32;31
07/07/2019;21:30;43;19;24
07/07/2019;21:45;77;36;41
07/07/2019;22:00;51;14;37
07/07/2019;22:15;39;20;19
07/07/2019;22:30;35;16;19
07/07/2019;22:45;37;13;24
07/07/2019;23:00;35;11;24
07/07/2019;23:15;26;11;15
07/07/2019;23:30;25;12;13
07/07/2019;23:45;20;6;14
08/07/2019;00:00;15;5;10
08/07/2019;00:15;13;3;10
08/07/2019;00:30;16;1;15
08/07/2019;00:45;11;2;9
08/07/2019;01:00;10;2;8
08/07/2019;01:15;8;4;4
08/07/2019;01:30;1;0;1
08/07/2019;01:45;7;2;5
08/07/2019;02:00;2;2;0
08/07/2019;02:15;1;1;0
08/07/2019;02:30;0;0;0
08/07/2019;02:45;2;0;2
08/07/2019;03:00;2;1;1
08/07/2019;03:15;1;1;0
08/07/2019;03:30;2;1;1
08/07/2019;03:45;0;0;0
08/07/2019;04:00;0;0;0
08/07/2019;04:15;0;0;0
08/07/2019;04:30;5;3;2
08/07/2019;04:45;1;1;0
08/07/2019;05:00;1;1;0
08/07/2019;05:15;5;4;1
08/07/2019;05:30;10;7;3
08/07/2019;05:45;24;19;5
08/07/2019;06:00;29;13;16
08/07/2019;06:15;47;34;13
08/07/2019;06:30;42;26;16
08/07/2019;06:45;74;50;24
08/07/2019;07:00;96;59;37
08/07/2019;07:15;238;166;72
08/07/2019;07:30;472;329;143
08/07/2019;07:45;254;125;129
08/07/2019;08:00;231;143;88
08/07/2019;08:15;243;140;103
08/07/2019;08:30;222;135;87
08/07/2019;08:45;258;165;93
08/07/2019;09:00;217;128;89
08/07/2019;09:15;215;121;94
08/07/2019;09:30;264;152;112
08/07/2019;09:45;224;118;106
08/07/2019;10:00;179;112;67
08/07/2019;10:15;184;101;83
08/07/2019;10:30;166;95;71
08/07/2019;10:45;221;114;107
08/07/2019;11:00;204;108;96
08/07/2019;11:15;187;87;100
08/07/2019;11:30;166;88;78
08/07/2019;11:45;204;91;113
08/07/2019;12:00;220;102;118
08/07/2019;12:15;255;114;141
08/07/2019;12:30;241;105;136
08/07/2019;12:45;239;114;125
08/07/2019;13:00;429;119;310
08/07/2019;13:15;263;122;141
08/07/2019;13:30;237;109;128
08/07/2019;13:45;303;168;135
08/07/2019;14:00;253;113;140
08/07/2019;14:15;209;110;99
08/07/2019;14:30;236;130;106
08/07/2019;14:45;264;149;115
08/07/2019;15:00;239;111;128
08/07/2019;15:15;236;116;120
08/07/2019;15:30;432;206;226
08/07/2019;15:45;302;166;136
08/07/2019;16:00;295;131;164
08/07/2019;16:15;316;148;168
08/07/2019;16:30;303;125;178
08/07/2019;16:45;380;170;210
08/07/2019;17:00;370;153;217
08/07/2019;17:15;371;152;219
08/07/2019;17:30;290;116;174
08/07/2019;17:45;344;134;210
08/07/2019;18:00;339;140;199
08/07/2019;18:15;331;146;185
08/07/2019;18:30;290;118;172
08/07/2019;18:45;304;132;172
08/07/2019;19:00;215;99;116
08/07/2019;19:15;243;114;129
08/07/2019;19:30;230;101;129
08/07/2019;19:45;208;89;119
08/07/2019;20:00;195;93;102
08/07/2019;20:15;175;77;98
08/07/2019;20:30;140;57;83
08/07/2019;20:45;132;75;57
08/07/2019;21:00;122;53;69
08/07/2019;21:15;107;44;63
08/07/2019;21:30;124;47;77
08/07/2019;21:45;102;48;54
08/07/2019;22:00;107;45;62
08/07/2019;22:15;88;28;60
08/07/2019;22:30;97;35;62
08/07/2019;22:45;68;12;56
08/07/2019;23:00;42;19;23
08/07/2019;23:15;54;28;26
08/07/2019;23:30;41;18;23
08/07/2019;23:45;38;13;25
09/07/2019;00:00;27;9;18
09/07/2019;00:15;20;10;10
09/07/2019;00:30;18;9;9
09/07/2019;00:45;10;5;5
09/07/2019;01:00;14;5;9
09/07/2019;01:15;9;7;2
09/07/2019;01:30;8;3;5
09/07/2019;01:45;8;5;3
09/07/2019;02:00;3;2;1
09/07/2019;02:15;3;0;3
09/07/2019;02:30;2;1;1
09/07/2019;02:45;7;4;3
09/07/2019;03:00;2;1;1
09/07/2019;03:15;0;0;0
09/07/2019;03:30;4;2;2
09/07/2019;03:45;2;1;1
09/07/2019;04:00;4;3;1
09/07/2019;04:15;4;2;2
09/07/2019;04:30;7;3;4
09/07/2019;04:45;4;3;1
09/07/2019;05:00;2;1;1
09/07/2019;05:15;12;2;10
09/07/2019;05:30;16;11;5
09/07/2019;05:45;50;44;6
09/07/2019;06:00;34;18;16
09/07/2019;06:15;46;36;10
09/07/2019;06:30;72;43;29
09/07/2019;06:45;97;58;39
09/07/2019;07:00;131;85;46
09/07/2019;07:15;303;219;84
09/07/2019;07:30;548;377;171
09/07/2019;07:45;352;194;158
09/07/2019;08:00;303;181;122
09/07/2019;08:15;322;188;134
09/07/2019;08:30;308;189;119
09/07/2019;08:45;294;191;103
09/07/2019;09:00;320;177;143
09/07/2019;09:15;293;179;114
09/07/2019;09:30;54;35;19
09/07/2019;09:45;0;0;0
09/07/2019;10:00;0;0;0
09/07/2019;10:15;1;0;1
09/07/2019;10:30;0;0;0
09/07/2019;10:45;0;0;0
09/07/2019;11:00;0;0;0
09/07/2019;11:15;0;0;0
09/07/2019;11:30;0;0;0
09/07/2019;11:45;0;0;0
09/07/2019;12:00;0;0;0
09/07/2019;12:15;0;0;0
09/07/2019;12:30;0;0;0
09/07/2019;12:45;0;0;0
09/07/2019;13:00;0;0;0
09/07/2019;13:15;0;0;0
09/07/2019;13:30;0;0;0
09/07/2019;13:45;0;0;0
09/07/2019;14:00;0;0;0
09/07/2019;14:15;0;0;0
09/07/2019;14:30;60;23;37
09/07/2019;14:45;304;162;142
09/07/2019;15:00;288;135;153
09/07/2019;15:15;332;159;173
09/07/2019;15:30;451;190;261
09/07/2019;15:45;372;185;187
09/07/2019;16:00;369;167;202
09/07/2019;16:15;385;180;205
09/07/2019;16:30;375;175;200
09/07/2019;16:45;404;184;220
09/07/2019;17:00;392;170;222
09/07/2019;17:15;469;232;237
09/07/2019;17:30;421;192;229
09/07/2019;17:45;503;221;282
09/07/2019;18:00;365;147;218
09/07/2019;18:15;391;175;216
09/07/2019;18:30;358;171;187
09/07/2019;18:45;380;176;204
09/07/2019;19:00;304;134;170
09/07/2019;19:15;328;181;147
09/07/2019;19:30;263;127;136
09/07/2019;19:45;280;129;151
09/07/2019;20:00;216;86;130
09/07/2019;20:15;272;129;143
09/07/2019;20:30;178;79;99
09/07/2019;20:45;139;73;66
09/07/2019;21:00;165;78;87
09/07/2019;21:15;144;64;80
09/07/2019;21:30;142;51;91
09/07/2019;21:45;159;53;106
09/07/2019;22:00;168;65;103
09/07/2019;22:15;136;54;82
09/07/2019;22:30;101;33;68
09/07/2019;22:45;109;31;78
09/07/2019;23:00;64;31;33
09/07/2019;23:15;50;17;33
09/07/2019;23:30;42;8;34
09/07/2019;23:45;55;20;35
10/07/2019;00:00;51;22;29
10/07/2019;00:15;28;6;22
10/07/2019;00:30;14;6;8
10/07/2019;00:45;14;10;4
10/07/2019;01:00;18;5;13
10/07/2019;01:15;13;5;8
10/07/2019;01:30;17;7;10
10/07/2019;01:45;15;4;11
10/07/2019;02:00;8;4;4
10/07/2019;02:15;2;1;1
10/07/2019;02:30;3;0;3
10/07/2019;02:45;1;0;1
10/07/2019;03:00;2;0;2
10/07/2019;03:15;2;1;1
10/07/2019;03:30;0;0;0
10/07/2019;03:45;1;1;0
10/07/2019;04:00;1;1;0
10/07/2019;04:15;3;3;0
10/07/2019;04:30;0;0;0
10/07/2019;04:45;9;6;3
10/07/2019;05:00;3;2;1
10/07/2019;05:15;11;6;5
10/07/2019;05:30;22;15;7
10/07/2019;05:45;46;36;10
10/07/2019;06:00;37;23;14
10/07/2019;06:15;57;36;21
10/07/2019;06:30;78;45;33
10/07/2019;06:45;125;85;40
10/07/2019;07:00;142;87;55
10/07/2019;07:15;340;237;103
10/07/2019;07:30;634;421;213
10/07/2019;07:45;390;215;175
10/07/2019;08:00;287;167;120
10/07/2019;08:15;328;196;132
10/07/2019;08:30;336;196;140
10/07/2019;08:45;318;217;101
10/07/2019;09:00;283;172;111
10/07/2019;09:15;269;169;100
10/07/2019;09:30;315;193;122
10/07/2019;09:45;290;149;141
10/07/2019;10:00;273;171;102
10/07/2019;10:15;217;110;107
10/07/2019;10:30;241;116;125
10/07/2019;10:45;242;139;103
10/07/2019;11:00;275;130;145
10/07/2019;11:15;294;137;157
10/07/2019;11:30;253;140;113
10/07/2019;11:45;240;127;113
10/07/2019;12:00;315;141;174
10/07/2019;12:15;338;132;206
10/07/2019;12:30;313;150;163
10/07/2019;12:45;290;128;162
10/07/2019;13:00;564;215;349
10/07/2019;13:15;325;176;149
10/07/2019;13:30;308;161;147
10/07/2019;13:45;356;190;166
10/07/2019;14:00;328;164;164
10/07/2019;14:15;305;146;159
10/07/2019;14:30;303;127;176
10/07/2019;14:45;299;141;158
10/07/2019;15:00;290;128;162
10/07/2019;15:15;318;157;161
10/07/2019;15:30;369;167;202
10/07/2019;15:45;391;171;220
10/07/2019;16:00;375;180;195
10/07/2019;16:15;355;157;198
10/07/2019;16:30;382;176;206
10/07/2019;16:45;428;209;219
10/07/2019;17:00;422;202;220
10/07/2019;17:15;459;221;238
10/07/2019;17:30;421;183;238
10/07/2019;17:45;463;218;245
10/07/2019;18:00;436;191;245
10/07/2019;18:15;397;189;208
10/07/2019;18:30;343;170;173
10/07/2019;18:45;374;197;177
10/07/2019;19:00;353;159;194
10/07/2019;19:15;299;143;156
10/07/2019;19:30;281;147;134
10/07/2019;19:45;287;140;147
10/07/2019;20:00;218;97;121
10/07/2019;20:15;198;91;107
10/07/2019;20:30;211;122;89
10/07/2019;20:45;165;76;89
10/07/2019;21:00;177;75;102
10/07/2019;21:15;170;84;86
10/07/2019;21:30;170;64;106
10/07/2019;21:45;179;91;88
10/07/2019;22:00;180;57;123
10/07/2019;22:15;164;79;85
10/07/2019;22:30;116;39;77
10/07/2019;22:45;119;33;86
10/07/2019;23:00;100;41;59
10/07/2019;23:15;84;20;64
10/07/2019;23:30;62;27;35
10/07/2019;23:45;51;11;40
11/07/2019;00:00;47;16;31
11/07/2019;00:15;35;9;26
11/07/2019;00:30;24;5;19
11/07/2019;00:45;23;9;14
11/07/2019;01:00;23;11;12
11/07/2019;01:15;15;5;10
11/07/2019;01:30;13;6;7
11/07/2019;01:45;5;2;3
11/07/2019;02:00;7;6;1
11/07/2019;02:15;12;1;11
11/07/2019;02:30;4;2;2
11/07/2019;02:45;12;5;7
11/07/2019;03:00;5;0;5
11/07/2019;03:15;2;0;2
11/07/2019;03:30;5;3;2
11/07/2019;03:45;4;2;2
11/07/2019;04:00;4;4;0
11/07/2019;04:15;5;4;1
11/07/2019;04:30;4;1;3
11/07/2019;04:45;3;0;3
11/07/2019;05:00;0;0;0
11/07/2019;05:15;12;6;6
11/07/2019;05:30;20;15;5
11/07/2019;05:45;51;42;9
11/07/2019;06:00;36;20;16
11/07/2019;06:15;36;27;9
11/07/2019;06:30;74;51;23
11/07/2019;06:45;110;67;43
11/07/2019;07:00;132;72;60
11/07/2019;07:15;305;218;87
11/07/2019;07:30;501;321;180
11/07/2019;07:45;393;221;172
11/07/2019;08:00;310;177;133
11/07/2019;08:15;330;189;141
11/07/2019;08:30;301;167;134
11/07/2019;08:45;322;177;145
11/07/2019;09:00;241;160;81
11/07/2019;09:15;287;191;96
11/07/2019;09:30;291;168;123
11/07/2019;09:45;245;146;99
11/07/2019;10:00;167;87;80
11/07/2019;10:15;226;142;84
11/07/2019;10:30;194;116;78
11/07/2019;10:45;214;129;85
11/07/2019;11:00;221;93;128
11/07/2019;11:15;256;129;127
11/07/2019;11:30;222;115;107
11/07/2019;11:45;261;135;126
11/07/2019;12:00;254;108;146
11/07/2019;12:15;314;129;185
11/07/2019;12:30;272;138;134
11/07/2019;12:45;264;120;144
11/07/2019;13:00;384;133;251
11/07/2019;13:15;281;132;149
11/07/2019;13:30;241;128;113
11/07/2019;13:45;296;158;138
11/07/2019;14:00;255;134;121
11/07/2019;14:15;282;143;139
11/07/2019;14:30;248;107;141
11/07/2019;14:45;238;121;117
11/07/2019;15:00;276;118;158
11/07/2019;15:15;266;132;134
11/07/2019;15:30;337;138;199
11/07/2019;15:45;305;144;161
11/07/2019;16:00;255;126;129
11/07/2019;16:15;281;152;129
11/07/2019;16:30;253;120;133
11/07/2019;16:45;286;132;154
11/07/2019;17:00;349;132;217
11/07/2019;17:15;352;165;187
11/07/2019;17:30;296;140;156
11/07/2019;17:45;342;169;173
11/07/2019;18:00;328;129;199
11/07/2019;18:15;328;137;191
11/07/2019;18:30;301;158;143
11/07/2019;18:45;335;174;161
11/07/2019;19:00;238;116;122
11/07/2019;19:15;252;144;108
11/07/2019;19:30;227;101;126
11/07/2019;19:45;215;103;112
11/07/2019;20:00;194;81;113
11/07/2019;20:15;162;88;74
11/07/2019;20:30;149;65;84
11/07/2019;20:45;160;79;81
11/07/2019;21:00;139;60;79
11/07/2019;21:15;113;46;67
11/07/2019;21:30;121;53;68
11/07/2019;21:45;119;45;74
11/07/2019;22:00;145;44;101
11/07/2019;22:15;154;64;90
11/07/2019;22:30;130;54;76
11/07/2019;22:45;85;32;53
11/07/2019;23:00;66;22;44
11/07/2019;23:15;83;29;54
11/07/2019;23:30;61;18;43
11/07/2019;23:45;47;17;30
12/07/2019;00:00;62;21;41
12/07/2019;00:15;31;10;21
12/07/2019;00:30;36;4;32
12/07/2019;00:45;31;12;19
12/07/2019;01:00;30;9;21
12/07/2019;01:15;10;2;8
12/07/2019;01:30;11;5;6
12/07/2019;01:45;8;5;3
12/07/2019;02:00;11;4;7
12/07/2019;02:15;14;8;6
12/07/2019;02:30;3;2;1
12/07/2019;02:45;1;1;0
12/07/2019;03:00;2;1;1
12/07/2019;03:15;2;2;0
12/07/2019;03:30;4;3;1
12/07/2019;03:45;3;2;1
12/07/2019;04:00;1;1;0
12/07/2019;04:15;3;2;1
12/07/2019;04:30;4;4;0
12/07/2019;04:45;5;3;2
12/07/2019;05:00;8;5;3
12/07/2019;05:15;8;4;4
12/07/2019;05:30;14;9;5
12/07/2019;05:45;33;25;8
12/07/2019;06:00;33;20;13
12/07/2019;06:15;38;24;14
12/07/2019;06:30;58;40;18
12/07/2019;06:45;110;75;35
12/07/2019;07:00;68;41;27
12/07/2019;07:15;138;91;47
12/07/2019;07:30;252;157;95
12/07/2019;07:45;227;134;93
12/07/2019;08:00;161;97;64
12/07/2019;08:15;169;104;65
12/07/2019;08:30;168;108;60
12/07/2019;08:45;168;90;78
12/07/2019;09:00;147;83;64
12/07/2019;09:15;143;104;39
12/07/2019;09:30;125;70;55
12/07/2019;09:45;120;73;47
12/07/2019;10:00;108;69;39
12/07/2019;10:15;91;48;43
12/07/2019;10:30;84;46;38
12/07/2019;10:45;75;39;36
12/07/2019;11:00;71;35;36
12/07/2019;11:15;75;34;41
12/07/2019;11:30;117;70;47
12/07/2019;11:45;111;53;58
12/07/2019;12:00;136;63;73
12/07/2019;12:15;181;81;100
12/07/2019;12:30;205;120;85
12/07/2019;12:45;209;100;109
12/07/2019;13:00;287;109;178
12/07/2019;13:15;190;96;94
12/07/2019;13:30;175;67;108
12/07/2019;13:45;227;119;108
12/07/2019;14:00;181;91;90
12/07/2019;14:15;197;106;91
12/07/2019;14:30;249;129;120
12/07/2019;14:45;253;141;112
12/07/2019;15:00;241;125;116
12/07/2019;15:15;250;143;107
12/07/2019;15:30;210;99;111
12/07/2019;15:45;261;118;143
12/07/2019;16:00;203;115;88
12/07/2019;16:15;223;108;115
12/07/2019;16:30;209;101;108
12/07/2019;16:45;204;82;122
12/07/2019;17:00;238;90;148
12/07/2019;17:15;196;91;105
12/07/2019;17:30;192;92;100
12/07/2019;17:45;188;78;110
12/07/2019;18:00;219;96;123
12/07/2019;18:15;214;112;102
12/07/2019;18:30;226;122;104
12/07/2019;18:45;250;122;128
12/07/2019;19:00;162;74;88
12/07/2019;19:15;152;76;76
12/07/2019;19:30;154;69;85
12/07/2019;19:45;113;56;57
12/07/2019;20:00;109;47;62
12/07/2019;20:15;142;72;70
12/07/2019;20:30;72;37;35
12/07/2019;20:45;111;42;69
12/07/2019;21:00;86;41;45
12/07/2019;21:15;74;32;42
12/07/2019;21:30;88;27;61
12/07/2019;21:45;86;35;51
12/07/2019;22:00;67;31;36
12/07/2019;22:15;69;35;34
12/07/2019;22:30;79;28;51
12/07/2019;22:45;63;29;34
12/07/2019;23:00;54;22;32
12/07/2019;23:15;41;12;29
12/07/2019;23:30;55;17;38
12/07/2019;23:45;50;13;37
13/07/2019;00:00;56;16;40
13/07/2019;00:15;42;13;29
13/07/2019;00:30;45;11;34
13/07/2019;00:45;25;5;20
13/07/2019;01:00;38;20;18
13/07/2019;01:15;35;9;26
13/07/2019;01:30;23;11;12
13/07/2019;01:45;28;10;18
13/07/2019;02:00;17;6;11
13/07/2019;02:15;12;3;9
13/07/2019;02:30;9;4;5
13/07/2019;02:45;16;7;9
13/07/2019;03:00;11;3;8
13/07/2019;03:15;10;4;6
13/07/2019;03:30;18;3;15
13/07/2019;03:45;6;5;1
13/07/2019;04:00;7;4;3
13/07/2019;04:15;15;9;6
13/07/2019;04:30;2;2;0
13/07/2019;04:45;5;2;3
13/07/2019;05:00;3;2;1
13/07/2019;05:15;8;3;5
13/07/2019;05:30;4;3;1
13/07/2019;05:45;18;12;6
13/07/2019;06:00;12;11;1
13/07/2019;06:15;19;15;4
13/07/2019;06:30;23;19;4
13/07/2019;06:45;25;12;13
13/07/2019;07:00;18;8;10
13/07/2019;07:15;37;28;9
13/07/2019;07:30;41;29;12
13/07/2019;07:45;60;36;24
13/07/2019;08:00;45;26;19
13/07/2019;08:15;82;44;38
13/07/2019;08:30;109;68;41
13/07/2019;08:45;158;120;38
13/07/2019;09:00;142;83;59
13/07/2019;09:15;141;78;63
13/07/2019;09:30;160;108;52
13/07/2019;09:45;237;142;95
13/07/2019;10:00;206;128;78
13/07/2019;10:15;212;139;73
13/07/2019;10:30;224;151;73
13/07/2019;10:45;269;168;101
13/07/2019;11:00;239;152;87
13/07/2019;11:15;252;120;132
13/07/2019;11:30;244;116;128
13/07/2019;11:45;286;183;103
13/07/2019;12:00;204;115;89
13/07/2019;12:15;221;124;97
13/07/2019;12:30;287;142;145
13/07/2019;12:45;259;158;101
13/07/2019;13:00;206;107;99
13/07/2019;13:15;254;152;102
13/07/2019;13:30;228;101;127
13/07/2019;13:45;254;145;109
13/07/2019;14:00;262;128;134
13/07/2019;14:15;230;104;126
13/07/2019;14:30;252;124;128
13/07/2019;14:45;266;129;137
13/07/2019;15:00;221;106;115
13/07/2019;15:15;226;114;112
13/07/2019;15:30;252;110;142
13/07/2019;15:45;302;136;166
13/07/2019;16:00;268;136;132
13/07/2019;16:15;264;124;140
13/07/2019;16:30;234;97;137
13/07/2019;16:45;243;103;140
13/07/2019;17:00;230;86;144
13/07/2019;17:15;227;75;152
13/07/2019;17:30;253;117;136
13/07/2019;17:45;267;130;137
13/07/2019;18:00;270;126;144
13/07/2019;18:15;238;105;133
13/07/2019;18:30;240;130;110
13/07/2019;18:45;265;144;121
13/07/2019;19:00;245;118;127
13/07/2019;19:15;212;105;107
13/07/2019;19:30;235;121;114
13/07/2019;19:45;180;96;84
13/07/2019;20:00;186;83;103
13/07/2019;20:15;134;59;75
13/07/2019;20:30;128;64;64
13/07/2019;20:45;172;83;89
13/07/2019;21:00;148;72;76
13/07/2019;21:15;125;66;59
13/07/2019;21:30;111;51;60
13/07/2019;21:45;97;39;58
13/07/2019;22:00;103;43;60
13/07/2019;22:15;94;43;51
13/07/2019;22:30;98;31;67
13/07/2019;22:45;97;27;70
13/07/2019;23:00;90;33;57
13/07/2019;23:15;95;38;57
13/07/2019;23:30;79;28;51
13/07/2019;23:45;67;18;49
14/07/2019;00:00;81;24;57
14/07/2019;00:15;63;14;49
14/07/2019;00:30;57;29;28
14/07/2019;00:45;43;21;22
14/07/2019;01:00;45;15;30
14/07/2019;01:15;34;12;22
14/07/2019;01:30;36;21;15
14/07/2019;01:45;59;24;35
14/07/2019;02:00;35;13;22
14/07/2019;02:15;14;4;10
14/07/2019;02:30;20;14;6
14/07/2019;02:45;8;4;4
14/07/2019;03:00;16;6;10
14/07/2019;03:15;13;4;9
14/07/2019;03:30;10;6;4
14/07/2019;03:45;11;3;8
14/07/2019;04:00;9;5;4
14/07/2019;04:15;5;4;1
14/07/2019;04:30;7;1;6
14/07/2019;04:45;9;5;4
14/07/2019;05:00;8;3;5
14/07/2019;05:15;9;4;5
14/07/2019;05:30;12;6;6
14/07/2019;05:45;15;11;4
14/07/2019;06:00;8;3;5
14/07/2019;06:15;10;6;4
14/07/2019;06:30;18;11;7
14/07/2019;06:45;14;7;7
14/07/2019;07:00;17;12;5
14/07/2019;07:15;18;10;8
14/07/2019;07:30;32;18;14
14/07/2019;07:45;41;23;18
14/07/2019;08:00;35;15;20
14/07/2019;08:15;46;26;20
14/07/2019;08:30;49;22;27
14/07/2019;08:45;87;51;36
14/07/2019;09:00;72;36;36
14/07/2019;09:15;136;83;53
14/07/2019;09:30;95;50;45
14/07/2019;09:45;176;115;61
14/07/2019;10:00;134;67;67
14/07/2019;10:15;128;68;60
14/07/2019;10:30;138;68;70
14/07/2019;10:45;161;81;80
14/07/2019;11:00;165;84;81
14/07/2019;11:15;182;87;95
14/07/2019;11:30;201;108;93
14/07/2019;11:45;197;123;74
14/07/2019;12:00;184;94;90
14/07/2019;12:15;167;83;84
14/07/2019;12:30;208;96;112
14/07/2019;12:45;188;91;97
14/07/2019;13:00;175;86;89
14/07/2019;13:15;191;96;95
14/07/2019;13:30;169;83;86
14/07/2019;13:45;224;102;122
14/07/2019;14:00;218;114;104
14/07/2019;14:15;223;94;129
14/07/2019;14:30;231;121;110
14/07/2019;14:45;236;94;142
14/07/2019;15:00;247;109;138
14/07/2019;15:15;191;93;98
14/07/2019;15:30;214;113;101
14/07/2019;15:45;237;124;113
14/07/2019;16:00;185;91;94
14/07/2019;16:15;230;116;114
14/07/2019;16:30;197;110;87
14/07/2019;16:45;264;113;151
14/07/2019;17:00;259;142;117
14/07/2019;17:15;193;97;96
14/07/2019;17:30;251;125;126
14/07/2019;17:45;300;137;163
14/07/2019;18:00;205;107;98
14/07/2019;18:15;179;94;85
14/07/2019;18:30;192;91;101
14/07/2019;18:45;185;80;105
14/07/2019;19:00;177;92;85
14/07/2019;19:15;157;84;73
14/07/2019;19:30;144;67;77
14/07/2019;19:45;134;59;75
14/07/2019;20:00;132;62;70
14/07/2019;20:15;110;61;49
14/07/2019;20:30;108;54;54
14/07/2019;20:45;108;55;53
14/07/2019;21:00;97;36;61
14/07/2019;21:15;81;35;46
14/07/2019;21:30;79;42;37
14/07/2019;21:45;67;36;31
14/07/2019;22:00;63;34;29
14/07/2019;22:15;61;22;39
14/07/2019;22:30;38;14;24
14/07/2019;22:45;41;19;22
14/07/2019;23:00;44;22;22
14/07/2019;23:15;22;5;17
14/07/2019;23:30;23;10;13
14/07/2019;23:45;15;6;9
15/07/2019;00:00;17;7;10
15/07/2019;00:15;18;6;12
15/07/2019;00:30;10;2;8
15/07/2019;00:45;13;5;8
15/07/2019;01:00;2;1;1
15/07/2019;01:15;2;1;1
15/07/2019;01:30;7;1;6
15/07/2019;01:45;2;1;1
15/07/2019;02:00;4;2;2
15/07/2019;02:15;7;4;3
15/07/2019;02:30;4;0;4
15/07/2019;02:45;2;0;2
15/07/2019;03:00;1;1;0
15/07/2019;03:15;3;2;1
15/07/2019;03:30;4;0;4
15/07/2019;03:45;2;0;2
15/07/2019;04:00;1;1;0
15/07/2019;04:15;2;1;1
15/07/2019;04:30;4;4;0
15/07/2019;04:45;1;0;1
15/07/2019;05:00;2;2;0
15/07/2019;05:15;8;6;2
15/07/2019;05:30;17;11;6
15/07/2019;05:45;43;30;13
15/07/2019;06:00;39;21;18
15/07/2019;06:15;48;33;15
15/07/2019;06:30;64;43;21
15/07/2019;06:45;120;79;41
15/07/2019;07:00;140;78;62
15/07/2019;07:15;289;212;77
15/07/2019;07:30;562;394;168
15/07/2019;07:45;339;204;135
15/07/2019;08:00;292;172;120
15/07/2019;08:15;282;180;102
15/07/2019;08:30;244;150;94
15/07/2019;08:45;325;218;107
15/07/2019;09:00;240;126;114
15/07/2019;09:15;257;160;97
15/07/2019;09:30;263;141;122
15/07/2019;09:45;249;142;107
15/07/2019;10:00;230;133;97
15/07/2019;10:15;242;134;108
15/07/2019;10:30;225;132;93
15/07/2019;10:45;193;100;93
15/07/2019;11:00;251;109;142
15/07/2019;11:15;254;116;138
15/07/2019;11:30;262;138;124
15/07/2019;11:45;221;105;116
15/07/2019;12:00;233;116;117
15/07/2019;12:15;271;119;152
15/07/2019;12:30;296;139;157
15/07/2019;12:45;289;147;142
15/07/2019;13:00;408;126;282
15/07/2019;13:15;277;140;137
15/07/2019;13:30;299;156;143
15/07/2019;13:45;310;165;145
15/07/2019;14:00;239;112;127
15/07/2019;14:15;279;142;137
15/07/2019;14:30;235;112;123
15/07/2019;14:45;328;173;155
15/07/2019;15:00;292;136;156
15/07/2019;15:15;349;171;178
15/07/2019;15:30;444;207;237
15/07/2019;15:45;400;222;178
15/07/2019;16:00;343;149;194
15/07/2019;16:15;368;163;205
15/07/2019;16:30;369;173;196
15/07/2019;16:45;388;162;226
15/07/2019;17:00;428;202;226
15/07/2019;17:15;432;228;204
15/07/2019;17:30;385;174;211
15/07/2019;17:45;404;162;242
15/07/2019;18:00;396;168;228
15/07/2019;18:15;364;154;210
15/07/2019;18:30;335;158;177
15/07/2019;18:45;412;201;211
15/07/2019;19:00;322;152;170
15/07/2019;19:15;294;151;143
15/07/2019;19:30;248;111;137
15/07/2019;19:45;300;158;142
15/07/2019;20:00;244;106;138
15/07/2019;20:15;214;99;115
15/07/2019;20:30;205;74;131
15/07/2019;20:45;158;67;91
15/07/2019;21:00;137;51;86
15/07/2019;21:15;159;71;88
15/07/2019;21:30;155;61;94
15/07/2019;21:45;139;60;79
15/07/2019;22:00;120;44;76
15/07/2019;22:15;101;40;61
15/07/2019;22:30;80;27;53
15/07/2019;22:45;91;36;55
15/07/2019;23:00;57;20;37
15/07/2019;23:15;57;18;39
15/07/2019;23:30;48;18;30
15/07/2019;23:45;36;11;25
16/07/2019;00:00;31;14;17
16/07/2019;00:15;33;7;26
16/07/2019;00:30;17;3;14
16/07/2019;00:45;13;5;8
16/07/2019;01:00;16;2;14
16/07/2019;01:15;18;8;10
16/07/2019;01:30;7;1;6
16/07/2019;01:45;9;4;5
16/07/2019;02:00;5;2;3
16/07/2019;02:15;5;4;1
16/07/2019;02:30;13;9;4
16/07/2019;02:45;2;1;1
16/07/2019;03:00;4;4;0
16/07/2019;03:15;2;1;1
16/07/2019;03:30;3;0;3
16/07/2019;03:45;5;3;2
16/07/2019;04:00;0;0;0
16/07/2019;04:15;2;2;0
16/07/2019;04:30;4;2;2
16/07/2019;04:45;4;2;2
16/07/2019;05:00;6;2;4
16/07/2019;05:15;8;5;3
16/07/2019;05:30;25;15;10
16/07/2019;05:45;53;42;11
16/07/2019;06:00;31;21;10
16/07/2019;06:15;59;37;22
16/07/2019;06:30;82;47;35
16/07/2019;06:45;111;68;43
16/07/2019;07:00;141;81;60
16/07/2019;07:15;312;234;78
16/07/2019;07:30;545;383;162
16/07/2019;07:45;399;236;163
16/07/2019;08:00;299;187;112
16/07/2019;08:15;344;198;146
16/07/2019;08:30;305;173;132
16/07/2019;08:45;354;232;122
16/07/2019;09:00;339;195;144
16/07/2019;09:15;328;201;127
16/07/2019;09:30;291;170;121
16/07/2019;09:45;347;204;143
16/07/2019;10:00;207;109;98
16/07/2019;10:15;288;159;129
16/07/2019;10:30;271;159;112
16/07/2019;10:45;239;140;99
16/07/2019;11:00;323;154;169
16/07/2019;11:15;280;143;137
16/07/2019;11:30;295;153;142
16/07/2019;11:45;301;145;156
16/07/2019;12:00;315;129;186
16/07/2019;12:15;277;119;158
16/07/2019;12:30;314;132;182
16/07/2019;12:45;402;151;251
16/07/2019;13:00;406;121;285
16/07/2019;13:15;380;191;189
16/07/2019;13:30;340;163;177
16/07/2019;13:45;310;140;170
16/07/2019;14:00;253;121;132
16/07/2019;14:15;306;154;152
16/07/2019;14:30;332;145;187
16/07/2019;14:45;329;151;178
16/07/2019;15:00;342;147;195
16/07/2019;15:15;366;177;189
16/07/2019;15:30;392;182;210
16/07/2019;15:45;436;220;216
16/07/2019;16:00;388;183;205
16/07/2019;16:15;409;201;208
16/07/2019;16:30;390;181;209
16/07/2019;16:45;442;208;234
16/07/2019;17:00;472;199;273
16/07/2019;17:15;438;233;205
16/07/2019;17:30;386;174;212
16/07/2019;17:45;519;249;270
16/07/2019;18:00;463;198;265
16/07/2019;18:15;434;201;233
16/07/2019;18:30;389;189;200
16/07/2019;18:45;417;191;226
16/07/2019;19:00;343;161;182
16/07/2019;19:15;302;152;150
16/07/2019;19:30;321;162;159
16/07/2019;19:45;323;161;162
16/07/2019;20:00;272;125;147
16/07/2019;20:15;302;156;146
16/07/2019;20:30;216;105;111
16/07/2019;20:45;200;108;92
16/07/2019;21:00;189;83;106
16/07/2019;21:15;184;88;96
16/07/2019;21:30;152;66;86
16/07/2019;21:45;193;81;112
16/07/2019;22:00;149;44;105
16/07/2019;22:15;135;53;82
16/07/2019;22:30;130;54;76
16/07/2019;22:45;71;19;52
16/07/2019;23:00;81;21;60
16/07/2019;23:15;89;31;58
16/07/2019;23:30;77;20;57
16/07/2019;23:45;67;14;53
17/07/2019;00:00;40;18;22
17/07/2019;00:15;38;13;25
17/07/2019;00:30;22;11;11
17/07/2019;00:45;17;3;14
17/07/2019;01:00;19;8;11
17/07/2019;01:15;18;5;13
17/07/2019;01:30;16;5;11
17/07/2019;01:45;8;2;6
17/07/2019;02:00;8;6;2
17/07/2019;02:15;10;5;5
17/07/2019;02:30;12;9;3
17/07/2019;02:45;2;0;2
17/07/2019;03:00;3;2;1
17/07/2019;03:15;3;1;2
17/07/2019;03:30;3;2;1
17/07/2019;03:45;4;2;2
17/07/2019;04:00;1;0;1
17/07/2019;04:15;0;0;0
17/07/2019;04:30;10;5;5
17/07/2019;04:45;5;2;3
17/07/2019;05:00;5;3;2
17/07/2019;05:15;16;13;3
17/07/2019;05:30;22;16;6
17/07/2019;05:45;55;41;14
17/07/2019;06:00;30;19;11
17/07/2019;06:15;72;45;27
17/07/2019;06:30;78;42;36
17/07/2019;06:45;112;76;36
17/07/2019;07:00;137;75;62
17/07/2019;07:15;320;217;103
17/07/2019;07:30;547;359;188
17/07/2019;07:45;394;221;173
17/07/2019;08:00;319;191;128
17/07/2019;08:15;302;194;108
17/07/2019;08:30;283;163;120
17/07/2019;08:45;369;240;129
17/07/2019;09:00;280;194;86
17/07/2019;09:15;312;201;111
17/07/2019;09:30;304;186;118
17/07/2019;09:45;305;162;143
17/07/2019;10:00;221;117;104
17/07/2019;10:15;226;130;96
17/07/2019;10:30;250;140;110
17/07/2019;10:45;238;139;99
17/07/2019;11:00;262;144;118
17/07/2019;11:15;277;154;123
17/07/2019;11:30;282;123;159
17/07/2019;11:45;267;128;139
17/07/2019;12:00;272;127;145
17/07/2019;12:15;334;162;172
17/07/2019;12:30;358;167;191
17/07/2019;12:45;324;137;187
17/07/2019;13:00;548;158;390
17/07/2019;13:15;324;147;177
17/07/2019;13:30;318;150;168
17/07/2019;13:45;341;169;172
17/07/2019;14:00;300;134;166
17/07/2019;14:15;315;147;168
17/07/2019;14:30;304;153;151
17/07/2019;14:45;319;137;182
17/07/2019;15:00;276;122;154
17/07/2019;15:15;330;162;168
17/07/2019;15:30;369;181;188
17/07/2019;15:45;430;217;213
17/07/2019;16:00;365;160;205
17/07/2019;16:15;390;187;203
17/07/2019;16:30;420;203;217
17/07/2019;16:45;417;211;206
17/07/2019;17:00;473;215;258
17/07/2019;17:15;444;222;222
17/07/2019;17:30;413;192;221
17/07/2019;17:45;485;245;240
17/07/2019;18:00;435;207;228
17/07/2019;18:15;421;233;188
17/07/2019;18:30;468;273;195
17/07/2019;18:45;422;242;180
17/07/2019;19:00;350;166;184
17/07/2019;19:15;289;145;144
17/07/2019;19:30;329;192;137
17/07/2019;19:45;336;172;164
17/07/2019;20:00;288;148;140
17/07/2019;20:15;243;125;118
17/07/2019;20:30;227;92;135
17/07/2019;20:45;173;82;91
17/07/2019;21:00;172;76;96
17/07/2019;21:15;174;73;101
17/07/2019;21:30;187;86;101
17/07/2019;21:45;266;75;191
17/07/2019;22:00;163;67;96
17/07/2019;22:15;172;59;113
17/07/2019;22:30;162;50;112
17/07/2019;22:45;166;56;110
17/07/2019;23:00;100;37;63
17/07/2019;23:15;84;33;51
17/07/2019;23:30;86;36;50
17/07/2019;23:45;55;13;42
18/07/2019;00:00;58;19;39
18/07/2019;00:15;47;13;34
18/07/2019;00:30;33;16;17
18/07/2019;00:45;33;12;21
18/07/2019;01:00;26;7;19
18/07/2019;01:15;19;4;15
18/07/2019;01:30;8;3;5
18/07/2019;01:45;7;1;6
18/07/2019;02:00;10;4;6
18/07/2019;02:15;5;1;4
18/07/2019;02:30;8;5;3
18/07/2019;02:45;5;2;3
18/07/2019;03:00;8;7;1
18/07/2019;03:15;5;4;1
18/07/2019;03:30;2;1;1
18/07/2019;03:45;8;2;6
18/07/2019;04:00;3;2;1
18/07/2019;04:15;5;3;2
18/07/2019;04:30;3;1;2
18/07/2019;04:45;4;3;1
18/07/2019;05:00;4;4;0
18/07/2019;05:15;9;4;5
18/07/2019;05:30;26;17;9
18/07/2019;05:45;56;42;14
18/07/2019;06:00;40;20;20
18/07/2019;06:15;56;39;17
18/07/2019;06:30;67;45;22
18/07/2019;06:45;143;97;46
18/07/2019;07:00;143;83;60
18/07/2019;07:15;298;200;98
18/07/2019;07:30;491;333;158
18/07/2019;07:45;378;209;169
18/07/2019;08:00;326;194;132
18/07/2019;08:15;322;200;122
18/07/2019;08:30;300;177;123
18/07/2019;08:45;349;208;141
18/07/2019;09:00;259;159;100
18/07/2019;09:15;302;193;109
18/07/2019;09:30;279;155;124
18/07/2019;09:45;306;167;139
18/07/2019;10:00;213;121;92
18/07/2019;10:15;207;126;81
18/07/2019;10:30;253;129;124
18/07/2019;10:45;231;118;113
18/07/2019;11:00;252;133;119
18/07/2019;11:15;255;129;126
18/07/2019;11:30;263;151;112
18/07/2019;11:45;250;124;126
18/07/2019;12:00;280;117;163
18/07/2019;12:15;293;142;151
18/07/2019;12:30;298;129;169
18/07/2019;12:45;457;152;305
18/07/2019;13:00;386;154;232
18/07/2019;13:15;316;143;173
18/07/2019;13:30;271;118;153
18/07/2019;13:45;354;184;170
18/07/2019;14:00;295;137;158
18/07/2019;14:15;303;155;148
18/07/2019;14:30;316;146;170
18/07/2019;14:45;325;176;149
18/07/2019;15:00;333;162;171
18/07/2019;15:15;321;159;162
18/07/2019;15:30;421;195;226
18/07/2019;15:45;399;208;191
18/07/2019;16:00;371;190;181
18/07/2019;16:15;362;196;166
18/07/2019;16:30;388;197;191
18/07/2019;16:45;415;214;201
18/07/2019;17:00;482;228;254
18/07/2019;17:15;397;217;180
18/07/2019;17:30;431;183;248
18/07/2019;17:45;434;212;222
18/07/2019;18:00;428;208;220
18/07/2019;18:15;397;191;206
18/07/2019;18:30;348;148;200
18/07/2019;18:45;431;204;227
18/07/2019;19:00;327;128;199
18/07/2019;19:15;268;121;147
18/07/2019;19:30;275;136;139
18/07/2019;19:45;312;161;151
18/07/2019;20:00;292;125;167
18/07/2019;20:15;257;105;152
18/07/2019;20:30;197;93;104
18/07/2019;20:45;178;70;108
18/07/2019;21:00;159;89;70
18/07/2019;21:15;183;82;101
18/07/2019;21:30;179;73;106
18/07/2019;21:45;163;59;104
18/07/2019;22:00;188;76;112
18/07/2019;22:15;129;62;67
18/07/2019;22:30;136;45;91
18/07/2019;22:45;119;51;68
18/07/2019;23:00;103;44;59
18/07/2019;23:15;121;44;77
18/07/2019;23:30;74;17;57
18/07/2019;23:45;65;15;50
19/07/2019;00:00;65;23;42
19/07/2019;00:15;52;13;39
19/07/2019;00:30;20;8;12
19/07/2019;00:45;23;6;17
19/07/2019;01:00;34;10;24
19/07/2019;01:15;18;6;12
19/07/2019;01:30;18;6;12
19/07/2019;01:45;19;9;10
19/07/2019;02:00;12;7;5
19/07/2019;02:15;3;2;1
19/07/2019;02:30;9;6;3
19/07/2019;02:45;6;4;2
19/07/2019;03:00;3;3;0
19/07/2019;03:15;5;0;5
19/07/2019;03:30;4;2;2
19/07/2019;03:45;4;1;3
19/07/2019;04:00;6;1;5
19/07/2019;04:15;3;3;0
19/07/2019;04:30;2;2;0
19/07/2019;04:45;3;1;2
19/07/2019;05:00;2;2;0
19/07/2019;05:15;14;3;11
19/07/2019;05:30;22;18;4
19/07/2019;05:45;35;27;8
19/07/2019;06:00;40;25;15
19/07/2019;06:15;54;35;19
19/07/2019;06:30;70;46;24
19/07/2019;06:45;113;68;45
19/07/2019;07:00;125;76;49
19/07/2019;07:15;256;186;70
19/07/2019;07:30;423;306;117
19/07/2019;07:45;337;192;145
19/07/2019;08:00;266;166;100
19/07/2019;08:15;333;197;136
19/07/2019;08:30;266;173;93
19/07/2019;08:45;328;197;131
19/07/2019;09:00;249;165;84
19/07/2019;09:15;323;229;94
19/07/2019;09:30;283;179;104
19/07/2019;09:45;329;209;120
19/07/2019;10:00;235;119;116
19/07/2019;10:15;301;181;120
19/07/2019;10:30;266;158;108
19/07/2019;10:45;299;170;129
19/07/2019;11:00;346;170;176
19/07/2019;11:15;342;164;178
19/07/2019;11:30;332;166;166
19/07/2019;11:45;354;167;187
19/07/2019;12:00;306;115;191
19/07/2019;12:15;380;160;220
19/07/2019;12:30;283;124;159
19/07/2019;12:45;408;174;234
19/07/2019;13:00;504;159;345
19/07/2019;13:15;342;161;181
19/07/2019;13:30;368;176;192
19/07/2019;13:45;326;161;165
19/07/2019;14:00;326;158;168
19/07/2019;14:15;356;175;181
19/07/2019;14:30;305;143;162
19/07/2019;14:45;325;138;187
19/07/2019;15:00;351;172;179
19/07/2019;15:15;363;171;192
19/07/2019;15:30;265;114;151
19/07/2019;15:45;363;187;176
19/07/2019;16:00;315;145;170
19/07/2019;16:15;335;158;177
19/07/2019;16:30;303;142;161
19/07/2019;16:45;358;200;158
19/07/2019;17:00;311;150;161
19/07/2019;17:15;332;157;175
19/07/2019;17:30;323;153;170
19/07/2019;17:45;366;179;187
19/07/2019;18:00;321;161;160
19/07/2019;18:15;334;156;178
19/07/2019;18:30;301;149;152
19/07/2019;18:45;351;194;157
19/07/2019;19:00;317;162;155
19/07/2019;19:15;267;130;137
19/07/2019;19:30;266;163;103
19/07/2019;19:45;248;134;114
19/07/2019;20:00;254;129;125
19/07/2019;20:15;208;105;103
19/07/2019;20:30;234;139;95
19/07/2019;20:45;187;107;80
19/07/2019;21:00;178;69;109
19/07/2019;21:15;179;72;107
19/07/2019;21:30;179;72;107
19/07/2019;21:45;149;81;68
19/07/2019;22:00;159;64;95
19/07/2019;22:15;139;54;85
19/07/2019;22:30;139;56;83
19/07/2019;22:45;123;45;78
19/07/2019;23:00;126;35;91
19/07/2019;23:15;101;32;69
19/07/2019;23:30;110;44;66
19/07/2019;23:45;102;32;70
20/07/2019;00:00;108;25;83
20/07/2019;00:15;91;26;65
20/07/2019;00:30;78;32;46
20/07/2019;00:45;69;28;41
20/07/2019;01:00;55;26;29
20/07/2019;01:15;35;12;23
20/07/2019;01:30;30;10;20
20/07/2019;01:45;33;17;16
20/07/2019;02:00;26;11;15
20/07/2019;02:15;18;5;13
20/07/2019;02:30;25;11;14
20/07/2019;02:45;23;7;16
20/07/2019;03:00;16;7;9
20/07/2019;03:15;14;9;5
20/07/2019;03:30;12;6;6
20/07/2019;03:45;7;3;4
20/07/2019;04:00;7;4;3
20/07/2019;04:15;8;3;5
20/07/2019;04:30;10;4;6
20/07/2019;04:45;8;4;4
20/07/2019;05:00;9;5;4
20/07/2019;05:15;14;6;8
20/07/2019;05:30;8;4;4
20/07/2019;05:45;23;16;7
20/07/2019;06:00;17;12;5
20/07/2019;06:15;21;14;7
20/07/2019;06:30;33;19;14
20/07/2019;06:45;31;18;13
20/07/2019;07:00;20;10;10
20/07/2019;07:15;34;20;14
20/07/2019;07:30;53;31;22
20/07/2019;07:45;55;29;26
20/07/2019;08:00;77;43;34
20/07/2019;08:15;108;54;54
20/07/2019;08:30;144;73;71
20/07/2019;08:45;140;77;63
20/07/2019;09:00;144;90;54
20/07/2019;09:15;171;106;65
20/07/2019;09:30;223;141;82
20/07/2019;09:45;248;173;75
20/07/2019;10:00;248;165;83
20/07/2019;10:15;249;141;108
20/07/2019;10:30;293;161;132
20/07/2019;10:45;266;161;105
20/07/2019;11:00;247;143;104
20/07/2019;11:15;318;202;116
20/07/2019;11:30;220;124;96
20/07/2019;11:45;321;163;158
20/07/2019;12:00;281;140;141
20/07/2019;12:15;285;162;123
20/07/2019;12:30;278;146;132
20/07/2019;12:45;359;160;199
20/07/2019;13:00;309;143;166
20/07/2019;13:15;283;122;161
20/07/2019;13:30;263;121;142
20/07/2019;13:45;266;111;155
20/07/2019;14:00;266;125;141
20/07/2019;14:15;264;112;152
20/07/2019;14:30;272;130;142
20/07/2019;14:45;270;133;137
20/07/2019;15:00;309;127;182
20/07/2019;15:15;270;120;150
20/07/2019;15:30;237;100;137
20/07/2019;15:45;263;139;124
20/07/2019;16:00;282;131;151
20/07/2019;16:15;228;105;123
20/07/2019;16:30;228;113;115
20/07/2019;16:45;263;140;123
20/07/2019;17:00;228;110;118
20/07/2019;17:15;237;117;120
20/07/2019;17:30;281;154;127
20/07/2019;17:45;285;150;135
20/07/2019;18:00;322;175;147
20/07/2019;18:15;269;137;132
20/07/2019;18:30;313;193;120
20/07/2019;18:45;275;163;112
20/07/2019;19:00;286;154;132
20/07/2019;19:15;212;102;110
20/07/2019;19:30;223;132;91
20/07/2019;19:45;241;155;86
20/07/2019;20:00;157;84;73
20/07/2019;20:15;213;117;96
20/07/2019;20:30;185;110;75
20/07/2019;20:45;177;109;68
20/07/2019;21:00;140;63;77
20/07/2019;21:15;174;80;94
20/07/2019;21:30;144;73;71
20/07/2019;21:45;161;65;96
20/07/2019;22:00;124;68;56
20/07/2019;22:15;104;47;57
20/07/2019;22:30;122;37;85
20/07/2019;22:45;111;39;72
20/07/2019;23:00;114;31;83
20/07/2019;23:15;134;49;85
20/07/2019;23:30;116;33;83
20/07/2019;23:45;87;23;64
21/07/2019;00:00;90;32;58
21/07/2019;00:15;93;22;71
21/07/2019;00:30;109;24;85
21/07/2019;00:45;42;12;30
21/07/2019;01:00;44;14;30
21/07/2019;01:15;48;11;37
21/07/2019;01:30;37;12;25
21/07/2019;01:45;26;10;16
21/07/2019;02:00;30;8;22
21/07/2019;02:15;26;5;21
21/07/2019;02:30;25;9;16
21/07/2019;02:45;18;7;11
21/07/2019;03:00;21;1;20
21/07/2019;03:15;16;2;14
21/07/2019;03:30;19;7;12
21/07/2019;03:45;13;7;6
21/07/2019;04:00;9;7;2
21/07/2019;04:15;7;4;3
21/07/2019;04:30;11;5;6
21/07/2019;04:45;8;5;3
21/07/2019;05:00;2;0;2
21/07/2019;05:15;5;2;3
21/07/2019;05:30;10;3;7
21/07/2019;05:45;5;3;2
21/07/2019;06:00;10;7;3
21/07/2019;06:15;6;4;2
21/07/2019;06:30;6;2;4
21/07/2019;06:45;15;8;7
21/07/2019;07:00;4;3;1
21/07/2019;07:15;12;7;5
21/07/2019;07:30;25;17;8
21/07/2019;07:45;20;9;11
21/07/2019;08:00;29;15;14
21/07/2019;08:15;26;10;16
21/07/2019;08:30;38;17;21
21/07/2019;08:45;47;21;26
21/07/2019;09:00;69;49;20
21/07/2019;09:15;70;44;26
21/07/2019;09:30;88;52;36
21/07/2019;09:45;125;79;46
21/07/2019;10:00;98;54;44
21/07/2019;10:15;88;47;41
21/07/2019;10:30;106;62;44
21/07/2019;10:45;142;91;51
21/07/2019;11:00;153;84;69
21/07/2019;11:15;124;66;58
21/07/2019;11:30;161;79;82
21/07/2019;11:45;163;75;88
21/07/2019;12:00;145;73;72
21/07/2019;12:15;152;76;76
21/07/2019;12:30;159;80;79
21/07/2019;12:45;198;92;106
21/07/2019;13:00;174;80;94
21/07/2019;13:15;186;85;101
21/07/2019;13:30;190;82;108
21/07/2019;13:45;188;85;103
21/07/2019;14:00;197;95;102
21/07/2019;14:15;212;103;109
21/07/2019;14:30;241;121;120
21/07/2019;14:45;198;92;106
21/07/2019;15:00;231;118;113
21/07/2019;15:15;198;88;110
21/07/2019;15:30;206;104;102
21/07/2019;15:45;236;125;111
21/07/2019;16:00;204;98;106
21/07/2019;16:15;173;69;104
21/07/2019;16:30;191;96;95
21/07/2019;16:45;205;89;116
21/07/2019;17:00;255;131;124
21/07/2019;17:15;197;106;91
21/07/2019;17:30;223;121;102
21/07/2019;17:45;244;132;112
21/07/2019;18:00;243;125;118
21/07/2019;18:15;214;110;104
21/07/2019;18:30;231;133;98
21/07/2019;18:45;258;148;110
21/07/2019;19:00;254;141;113
21/07/2019;19:15;177;89;88
21/07/2019;19:30;188;91;97
21/07/2019;19:45;181;95;86
21/07/2019;20:00;181;90;91
21/07/2019;20:15;136;65;71
21/07/2019;20:30;160;70;90
21/07/2019;20:45;125;58;67
21/07/2019;21:00;128;50;78
21/07/2019;21:15;136;61;75
21/07/2019;21:30;132;47;85
21/07/2019;21:45;143;42;101
21/07/2019;22:00;122;40;82
21/07/2019;22:15;84;18;66
21/07/2019;22:30;74;26;48
21/07/2019;22:45;54;20;34
21/07/2019;23:00;50;16;34
21/07/2019;23:15;54;14;40
21/07/2019;23:30;42;19;23
21/07/2019;23:45;34;21;13
22/07/2019;00:00;31;19;12
22/07/2019;00:15;31;19;12
22/07/2019;00:30;38;25;13
22/07/2019;00:45;18;12;6
22/07/2019;01:00;10;4;6
22/07/2019;01:15;14;4;10
22/07/2019;01:30;5;4;1
22/07/2019;01:45;1;1;0
22/07/2019;02:00;3;1;2
22/07/2019;02:15;6;1;5
22/07/2019;02:30;3;1;2
22/07/2019;02:45;2;2;0
22/07/2019;03:00;1;0;1
22/07/2019;03:15;3;0;3
22/07/2019;03:30;0;0;0
22/07/2019;03:45;2;2;0
22/07/2019;04:00;2;1;1
22/07/2019;04:15;1;1;0
22/07/2019;04:30;6;6;0
22/07/2019;04:45;1;1;0
22/07/2019;05:00;8;6;2
22/07/2019;05:15;11;5;6
22/07/2019;05:30;19;13;6
22/07/2019;05:45;57;40;17
22/07/2019;06:00;42;29;13
22/07/2019;06:15;59;42;17
22/07/2019;06:30;63;42;21
22/07/2019;06:45;118;81;37
22/07/2019;07:00;125;74;51
22/07/2019;07:15;232;157;75
22/07/2019;07:30;463;287;176
22/07/2019;07:45;396;240;156
22/07/2019;08:00;306;191;115
22/07/2019;08:15;372;241;131
22/07/2019;08:30;356;245;111
22/07/2019;08:45;325;204;121
22/07/2019;09:00;279;174;105
22/07/2019;09:15;286;191;95
22/07/2019;09:30;235;126;109
22/07/2019;09:45;232;145;87
22/07/2019;10:00;275;122;153
22/07/2019;10:15;238;137;101
22/07/2019;10:30;268;143;125
22/07/2019;10:45;316;162;154
22/07/2019;11:00;290;137;153
22/07/2019;11:15;287;147;140
22/07/2019;11:30;304;163;141
22/07/2019;11:45;285;130;155
22/07/2019;12:00;332;151;181
22/07/2019;12:15;306;107;199
22/07/2019;12:30;330;129;201
22/07/2019;12:45;320;141;179
22/07/2019;13:00;381;140;241
22/07/2019;13:15;270;130;140
22/07/2019;13:30;286;132;154
22/07/2019;13:45;257;113;144
22/07/2019;14:00;289;139;150
22/07/2019;14:15;275;146;129
22/07/2019;14:30;318;148;170
22/07/2019;14:45;293;149;144
22/07/2019;15:00;286;126;160
22/07/2019;15:15;312;160;152
22/07/2019;15:30;379;203;176
22/07/2019;15:45;330;158;172
22/07/2019;16:00;367;202;165
22/07/2019;16:15;406;195;211
22/07/2019;16:30;398;156;242
22/07/2019;16:45;389;189;200
22/07/2019;17:00;409;190;219
22/07/2019;17:15;420;191;229
22/07/2019;17:30;399;171;228
22/07/2019;17:45;415;182;233
22/07/2019;18:00;413;170;243
22/07/2019;18:15;367;170;197
22/07/2019;18:30;334;156;178
22/07/2019;18:45;371;183;188
22/07/2019;19:00;317;126;191
22/07/2019;19:15;321;164;157
22/07/2019;19:30;295;151;144
22/07/2019;19:45;295;140;155
22/07/2019;20:00;260;123;137
22/07/2019;20:15;218;101;117
22/07/2019;20:30;194;101;93
22/07/2019;20:45;211;114;97
22/07/2019;21:00;191;82;109
22/07/2019;21:15;141;49;92
22/07/2019;21:30;184;59;125
22/07/2019;21:45;152;49;103
22/07/2019;22:00;130;50;80
22/07/2019;22:15;92;34;58
22/07/2019;22:30;117;44;73
22/07/2019;22:45;127;59;68
22/07/2019;23:00;79;25;54
22/07/2019;23:15;51;12;39
22/07/2019;23:30;43;11;32
22/07/2019;23:45;66;26;40
23/07/2019;00:00;43;17;26
23/07/2019;00:15;41;15;26
23/07/2019;00:30;25;9;16
23/07/2019;00:45;11;3;8
23/07/2019;01:00;24;11;13
23/07/2019;01:15;14;9;5
23/07/2019;01:30;17;2;15
23/07/2019;01:45;7;5;2
23/07/2019;02:00;5;2;3
23/07/2019;02:15;5;2;3
23/07/2019;02:30;5;2;3
23/07/2019;02:45;3;2;1
23/07/2019;03:00;4;1;3
23/07/2019;03:15;2;0;2
23/07/2019;03:30;8;5;3
23/07/2019;03:45;3;2;1
23/07/2019;04:00;5;2;3
23/07/2019;04:15;3;1;2
23/07/2019;04:30;4;4;0
23/07/2019;04:45;5;5;0
23/07/2019;05:00;1;1;0
23/07/2019;05:15;16;5;11
23/07/2019;05:30;25;16;9
23/07/2019;05:45;50;41;9
23/07/2019;06:00;47;28;19
23/07/2019;06:15;59;35;24
23/07/2019;06:30;81;51;30
23/07/2019;06:45;115;73;42
23/07/2019;07:00;131;76;55
23/07/2019;07:15;213;149;64
23/07/2019;07:30;402;255;147
23/07/2019;07:45;473;341;132
23/07/2019;08:00;334;194;140
23/07/2019;08:15;424;250;174
23/07/2019;08:30;391;223;168
23/07/2019;08:45;416;260;156
23/07/2019;09:00;290;174;116
23/07/2019;09:15;293;181;112
23/07/2019;09:30;289;178;111
23/07/2019;09:45;249;132;117
23/07/2019;10:00;275;130;145
23/07/2019;10:15;285;140;145
23/07/2019;10:30;284;143;141
23/07/2019;10:45;280;170;110
23/07/2019;11:00;266;139;127
23/07/2019;11:15;250;117;133
23/07/2019;11:30;282;164;118
23/07/2019;11:45;273;124;149
23/07/2019;12:00;313;113;200
23/07/2019;12:15;350;162;188
23/07/2019;12:30;311;105;206
23/07/2019;12:45;365;152;213
23/07/2019;13:00;420;162;258
23/07/2019;13:15;325;119;206
23/07/2019;13:30;297;155;142
23/07/2019;13:45;340;169;171
23/07/2019;14:00;301;129;172
23/07/2019;14:15;307;152;155
23/07/2019;14:30;316;156;160
23/07/2019;14:45;344;139;205
23/07/2019;15:00;302;130;172
23/07/2019;15:15;298;138;160
23/07/2019;15:30;368;162;206
23/07/2019;15:45;331;150;181
23/07/2019;16:00;345;157;188
23/07/2019;16:15;324;135;189
23/07/2019;16:30;386;189;197
23/07/2019;16:45;384;196;188
23/07/2019;17:00;379;170;209
23/07/2019;17:15;448;221;227
23/07/2019;17:30;381;203;178
23/07/2019;17:45;430;231;199
23/07/2019;18:00;402;193;209
23/07/2019;18:15;463;250;213
23/07/2019;18:30;390;220;170
23/07/2019;18:45;430;260;170
23/07/2019;19:00;393;206;187
23/07/2019;19:15;296;158;138
23/07/2019;19:30;382;212;170
23/07/2019;19:45;301;145;156
23/07/2019;20:00;277;144;133
23/07/2019;20:15;235;98;137
23/07/2019;20:30;215;83;132
23/07/2019;20:45;187;82;105
23/07/2019;21:00;214;87;127
23/07/2019;21:15;177;69;108
23/07/2019;21:30;188;82;106
23/07/2019;21:45;227;91;136
23/07/2019;22:00;195;55;140
23/07/2019;22:15;159;39;120
23/07/2019;22:30;136;49;87
23/07/2019;22:45;103;22;81
23/07/2019;23:00;103;27;76
23/07/2019;23:15;87;20;67
23/07/2019;23:30;68;27;41
23/07/2019;23:45;67;15;52
24/07/2019;00:00;44;19;25
24/07/2019;00:15;51;20;31
24/07/2019;00:30;36;9;27
24/07/2019;00:45;31;9;22
24/07/2019;01:00;22;10;12
24/07/2019;01:15;17;3;14
24/07/2019;01:30;14;8;6
24/07/2019;01:45;9;4;5
24/07/2019;02:00;14;10;4
24/07/2019;02:15;12;5;7
24/07/2019;02:30;7;5;2
24/07/2019;02:45;8;5;3
24/07/2019;03:00;2;1;1
24/07/2019;03:15;9;6;3
24/07/2019;03:30;5;1;4
24/07/2019;03:45;2;1;1
24/07/2019;04:00;3;3;0
24/07/2019;04:15;1;0;1
24/07/2019;04:30;7;5;2
24/07/2019;04:45;7;3;4
24/07/2019;05:00;6;4;2
24/07/2019;05:15;13;8;5
24/07/2019;05:30;24;13;11
24/07/2019;05:45;52;35;17
24/07/2019;06:00;37;23;14
24/07/2019;06:15;63;37;26
24/07/2019;06:30;86;62;24
24/07/2019;06:45;132;84;48
24/07/2019;07:00;138;81;57
24/07/2019;07:15;236;142;94
24/07/2019;07:30;378;222;156
24/07/2019;07:45;490;336;154
24/07/2019;08:00;384;238;146
24/07/2019;08:15;406;245;161
24/07/2019;08:30;321;192;129
24/07/2019;08:45;388;208;180
24/07/2019;09:00;278;171;107
24/07/2019;09:15;252;142;110
24/07/2019;09:30;252;147;105
24/07/2019;09:45;266;148;118
24/07/2019;10:00;242;150;92
24/07/2019;10:15;266;142;124
24/07/2019;10:30;255;128;127
24/07/2019;10:45;265;152;113
24/07/2019;11:00;277;146;131
24/07/2019;11:15;259;138;121
24/07/2019;11:30;276;148;128
24/07/2019;11:45;275;139;136
24/07/2019;12:00;307;135;172
24/07/2019;12:15;313;116;197
24/07/2019;12:30;313;126;187
24/07/2019;12:45;406;169;237
24/07/2019;13:00;430;182;248
24/07/2019;13:15;340;144;196
24/07/2019;13:30;278;123;155
24/07/2019;13:45;293;144;149
24/07/2019;14:00;298;142;156
24/07/2019;14:15;311;151;160
24/07/2019;14:30;266;121;145
24/07/2019;14:45;274;120;154
24/07/2019;15:00;267;111;156
24/07/2019;15:15;302;142;160
24/07/2019;15:30;287;161;126
24/07/2019;15:45;304;159;145
24/07/2019;16:00;299;141;158
24/07/2019;16:15;330;138;192
24/07/2019;16:30;357;166;191
24/07/2019;16:45;364;160;204
24/07/2019;17:00;337;152;185
24/07/2019;17:15;346;176;170
24/07/2019;17:30;345;185;160
24/07/2019;17:45;415;201;214
24/07/2019;18:00;388;174;214
24/07/2019;18:15;352;179;173
24/07/2019;18:30;365;177;188
24/07/2019;18:45;344;174;170
24/07/2019;19:00;311;164;147
24/07/2019;19:15;290;147;143
24/07/2019;19:30;302;157;145
24/07/2019;19:45;294;155;139
24/07/2019;20:00;307;145;162
24/07/2019;20:15;228;121;107
24/07/2019;20:30;240;122;118
24/07/2019;20:45;197;92;105
24/07/2019;21:00;192;92;100
24/07/2019;21:15;153;62;91
24/07/2019;21:30;168;70;98
24/07/2019;21:45;211;95;116
24/07/2019;22:00;156;57;99
24/07/2019;22:15;141;66;75
24/07/2019;22:30;138;60;78
24/07/2019;22:45;82;32;50
24/07/2019;23:00;123;40;83
24/07/2019;23:15;98;22;76
24/07/2019;23:30;100;34;66
24/07/2019;23:45;64;14;50
25/07/2019;00:00;65;8;57
25/07/2019;00:15;41;18;23
25/07/2019;00:30;55;15;40
25/07/2019;00:45;38;15;23
25/07/2019;01:00;25;8;17
25/07/2019;01:15;21;4;17
25/07/2019;01:30;17;4;13
25/07/2019;01:45;24;9;15
25/07/2019;02:00;8;5;3
25/07/2019;02:15;9;2;7
25/07/2019;02:30;12;8;4
25/07/2019;02:45;11;1;10
25/07/2019;03:00;6;0;6
25/07/2019;03:15;6;3;3
25/07/2019;03:30;4;3;1
25/07/2019;03:45;0;0;0
25/07/2019;04:00;11;5;6
25/07/2019;04:15;10;9;1
25/07/2019;04:30;6;4;2
25/07/2019;04:45;10;5;5
25/07/2019;05:00;10;7;3
25/07/2019;05:15;9;4;5
25/07/2019;05:30;20;11;9
25/07/2019;05:45;57;45;12
25/07/2019;06:00;34;22;12
25/07/2019;06:15;43;28;15
25/07/2019;06:30;79;50;29
25/07/2019;06:45;119;73;46
25/07/2019;07:00;130;72;58
25/07/2019;07:15;174;101;73
25/07/2019;07:30;340;221;119
25/07/2019;07:45;462;305;157
25/07/2019;08:00;355;192;163
25/07/2019;08:15;448;271;177
25/07/2019;08:30;311;183;128
25/07/2019;08:45;356;208;148
25/07/2019;09:00;286;170;116
25/07/2019;09:15;228;145;83
25/07/2019;09:30;248;145;103
25/07/2019;09:45;264;141;123
25/07/2019;10:00;262;150;112
25/07/2019;10:15;248;125;123
25/07/2019;10:30;240;139;101
25/07/2019;10:45;276;132;144
25/07/2019;11:00;251;118;133
25/07/2019;11:15;233;113;120
25/07/2019;11:30;250;124;126
25/07/2019;11:45;266;126;140
25/07/2019;12:00;251;117;134
25/07/2019;12:15;253;94;159
25/07/2019;12:30;416;141;275
25/07/2019;12:45;369;159;210
25/07/2019;13:00;303;158;145
25/07/2019;13:15;281;140;141
25/07/2019;13:30;263;136;127
25/07/2019;13:45;0;0;0
25/07/2019;14:00;0;0;0
25/07/2019;14:15;0;0;0
25/07/2019;14:30;0;0;0
25/07/2019;14:45;0;0;0
25/07/2019;15:00;0;0;0
25/07/2019;15:15;0;0;0
25/07/2019;15:30;0;0;0
25/07/2019;15:45;0;0;0
25/07/2019;16:00;0;0;0
25/07/2019;16:15;0;0;0
25/07/2019;16:30;0;0;0
25/07/2019;16:45;0;0;0
25/07/2019;17:00;0;0;0
25/07/2019;17:15;0;0;0
25/07/2019;17:30;0;0;0
25/07/2019;17:45;0;0;0
25/07/2019;18:00;0;0;0
25/07/2019;18:15;0;0;0
25/07/2019;18:30;0;0;0
25/07/2019;18:45;0;0;0
25/07/2019;19:00;0;0;0
25/07/2019;19:15;0;0;0
25/07/2019;19:30;0;0;0
25/07/2019;19:45;0;0;0
25/07/2019;20:00;0;0;0
25/07/2019;20:15;0;0;0
25/07/2019;20:30;0;0;0
25/07/2019;20:45;0;0;0
25/07/2019;21:00;0;0;0
25/07/2019;21:15;0;0;0
25/07/2019;21:30;0;0;0
25/07/2019;21:45;0;0;0
25/07/2019;22:00;0;0;0
25/07/2019;22:15;0;0;0
25/07/2019;22:30;0;0;0
25/07/2019;22:45;0;0;0
25/07/2019;23:00;0;0;0
25/07/2019;23:15;0;0;0
25/07/2019;23:30;0;0;0
25/07/2019;23:45;0;0;0
26/07/2019;00:00;0;0;0
26/07/2019;00:15;0;0;0
26/07/2019;00:30;0;0;0
26/07/2019;00:45;0;0;0
26/07/2019;01:00;0;0;0
26/07/2019;01:15;0;0;0
26/07/2019;01:30;0;0;0
26/07/2019;01:45;0;0;0
26/07/2019;02:00;0;0;0
26/07/2019;02:15;0;0;0
26/07/2019;02:30;0;0;0
26/07/2019;02:45;0;0;0
26/07/2019;03:00;0;0;0
26/07/2019;03:15;0;0;0
26/07/2019;03:30;0;0;0
26/07/2019;03:45;0;0;0
26/07/2019;04:00;0;0;0
26/07/2019;04:15;0;0;0
26/07/2019;04:30;0;0;0
26/07/2019;04:45;0;0;0
26/07/2019;05:00;0;0;0
26/07/2019;05:15;0;0;0
26/07/2019;05:30;0;0;0
26/07/2019;05:45;0;0;0
26/07/2019;06:00;0;0;0
26/07/2019;06:15;0;0;0
26/07/2019;06:30;0;0;0
26/07/2019;06:45;0;0;0
26/07/2019;07:00;0;0;0
26/07/2019;07:15;0;0;0
26/07/2019;07:30;0;0;0
26/07/2019;07:45;0;0;0
26/07/2019;08:00;0;0;0
26/07/2019;08:15;0;0;0
26/07/2019;08:30;0;0;0
26/07/2019;08:45;0;0;0
26/07/2019;09:00;0;0;0
26/07/2019;09:15;0;0;0
26/07/2019;09:30;0;0;0
26/07/2019;09:45;0;0;0
26/07/2019;10:00;0;0;0
26/07/2019;10:15;0;0;0
26/07/2019;10:30;0;0;0
26/07/2019;10:45;0;0;0
26/07/2019;11:00;0;0;0
26/07/2019;11:15;0;0;0
26/07/2019;11:30;0;0;0
26/07/2019;11:45;0;0;0
26/07/2019;12:00;0;0;0
26/07/2019;12:15;0;0;0
26/07/2019;12:30;0;0;0
26/07/2019;12:45;0;0;0
26/07/2019;13:00;0;0;0
26/07/2019;13:15;0;0;0
26/07/2019;13:30;0;0;0
26/07/2019;13:45;0;0;0
26/07/2019;14:00;0;0;0
26/07/2019;14:15;0;0;0
26/07/2019;14:30;0;0;0
26/07/2019;14:45;0;0;0
26/07/2019;15:00;0;0;0
26/07/2019;15:15;0;0;0
26/07/2019;15:30;0;0;0
26/07/2019;15:45;0;0;0
26/07/2019;16:00;0;0;0
26/07/2019;16:15;0;0;0
26/07/2019;16:30;0;0;0
26/07/2019;16:45;0;0;0
26/07/2019;17:00;0;0;0
26/07/2019;17:15;0;0;0
26/07/2019;17:30;0;0;0
26/07/2019;17:45;0;0;0
26/07/2019;18:00;0;0;0
26/07/2019;18:15;0;0;0
26/07/2019;18:30;0;0;0
26/07/2019;18:45;0;0;0
26/07/2019;19:00;0;0;0
26/07/2019;19:15;0;0;0
26/07/2019;19:30;0;0;0
26/07/2019;19:45;0;0;0
26/07/2019;20:00;0;0;0
26/07/2019;20:15;0;0;0
26/07/2019;20:30;0;0;0
26/07/2019;20:45;0;0;0
26/07/2019;21:00;0;0;0
26/07/2019;21:15;0;0;0
26/07/2019;21:30;0;0;0
26/07/2019;21:45;0;0;0
26/07/2019;22:00;0;0;0
26/07/2019;22:15;0;0;0
26/07/2019;22:30;0;0;0
26/07/2019;22:45;0;0;0
26/07/2019;23:00;0;0;0
26/07/2019;23:15;0;0;0
26/07/2019;23:30;0;0;0
26/07/2019;23:45;0;0;0
27/07/2019;00:00;0;0;0
27/07/2019;00:15;0;0;0
27/07/2019;00:30;0;0;0
27/07/2019;00:45;0;0;0
27/07/2019;01:00;0;0;0
27/07/2019;01:15;0;0;0
27/07/2019;01:30;0;0;0
27/07/2019;01:45;0;0;0
27/07/2019;02:00;0;0;0
27/07/2019;02:15;0;0;0
27/07/2019;02:30;0;0;0
27/07/2019;02:45;0;0;0
27/07/2019;03:00;0;0;0
27/07/2019;03:15;0;0;0
27/07/2019;03:30;0;0;0
27/07/2019;03:45;0;0;0
27/07/2019;04:00;0;0;0
27/07/2019;04:15;0;0;0
27/07/2019;04:30;0;0;0
27/07/2019;04:45;0;0;0
27/07/2019;05:00;0;0;0
27/07/2019;05:15;0;0;0
27/07/2019;05:30;0;0;0
27/07/2019;05:45;0;0;0
27/07/2019;06:00;0;0;0
27/07/2019;06:15;0;0;0
27/07/2019;06:30;0;0;0
27/07/2019;06:45;0;0;0
27/07/2019;07:00;0;0;0
27/07/2019;07:15;0;0;0
27/07/2019;07:30;0;0;0
27/07/2019;07:45;0;0;0
27/07/2019;08:00;0;0;0
27/07/2019;08:15;0;0;0
27/07/2019;08:30;0;0;0
27/07/2019;08:45;0;0;0
27/07/2019;09:00;0;0;0
27/07/2019;09:15;0;0;0
27/07/2019;09:30;0;0;0
27/07/2019;09:45;0;0;0
27/07/2019;10:00;0;0;0
27/07/2019;10:15;0;0;0
27/07/2019;10:30;0;0;0
27/07/2019;10:45;0;0;0
27/07/2019;11:00;0;0;0
27/07/2019;11:15;0;0;0
27/07/2019;11:30;0;0;0
27/07/2019;11:45;0;0;0
27/07/2019;12:00;0;0;0
27/07/2019;12:15;0;0;0
27/07/2019;12:30;0;0;0
27/07/2019;12:45;0;0;0
27/07/2019;13:00;0;0;0
27/07/2019;13:15;0;0;0
27/07/2019;13:30;0;0;0
27/07/2019;13:45;0;0;0
27/07/2019;14:00;0;0;0
27/07/2019;14:15;0;0;0
27/07/2019;14:30;0;0;0
27/07/2019;14:45;0;0;0
27/07/2019;15:00;0;0;0
27/07/2019;15:15;0;0;0
27/07/2019;15:30;0;0;0
27/07/2019;15:45;0;0;0
27/07/2019;16:00;0;0;0
27/07/2019;16:15;0;0;0
27/07/2019;16:30;0;0;0
27/07/2019;16:45;0;0;0
27/07/2019;17:00;0;0;0
27/07/2019;17:15;0;0;0
27/07/2019;17:30;0;0;0
27/07/2019;17:45;0;0;0
27/07/2019;18:00;0;0;0
27/07/2019;18:15;0;0;0
27/07/2019;18:30;0;0;0
27/07/2019;18:45;0;0;0
27/07/2019;19:00;0;0;0
27/07/2019;19:15;0;0;0
27/07/2019;19:30;0;0;0
27/07/2019;19:45;0;0;0
27/07/2019;20:00;0;0;0
27/07/2019;20:15;0;0;0
27/07/2019;20:30;0;0;0
27/07/2019;20:45;0;0;0
27/07/2019;21:00;0;0;0
27/07/2019;21:15;0;0;0
27/07/2019;21:30;0;0;0
27/07/2019;21:45;0;0;0
27/07/2019;22:00;0;0;0
27/07/2019;22:15;0;0;0
27/07/2019;22:30;0;0;0
27/07/2019;22:45;0;0;0
27/07/2019;23:00;0;0;0
27/07/2019;23:15;0;0;0
27/07/2019;23:30;0;0;0
27/07/2019;23:45;0;0;0
28/07/2019;00:00;0;0;0
28/07/2019;00:15;0;0;0
28/07/2019;00:30;0;0;0
28/07/2019;00:45;0;0;0
28/07/2019;01:00;0;0;0
28/07/2019;01:15;0;0;0
28/07/2019;01:30;0;0;0
28/07/2019;01:45;0;0;0
28/07/2019;02:00;0;0;0
28/07/2019;02:15;0;0;0
28/07/2019;02:30;0;0;0
28/07/2019;02:45;0;0;0
28/07/2019;03:00;0;0;0
28/07/2019;03:15;0;0;0
28/07/2019;03:30;0;0;0
28/07/2019;03:45;0;0;0
28/07/2019;04:00;0;0;0
28/07/2019;04:15;0;0;0
28/07/2019;04:30;0;0;0
28/07/2019;04:45;0;0;0
28/07/2019;05:00;0;0;0
28/07/2019;05:15;0;0;0
28/07/2019;05:30;0;0;0
28/07/2019;05:45;0;0;0
28/07/2019;06:00;0;0;0
28/07/2019;06:15;0;0;0
28/07/2019;06:30;0;0;0
28/07/2019;06:45;0;0;0
28/07/2019;07:00;0;0;0
28/07/2019;07:15;0;0;0
28/07/2019;07:30;0;0;0
28/07/2019;07:45;0;0;0
28/07/2019;08:00;0;0;0
28/07/2019;08:15;0;0;0
28/07/2019;08:30;0;0;0
28/07/2019;08:45;0;0;0
28/07/2019;09:00;0;0;0
28/07/2019;09:15;0;0;0
28/07/2019;09:30;0;0;0
28/07/2019;09:45;0;0;0
28/07/2019;10:00;0;0;0
28/07/2019;10:15;0;0;0
28/07/2019;10:30;0;0;0
28/07/2019;10:45;0;0;0
28/07/2019;11:00;0;0;0
28/07/2019;11:15;0;0;0
28/07/2019;11:30;0;0;0
28/07/2019;11:45;0;0;0
28/07/2019;12:00;0;0;0
28/07/2019;12:15;0;0;0
28/07/2019;12:30;0;0;0
28/07/2019;12:45;0;0;0
28/07/2019;13:00;0;0;0
28/07/2019;13:15;0;0;0
28/07/2019;13:30;0;0;0
28/07/2019;13:45;0;0;0
28/07/2019;14:00;0;0;0
28/07/2019;14:15;0;0;0
28/07/2019;14:30;0;0;0
28/07/2019;14:45;0;0;0
28/07/2019;15:00;0;0;0
28/07/2019;15:15;0;0;0
28/07/2019;15:30;0;0;0
28/07/2019;15:45;0;0;0
28/07/2019;16:00;0;0;0
28/07/2019;16:15;0;0;0
28/07/2019;16:30;0;0;0
28/07/2019;16:45;0;0;0
28/07/2019;17:00;0;0;0
28/07/2019;17:15;0;0;0
28/07/2019;17:30;0;0;0
28/07/2019;17:45;0;0;0
28/07/2019;18:00;0;0;0
28/07/2019;18:15;0;0;0
28/07/2019;18:30;0;0;0
28/07/2019;18:45;0;0;0
28/07/2019;19:00;0;0;0
28/07/2019;19:15;0;0;0
28/07/2019;19:30;0;0;0
28/07/2019;19:45;0;0;0
28/07/2019;20:00;0;0;0
28/07/2019;20:15;0;0;0
28/07/2019;20:30;0;0;0
28/07/2019;20:45;0;0;0
28/07/2019;21:00;0;0;0
28/07/2019;21:15;0;0;0
28/07/2019;21:30;0;0;0
28/07/2019;21:45;0;0;0
28/07/2019;22:00;0;0;0
28/07/2019;22:15;0;0;0
28/07/2019;22:30;0;0;0
28/07/2019;22:45;0;0;0
28/07/2019;23:00;0;0;0
28/07/2019;23:15;0;0;0
28/07/2019;23:30;0;0;0
28/07/2019;23:45;0;0;0
29/07/2019;00:00;0;0;0
29/07/2019;00:15;0;0;0
29/07/2019;00:30;0;0;0
29/07/2019;00:45;0;0;0
29/07/2019;01:00;0;0;0
29/07/2019;01:15;0;0;0
29/07/2019;01:30;0;0;0
29/07/2019;01:45;0;0;0
29/07/2019;02:00;0;0;0
29/07/2019;02:15;0;0;0
29/07/2019;02:30;0;0;0
29/07/2019;02:45;0;0;0
29/07/2019;03:00;0;0;0
29/07/2019;03:15;0;0;0
29/07/2019;03:30;0;0;0
29/07/2019;03:45;0;0;0
29/07/2019;04:00;0;0;0
29/07/2019;04:15;0;0;0
29/07/2019;04:30;0;0;0
29/07/2019;04:45;0;0;0
29/07/2019;05:00;0;0;0
29/07/2019;05:15;0;0;0
29/07/2019;05:30;0;0;0
29/07/2019;05:45;0;0;0
29/07/2019;06:00;0;0;0
29/07/2019;06:15;0;0;0
29/07/2019;06:30;0;0;0
29/07/2019;06:45;0;0;0
29/07/2019;07:00;0;0;0
29/07/2019;07:15;0;0;0
29/07/2019;07:30;0;0;0
29/07/2019;07:45;0;0;0
29/07/2019;08:00;0;0;0
29/07/2019;08:15;0;0;0
29/07/2019;08:30;0;0;0
29/07/2019;08:45;0;0;0
29/07/2019;09:00;0;0;0
29/07/2019;09:15;0;0;0
29/07/2019;09:30;0;0;0
29/07/2019;09:45;0;0;0
29/07/2019;10:00;0;0;0
29/07/2019;10:15;0;0;0
29/07/2019;10:30;0;0;0
29/07/2019;10:45;0;0;0
29/07/2019;11:00;0;0;0
29/07/2019;11:15;0;0;0
29/07/2019;11:30;0;0;0
29/07/2019;11:45;0;0;0
29/07/2019;12:00;0;0;0
29/07/2019;12:15;0;0;0
29/07/2019;12:30;0;0;0
29/07/2019;12:45;0;0;0
29/07/2019;13:00;0;0;0
29/07/2019;13:15;0;0;0
29/07/2019;13:30;0;0;0
29/07/2019;13:45;0;0;0
29/07/2019;14:00;0;0;0
29/07/2019;14:15;0;0;0
29/07/2019;14:30;0;0;0
29/07/2019;14:45;0;0;0
29/07/2019;15:00;0;0;0
29/07/2019;15:15;0;0;0
29/07/2019;15:30;0;0;0
29/07/2019;15:45;0;0;0
29/07/2019;16:00;0;0;0
29/07/2019;16:15;0;0;0
29/07/2019;16:30;0;0;0
29/07/2019;16:45;0;0;0
29/07/2019;17:00;0;0;0
29/07/2019;17:15;0;0;0
29/07/2019;17:30;0;0;0
29/07/2019;17:45;0;0;0
29/07/2019;18:00;0;0;0
29/07/2019;18:15;0;0;0
29/07/2019;18:30;0;0;0
29/07/2019;18:45;0;0;0
29/07/2019;19:00;0;0;0
29/07/2019;19:15;0;0;0
29/07/2019;19:30;0;0;0
29/07/2019;19:45;0;0;0
29/07/2019;20:00;0;0;0
29/07/2019;20:15;0;0;0
29/07/2019;20:30;0;0;0
29/07/2019;20:45;0;0;0
29/07/2019;21:00;0;0;0
29/07/2019;21:15;0;0;0
29/07/2019;21:30;0;0;0
29/07/2019;21:45;0;0;0
29/07/2019;22:00;0;0;0
29/07/2019;22:15;0;0;0
29/07/2019;22:30;0;0;0
29/07/2019;22:45;0;0;0
29/07/2019;23:00;0;0;0
29/07/2019;23:15;0;0;0
29/07/2019;23:30;0;0;0
29/07/2019;23:45;0;0;0
30/07/2019;00:00;0;0;0
30/07/2019;00:15;0;0;0
30/07/2019;00:30;0;0;0
30/07/2019;00:45;0;0;0
30/07/2019;01:00;0;0;0
30/07/2019;01:15;0;0;0
30/07/2019;01:30;0;0;0
30/07/2019;01:45;0;0;0
30/07/2019;02:00;0;0;0
30/07/2019;02:15;0;0;0
30/07/2019;02:30;0;0;0
30/07/2019;02:45;0;0;0
30/07/2019;03:00;0;0;0
30/07/2019;03:15;0;0;0
30/07/2019;03:30;0;0;0
30/07/2019;03:45;0;0;0
30/07/2019;04:00;0;0;0
30/07/2019;04:15;0;0;0
30/07/2019;04:30;0;0;0
30/07/2019;04:45;0;0;0
30/07/2019;05:00;0;0;0
30/07/2019;05:15;0;0;0
30/07/2019;05:30;0;0;0
30/07/2019;05:45;0;0;0
30/07/2019;06:00;0;0;0
30/07/2019;06:15;0;0;0
30/07/2019;06:30;0;0;0
30/07/2019;06:45;0;0;0
30/07/2019;07:00;0;0;0
30/07/2019;07:15;0;0;0
30/07/2019;07:30;0;0;0
30/07/2019;07:45;0;0;0
30/07/2019;08:00;0;0;0
30/07/2019;08:15;0;0;0
30/07/2019;08:30;0;0;0
30/07/2019;08:45;0;0;0
30/07/2019;09:00;0;0;0
30/07/2019;09:15;0;0;0
30/07/2019;09:30;0;0;0
30/07/2019;09:45;260;138;122
30/07/2019;10:00;240;138;102
30/07/2019;10:15;240;122;118
30/07/2019;10:30;225;117;108
30/07/2019;10:45;268;161;107
30/07/2019;11:00;299;162;137
30/07/2019;11:15;271;108;163
30/07/2019;11:30;280;146;134
30/07/2019;11:45;274;131;143
30/07/2019;12:00;273;128;145
30/07/2019;12:15;267;129;138
30/07/2019;12:30;273;111;162
30/07/2019;12:45;286;141;145
30/07/2019;13:00;249;101;148
30/07/2019;13:15;264;123;141
30/07/2019;13:30;284;132;152
30/07/2019;13:45;291;143;148
30/07/2019;14:00;277;123;154
30/07/2019;14:15;267;123;144
30/07/2019;14:30;254;142;112
30/07/2019;14:45;279;145;134
30/07/2019;15:00;272;142;130
30/07/2019;15:15;285;125;160
30/07/2019;15:30;318;162;156
30/07/2019;15:45;309;135;174
30/07/2019;16:00;317;162;155
30/07/2019;16:15;342;172;170
30/07/2019;16:30;394;200;194
30/07/2019;16:45;321;134;187
30/07/2019;17:00;356;156;200
30/07/2019;17:15;372;180;192
30/07/2019;17:30;379;192;187
30/07/2019;17:45;394;198;196
30/07/2019;18:00;362;159;203
30/07/2019;18:15;351;187;164
30/07/2019;18:30;282;125;157
30/07/2019;18:45;377;183;194
30/07/2019;19:00;275;121;154
30/07/2019;19:15;276;147;129
30/07/2019;19:30;276;142;134
30/07/2019;19:45;268;119;149
30/07/2019;20:00;241;108;133
30/07/2019;20:15;216;92;124
30/07/2019;20:30;176;68;108
30/07/2019;20:45;190;84;106
30/07/2019;21:00;186;74;112
30/07/2019;21:15;171;75;96
30/07/2019;21:30;166;77;89
30/07/2019;21:45;156;65;91
30/07/2019;22:00;144;60;84
30/07/2019;22:15;101;45;56
30/07/2019;22:30;114;57;57
30/07/2019;22:45;82;33;49
30/07/2019;23:00;114;28;86
30/07/2019;23:15;46;12;34
30/07/2019;23:30;53;20;33
30/07/2019;23:45;39;13;26
31/07/2019;00:00;25;11;14
31/07/2019;00:15;23;8;15
31/07/2019;00:30;20;9;11
31/07/2019;00:45;24;13;11
31/07/2019;01:00;29;8;21
31/07/2019;01:15;34;17;17
31/07/2019;01:30;8;1;7
31/07/2019;01:45;9;4;5
31/07/2019;02:00;12;3;9
31/07/2019;02:15;9;3;6
31/07/2019;02:30;5;3;2
31/07/2019;02:45;6;2;4
31/07/2019;03:00;4;2;2
31/07/2019;03:15;1;1;0
31/07/2019;03:30;2;1;1
31/07/2019;03:45;1;1;0
31/07/2019;04:00;2;2;0
31/07/2019;04:15;2;2;0
31/07/2019;04:30;1;1;0
31/07/2019;04:45;3;1;2
31/07/2019;05:00;1;1;0
31/07/2019;05:15;4;0;4
31/07/2019;05:30;7;4;3
31/07/2019;05:45;38;28;10
31/07/2019;06:00;19;9;10
31/07/2019;06:15;33;24;9
31/07/2019;06:30;56;35;21
31/07/2019;06:45;104;66;38
31/07/2019;07:00;58;37;21
31/07/2019;07:15;99;60;39
31/07/2019;07:30;138;87;51
31/07/2019;07:45;242;149;93
31/07/2019;08:00;194;113;81
31/07/2019;08:15;180;99;81
31/07/2019;08:30;203;122;81
31/07/2019;08:45;269;170;99
31/07/2019;09:00;184;126;58
31/07/2019;09:15;189;116;73
31/07/2019;09:30;171;112;59
31/07/2019;09:45;216;137;79
31/07/2019;10:00;175;105;70
31/07/2019;10:15;190;116;74
31/07/2019;10:30;195;128;67
31/07/2019;10:45;219;111;108
31/07/2019;11:00;188;93;95
31/07/2019;11:15;197;109;88
31/07/2019;11:30;254;116;138
31/07/2019;11:45;240;128;112
31/07/2019;12:00;278;113;165
31/07/2019;12:15;208;101;107
31/07/2019;12:30;229;122;107
31/07/2019;12:45;244;120;124
31/07/2019;13:00;237;121;116
31/07/2019;13:15;205;91;114
31/07/2019;13:30;216;108;108
31/07/2019;13:45;225;105;120
31/07/2019;14:00;259;136;123
31/07/2019;14:15;203;94;109
31/07/2019;14:30;239;133;106
31/07/2019;14:45;263;119;144
31/07/2019;15:00;242;113;129
31/07/2019;15:15;247;124;123
31/07/2019;15:30;283;146;137
31/07/2019;15:45;272;138;134
31/07/2019;16:00;290;145;145
31/07/2019;16:15;332;177;155
31/07/2019;16:30;365;170;195
31/07/2019;16:45;381;211;170
31/07/2019;17:00;304;126;178
31/07/2019;17:15;355;186;169
31/07/2019;17:30;347;185;162
31/07/2019;17:45;386;198;188
31/07/2019;18:00;335;166;169
31/07/2019;18:15;347;188;159
31/07/2019;18:30;352;189;163
31/07/2019;18:45;350;227;123
31/07/2019;19:00;333;209;124
31/07/2019;19:15;313;195;118
31/07/2019;19:30;277;201;76
31/07/2019;19:45;318;205;113
31/07/2019;20:00;298;180;118
31/07/2019;20:15;219;138;81
31/07/2019;20:30;194;118;76
31/07/2019;20:45;194;106;88
31/07/2019;21:00;164;70;94
31/07/2019;21:15;180;85;95
31/07/2019;21:30;169;75;94
31/07/2019;21:45;164;55;109
31/07/2019;22:00;139;39;100
31/07/2019;22:15;121;38;83
31/07/2019;22:30;144;54;90
31/07/2019;22:45;130;39;91
31/07/2019;23:00;130;28;102
31/07/2019;23:15;124;21;103
31/07/2019;23:30;107;12;95
31/07/2019;23:45;122;16;106
01/08/2019;00:00;108;9;99
01/08/2019;00:15;102;8;94
01/08/2019;00:30;113;8;105
01/08/2019;00:45;93;6;87
01/08/2019;01:00;86;3;83
01/08/2019;01:15;104;6;98
01/08/2019;01:30;79;1;78
01/08/2019;01:45;34;5;29
01/08/2019;02:00;22;4;18
01/08/2019;02:15;34;10;24
01/08/2019;02:30;9;4;5
01/08/2019;02:45;11;1;10
01/08/2019;03:00;17;7;10
01/08/2019;03:15;5;2;3
01/08/2019;03:30;7;1;6
01/08/2019;03:45;8;2;6
01/08/2019;04:00;11;4;7
01/08/2019;04:15;5;2;3
01/08/2019;04:30;4;1;3
01/08/2019;04:45;3;1;2
01/08/2019;05:00;6;1;5
01/08/2019;05:15;12;7;5
01/08/2019;05:30;17;9;8
01/08/2019;05:45;34;22;12
01/08/2019;06:00;33;17;16
01/08/2019;06:15;41;19;22
01/08/2019;06:30;47;25;22
01/08/2019;06:45;71;38;33
01/08/2019;07:00;67;32;35
01/08/2019;07:15;95;57;38
01/08/2019;07:30;138;80;58
01/08/2019;07:45;231;122;109
01/08/2019;08:00;195;97;98
01/08/2019;08:15;232;125;107
01/08/2019;08:30;211;115;96
01/08/2019;08:45;295;183;112
01/08/2019;09:00;235;144;91
01/08/2019;09:15;224;147;77
01/08/2019;09:30;208;137;71
01/08/2019;09:45;249;131;118
01/08/2019;10:00;257;130;127
01/08/2019;10:15;238;128;110
01/08/2019;10:30;217;126;91
01/08/2019;10:45;259;143;116
01/08/2019;11:00;231;111;120
01/08/2019;11:15;286;135;151
01/08/2019;11:30;307;162;145
01/08/2019;11:45;285;139;146
01/08/2019;12:00;296;154;142
01/08/2019;12:15;282;131;151
01/08/2019;12:30;264;122;142
01/08/2019;12:45;308;159;149
01/08/2019;13:00;283;129;154
01/08/2019;13:15;262;108;154
01/08/2019;13:30;279;120;159
01/08/2019;13:45;294;132;162
01/08/2019;14:00;311;159;152
01/08/2019;14:15;286;144;142
01/08/2019;14:30;268;138;130
01/08/2019;14:45;280;152;128
01/08/2019;15:00;296;156;140
01/08/2019;15:15;268;122;146
01/08/2019;15:30;337;164;173
01/08/2019;15:45;316;151;165
01/08/2019;16:00;281;140;141
01/08/2019;16:15;356;200;156
01/08/2019;16:30;324;151;173
01/08/2019;16:45;358;172;186
01/08/2019;17:00;428;195;233
01/08/2019;17:15;316;176;140
01/08/2019;17:30;362;167;195
01/08/2019;17:45;408;246;162
01/08/2019;18:00;375;200;175
01/08/2019;18:15;361;210;151
01/08/2019;18:30;379;193;186
01/08/2019;18:45;350;201;149
01/08/2019;19:00;349;204;145
01/08/2019;19:15;296;162;134
01/08/2019;19:30;272;161;111
01/08/2019;19:45;264;154;110
01/08/2019;20:00;267;171;96
01/08/2019;20:15;260;133;127
01/08/2019;20:30;198;96;102
01/08/2019;20:45;192;100;92
01/08/2019;21:00;183;95;88
01/08/2019;21:15;171;72;99
01/08/2019;21:30;144;71;73
01/08/2019;21:45;133;58;75
01/08/2019;22:00;139;67;72
01/08/2019;22:15;147;59;88
01/08/2019;22:30;117;36;81
01/08/2019;22:45;99;25;74
01/08/2019;23:00;94;29;65
01/08/2019;23:15;93;19;74
01/08/2019;23:30;89;17;72
01/08/2019;23:45;91;9;82
02/08/2019;00:00;89;11;78
02/08/2019;00:15;57;6;51
02/08/2019;00:30;70;8;62
02/08/2019;00:45;83;16;67
02/08/2019;01:00;91;12;79
02/08/2019;01:15;59;7;52
02/08/2019;01:30;31;3;28
02/08/2019;01:45;35;8;27
02/08/2019;02:00;15;8;7
02/08/2019;02:15;14;7;7
02/08/2019;02:30;7;0;7
02/08/2019;02:45;6;0;6
02/08/2019;03:00;9;3;6
02/08/2019;03:15;8;1;7
02/08/2019;03:30;7;6;1
02/08/2019;03:45;7;5;2
02/08/2019;04:00;3;3;0
02/08/2019;04:15;4;0;4
02/08/2019;04:30;3;2;1
02/08/2019;04:45;5;0;5
02/08/2019;05:00;7;4;3
02/08/2019;05:15;10;7;3
02/08/2019;05:30;16;11;5
02/08/2019;05:45;27;20;7
02/08/2019;06:00;24;13;11
02/08/2019;06:15;39;27;12
02/08/2019;06:30;44;25;19
02/08/2019;06:45;84;50;34
02/08/2019;07:00;69;38;31
02/08/2019;07:15;102;70;32
02/08/2019;07:30;149;93;56
02/08/2019;07:45;224;121;103
02/08/2019;08:00;188;117;71
02/08/2019;08:15;201;132;69
02/08/2019;08:30;188;115;73
02/08/2019;08:45;232;139;93
02/08/2019;09:00;207;140;67
02/08/2019;09:15;186;124;62
02/08/2019;09:30;232;151;81
02/08/2019;09:45;223;137;86
02/08/2019;10:00;229;142;87
02/08/2019;10:15;191;111;80
02/08/2019;10:30;196;111;85
02/08/2019;10:45;219;138;81
02/08/2019;11:00;253;162;91
02/08/2019;11:15;240;142;98
02/08/2019;11:30;266;151;115
02/08/2019;11:45;250;115;135
02/08/2019;12:00;276;135;141
02/08/2019;12:15;183;75;108
02/08/2019;12:30;126;58;68
02/08/2019;12:45;160;75;85
02/08/2019;13:00;237;95;142
02/08/2019;13:15;202;94;108
02/08/2019;13:30;232;104;128
02/08/2019;13:45;190;105;85
02/08/2019;14:00;183;96;87
02/08/2019;14:15;208;139;69
02/08/2019;14:30;262;115;147
02/08/2019;14:45;261;135;126
02/08/2019;15:00;254;129;125
02/08/2019;15:15;244;128;116
02/08/2019;15:30;206;108;98
02/08/2019;15:45;244;123;121
02/08/2019;16:00;234;114;120
02/08/2019;16:15;271;126;145
02/08/2019;16:30;274;149;125
02/08/2019;16:45;285;136;149
02/08/2019;17:00;290;128;162
02/08/2019;17:15;228;111;117
02/08/2019;17:30;272;137;135
02/08/2019;17:45;245;141;104
02/08/2019;18:00;290;149;141
02/08/2019;18:15;225;112;113
02/08/2019;18:30;305;159;146
02/08/2019;18:45;310;192;118
02/08/2019;19:00;256;138;118
02/08/2019;19:15;261;127;134
02/08/2019;19:30;204;126;78
02/08/2019;19:45;210;111;99
02/08/2019;20:00;194;132;62
02/08/2019;20:15;194;107;87
02/08/2019;20:30;174;106;68
02/08/2019;20:45;159;98;61
02/08/2019;21:00;132;60;72
02/08/2019;21:15;142;78;64
02/08/2019;21:30;134;56;78
02/08/2019;21:45;118;48;70
02/08/2019;22:00;102;40;62
02/08/2019;22:15;124;32;92
02/08/2019;22:30;144;42;102
02/08/2019;22:45;109;31;78
02/08/2019;23:00;74;19;55
02/08/2019;23:15;121;42;79
02/08/2019;23:30;101;15;86
02/08/2019;23:45;91;21;70
03/08/2019;00:00;93;31;62
03/08/2019;00:15;84;19;65
03/08/2019;00:30;90;7;83
03/08/2019;00:45;92;15;77
03/08/2019;01:00;107;13;94
03/08/2019;01:15;79;13;66
03/08/2019;01:30;47;6;41
03/08/2019;01:45;46;7;39
03/08/2019;02:00;41;7;34
03/08/2019;02:15;38;15;23
03/08/2019;02:30;20;3;17
03/08/2019;02:45;17;3;14
03/08/2019;03:00;16;4;12
03/08/2019;03:15;18;4;14
03/08/2019;03:30;18;2;16
03/08/2019;03:45;9;5;4
03/08/2019;04:00;4;1;3
03/08/2019;04:15;5;3;2
03/08/2019;04:30;9;7;2
03/08/2019;04:45;7;3;4
03/08/2019;05:00;0;0;0
03/08/2019;05:15;4;3;1
03/08/2019;05:30;9;6;3
03/08/2019;05:45;15;13;2
03/08/2019;06:00;8;5;3
03/08/2019;06:15;22;18;4
03/08/2019;06:30;22;15;7
03/08/2019;06:45;26;20;6
03/08/2019;07:00;20;8;12
03/08/2019;07:15;28;17;11
03/08/2019;07:30;26;15;11
03/08/2019;07:45;43;24;19
03/08/2019;08:00;52;29;23
03/08/2019;08:15;67;38;29
03/08/2019;08:30;83;52;31
03/08/2019;08:45;107;63;44
03/08/2019;09:00;123;88;35
03/08/2019;09:15;140;89;51
03/08/2019;09:30;204;117;87
03/08/2019;09:45;234;143;91
03/08/2019;10:00;186;116;70
03/08/2019;10:15;204;123;81
03/08/2019;10:30;222;125;97
03/08/2019;10:45;241;123;118
03/08/2019;11:00;275;155;120
03/08/2019;11:15;275;157;118
03/08/2019;11:30;271;155;116
03/08/2019;11:45;285;158;127
03/08/2019;12:00;322;170;152
03/08/2019;12:15;250;124;126
03/08/2019;12:30;233;120;113
03/08/2019;12:45;241;145;96
03/08/2019;13:00;227;105;122
03/08/2019;13:15;238;109;129
03/08/2019;13:30;237;116;121
03/08/2019;13:45;299;154;145
03/08/2019;14:00;242;109;133
03/08/2019;14:15;220;106;114
03/08/2019;14:30;235;135;100
03/08/2019;14:45;253;113;140
03/08/2019;15:00;286;139;147
03/08/2019;15:15;253;106;147
03/08/2019;15:30;230;119;111
03/08/2019;15:45;244;104;140
03/08/2019;16:00;242;109;133
03/08/2019;16:15;274;125;149
03/08/2019;16:30;245;118;127
03/08/2019;16:45;239;116;123
03/08/2019;17:00;251;107;144
03/08/2019;17:15;248;87;161
03/08/2019;17:30;249;126;123
03/08/2019;17:45;270;142;128
03/08/2019;18:00;236;134;102
03/08/2019;18:15;228;122;106
03/08/2019;18:30;243;122;121
03/08/2019;18:45;246;150;96
03/08/2019;19:00;219;123;96
03/08/2019;19:15;226;126;100
03/08/2019;19:30;197;114;83
03/08/2019;19:45;204;98;106
03/08/2019;20:00;174;87;87
03/08/2019;20:15;205;116;89
03/08/2019;20:30;152;81;71
03/08/2019;20:45;141;86;55
03/08/2019;21:00;138;63;75
03/08/2019;21:15;131;60;71
03/08/2019;21:30;105;50;55
03/08/2019;21:45;115;59;56
03/08/2019;22:00;81;40;41
03/08/2019;22:15;73;30;43
03/08/2019;22:30;134;68;66
03/08/2019;22:45;104;47;57
03/08/2019;23:00;91;30;61
03/08/2019;23:15;99;32;67
03/08/2019;23:30;87;33;54
03/08/2019;23:45;54;10;44
04/08/2019;00:00;85;25;60
04/08/2019;00:15;92;29;63
04/08/2019;00:30;62;17;45
04/08/2019;00:45;80;20;60
04/08/2019;01:00;68;13;55
04/08/2019;01:15;62;16;46
04/08/2019;01:30;51;8;43
04/08/2019;01:45;48;17;31
04/08/2019;02:00;38;10;28
04/08/2019;02:15;30;16;14
04/08/2019;02:30;48;14;34
04/08/2019;02:45;27;13;14
04/08/2019;03:00;20;9;11
04/08/2019;03:15;15;6;9
04/08/2019;03:30;8;2;6
04/08/2019;03:45;8;4;4
04/08/2019;04:00;13;6;7
04/08/2019;04:15;13;5;8
04/08/2019;04:30;7;2;5
04/08/2019;04:45;10;7;3
04/08/2019;05:00;1;0;1
04/08/2019;05:15;4;2;2
04/08/2019;05:30;10;4;6
04/08/2019;05:45;18;12;6
04/08/2019;06:00;10;8;2
04/08/2019;06:15;11;6;5
04/08/2019;06:30;10;9;1
04/08/2019;06:45;17;10;7
04/08/2019;07:00;24;12;12
04/08/2019;07:15;20;10;10
04/08/2019;07:30;18;16;2
04/08/2019;07:45;27;18;9
04/08/2019;08:00;35;22;13
04/08/2019;08:15;28;14;14
04/08/2019;08:30;34;14;20
04/08/2019;08:45;56;30;26
04/08/2019;09:00;77;43;34
04/08/2019;09:15;80;48;32
04/08/2019;09:30;90;42;48
04/08/2019;09:45;139;73;66
04/08/2019;10:00;120;50;70
04/08/2019;10:15;150;66;84
04/08/2019;10:30;121;54;67
04/08/2019;10:45;164;73;91
04/08/2019;11:00;184;84;100
04/08/2019;11:15;181;88;93
04/08/2019;11:30;183;90;93
04/08/2019;11:45;185;82;103
04/08/2019;12:00;182;77;105
04/08/2019;12:15;181;90;91
04/08/2019;12:30;201;94;107
04/08/2019;12:45;184;78;106
04/08/2019;13:00;225;93;132
04/08/2019;13:15;175;73;102
04/08/2019;13:30;215;98;117
04/08/2019;13:45;183;74;109
04/08/2019;14:00;234;109;125
04/08/2019;14:15;182;87;95
04/08/2019;14:30;203;75;128
04/08/2019;14:45;196;86;110
04/08/2019;15:00;224;102;122
04/08/2019;15:15;201;88;113
04/08/2019;15:30;192;89;103
04/08/2019;15:45;190;93;97
04/08/2019;16:00;195;98;97
04/08/2019;16:15;202;99;103
04/08/2019;16:30;186;102;84
04/08/2019;16:45;195;103;92
04/08/2019;17:00;208;104;104
04/08/2019;17:15;215;100;115
04/08/2019;17:30;214;117;97
04/08/2019;17:45;209;127;82
04/08/2019;18:00;261;142;119
04/08/2019;18:15;218;129;89
04/08/2019;18:30;208;121;87
04/08/2019;18:45;225;131;94
04/08/2019;19:00;190;111;79
04/08/2019;19:15;173;93;80
04/08/2019;19:30;151;73;78
04/08/2019;19:45;177;91;86
04/08/2019;20:00;173;83;90
04/08/2019;20:15;132;75;57
04/08/2019;20:30;139;59;80
04/08/2019;20:45;131;65;66
04/08/2019;21:00;110;54;56
04/08/2019;21:15;97;43;54
04/08/2019;21:30;93;42;51
04/08/2019;21:45;74;32;42
04/08/2019;22:00;73;40;33
04/08/2019;22:15;66;28;38
04/08/2019;22:30;43;19;24
04/08/2019;22:45;54;17;37
04/08/2019;23:00;44;19;25
04/08/2019;23:15;18;6;12
04/08/2019;23:30;19;6;13
04/08/2019;23:45;20;8;12
05/08/2019;00:00;15;8;7
05/08/2019;00:15;13;4;9
05/08/2019;00:30;10;9;1
05/08/2019;00:45;23;12;11
05/08/2019;01:00;22;10;12
05/08/2019;01:15;9;4;5
05/08/2019;01:30;5;1;4
05/08/2019;01:45;2;2;0
05/08/2019;02:00;2;1;1
05/08/2019;02:15;2;1;1
05/08/2019;02:30;2;1;1
05/08/2019;02:45;0;0;0
05/08/2019;03:00;4;1;3
05/08/2019;03:15;1;1;0
05/08/2019;03:30;0;0;0
05/08/2019;03:45;0;0;0
05/08/2019;04:00;3;1;2
05/08/2019;04:15;3;2;1
05/08/2019;04:30;3;3;0
05/08/2019;04:45;5;4;1
05/08/2019;05:00;4;3;1
05/08/2019;05:15;9;5;4
05/08/2019;05:30;22;14;8
05/08/2019;05:45;37;29;8
05/08/2019;06:00;32;21;11
05/08/2019;06:15;47;35;12
05/08/2019;06:30;73;52;21
05/08/2019;06:45;95;69;26
05/08/2019;07:00;101;61;40
05/08/2019;07:15;109;67;42
05/08/2019;07:30;170;117;53
05/08/2019;07:45;223;130;93
05/08/2019;08:00;168;101;67
05/08/2019;08:15;178;107;71
05/08/2019;08:30;202;131;71
05/08/2019;08:45;219;144;75
05/08/2019;09:00;191;123;68
05/08/2019;09:15;172;116;56
05/08/2019;09:30;189;126;63
05/08/2019;09:45;204;115;89
05/08/2019;10:00;191;112;79
05/08/2019;10:15;225;127;98
05/08/2019;10:30;232;143;89
05/08/2019;10:45;191;111;80
05/08/2019;11:00;209;121;88
05/08/2019;11:15;221;100;121
05/08/2019;11:30;223;143;80
05/08/2019;11:45;230;108;122
05/08/2019;12:00;285;148;137
05/08/2019;12:15;249;123;126
05/08/2019;12:30;261;131;130
05/08/2019;12:45;224;110;114
05/08/2019;13:00;243;115;128
05/08/2019;13:15;238;120;118
05/08/2019;13:30;214;99;115
05/08/2019;13:45;235;118;117
05/08/2019;14:00;251;128;123
05/08/2019;14:15;267;118;149
05/08/2019;14:30;270;150;120
05/08/2019;14:45;260;126;134
05/08/2019;15:00;291;141;150
05/08/2019;15:15;243;95;148
05/08/2019;15:30;257;124;133
05/08/2019;15:45;286;123;163
05/08/2019;16:00;243;116;127
05/08/2019;16:15;306;138;168
05/08/2019;16:30;276;128;148
05/08/2019;16:45;332;151;181
05/08/2019;17:00;315;129;186
05/08/2019;17:15;341;157;184
05/08/2019;17:30;326;159;167
05/08/2019;17:45;333;157;176
05/08/2019;18:00;335;131;204
05/08/2019;18:15;293;136;157
05/08/2019;18:30;276;131;145
05/08/2019;18:45;273;125;148
05/08/2019;19:00;239;109;130
05/08/2019;19:15;238;103;135
05/08/2019;19:30;220;96;124
05/08/2019;19:45;206;90;116
05/08/2019;20:00;189;100;89
05/08/2019;20:15;153;60;93
05/08/2019;20:30;171;85;86
05/08/2019;20:45;174;63;111
05/08/2019;21:00;124;50;74
05/08/2019;21:15;119;45;74
05/08/2019;21:30;123;59;64
05/08/2019;21:45;84;35;49
05/08/2019;22:00;86;28;58
05/08/2019;22:15;58;17;41
05/08/2019;22:30;61;16;45
05/08/2019;22:45;54;21;33
05/08/2019;23:00;66;15;51
05/08/2019;23:15;88;31;57
05/08/2019;23:30;48;25;23
05/08/2019;23:45;27;9;18
06/08/2019;00:00;34;8;26
06/08/2019;00:15;19;13;6
06/08/2019;00:30;24;8;16
06/08/2019;00:45;12;6;6
06/08/2019;01:00;10;4;6
06/08/2019;01:15;4;3;1
06/08/2019;01:30;10;2;8
06/08/2019;01:45;5;3;2
06/08/2019;02:00;8;5;3
06/08/2019;02:15;1;0;1
06/08/2019;02:30;2;1;1
06/08/2019;02:45;4;1;3
06/08/2019;03:00;3;0;3
06/08/2019;03:15;6;0;6
06/08/2019;03:30;0;0;0
06/08/2019;03:45;1;0;1
06/08/2019;04:00;5;5;0
06/08/2019;04:15;0;0;0
06/08/2019;04:30;3;3;0
06/08/2019;04:45;6;4;2
06/08/2019;05:00;2;1;1
06/08/2019;05:15;13;4;9
06/08/2019;05:30;7;4;3
06/08/2019;05:45;23;19;4
06/08/2019;06:00;21;10;11
06/08/2019;06:15;19;10;9
06/08/2019;06:30;32;21;11
06/08/2019;06:45;42;27;15
06/08/2019;07:00;43;26;17
06/08/2019;07:15;45;27;18
06/08/2019;07:30;56;37;19
06/08/2019;07:45;114;64;50
06/08/2019;08:00;99;57;42
06/08/2019;08:15;116;68;48
06/08/2019;08:30;126;73;53
06/08/2019;08:45;172;116;56
06/08/2019;09:00;132;81;51
06/08/2019;09:15;171;97;74
06/08/2019;09:30;138;86;52
06/08/2019;09:45;167;105;62
06/08/2019;10:00;158;82;76
06/08/2019;10:15;177;115;62
06/08/2019;10:30;173;120;53
06/08/2019;10:45;193;124;69
06/08/2019;11:00;187;98;89
06/08/2019;11:15;161;98;63
06/08/2019;11:30;187;104;83
06/08/2019;11:45;219;104;115
06/08/2019;12:00;91;38;53
06/08/2019;12:15;133;54;79
06/08/2019;12:30;105;32;73
06/08/2019;12:45;175;45;130
06/08/2019;13:00;119;63;56
06/08/2019;13:15;139;78;61
06/08/2019;13:30;142;71;71
06/08/2019;13:45;113;46;67
06/08/2019;14:00;135;67;68
06/08/2019;14:15;135;48;87
06/08/2019;14:30;130;69;61
06/08/2019;14:45;118;63;55
06/08/2019;15:00;151;76;75
06/08/2019;15:15;162;91;71
06/08/2019;15:30;180;119;61
06/08/2019;15:45;195;122;73
06/08/2019;16:00;211;103;108
06/08/2019;16:15;206;117;89
06/08/2019;16:30;232;113;119
06/08/2019;16:45;217;98;119
06/08/2019;17:00;270;107;163
06/08/2019;17:15;259;116;143
06/08/2019;17:30;165;66;99
06/08/2019;17:45;164;72;92
06/08/2019;18:00;169;70;99
06/08/2019;18:15;162;58;104
06/08/2019;18:30;172;76;96
06/08/2019;18:45;200;83;117
06/08/2019;19:00;135;75;60
06/08/2019;19:15;165;77;88
06/08/2019;19:30;130;57;73
06/08/2019;19:45;172;81;91
06/08/2019;20:00;115;54;61
06/08/2019;20:15;85;35;50
06/08/2019;20:30;84;39;45
06/08/2019;20:45;103;47;56
06/08/2019;21:00;79;44;35
06/08/2019;21:15;73;38;35
06/08/2019;21:30;60;19;41
06/08/2019;21:45;70;38;32
06/08/2019;22:00;67;25;42
06/08/2019;22:15;56;24;32
06/08/2019;22:30;41;18;23
06/08/2019;22:45;42;8;34
06/08/2019;23:00;61;21;40
06/08/2019;23:15;35;6;29
06/08/2019;23:30;21;7;14
06/08/2019;23:45;29;7;22
07/08/2019;00:00;26;10;16
07/08/2019;00:15;20;8;12
07/08/2019;00:30;17;8;9
07/08/2019;00:45;20;9;11
07/08/2019;01:00;6;1;5
07/08/2019;01:15;11;4;7
07/08/2019;01:30;1;0;1
07/08/2019;01:45;9;6;3
07/08/2019;02:00;5;2;3
07/08/2019;02:15;4;1;3
07/08/2019;02:30;4;4;0
07/08/2019;02:45;1;1;0
07/08/2019;03:00;0;0;0
07/08/2019;03:15;0;0;0
07/08/2019;03:30;1;0;1
07/08/2019;03:45;2;1;1
07/08/2019;04:00;1;1;0
07/08/2019;04:15;2;2;0
07/08/2019;04:30;2;1;1
07/08/2019;04:45;6;5;1
07/08/2019;05:00;6;5;1
07/08/2019;05:15;9;6;3
07/08/2019;05:30;11;6;5
07/08/2019;05:45;34;26;8
07/08/2019;06:00;32;12;20
07/08/2019;06:15;36;23;13
07/08/2019;06:30;56;37;19
07/08/2019;06:45;74;55;19
07/08/2019;07:00;84;41;43
07/08/2019;07:15;89;52;37
07/08/2019;07:30;131;91;40
07/08/2019;07:45;176;110;66
07/08/2019;08:00;128;78;50
07/08/2019;08:15;179;106;73
07/08/2019;08:30;168;105;63
07/08/2019;08:45;185;113;72
07/08/2019;09:00;175;121;54
07/08/2019;09:15;167;97;70
07/08/2019;09:30;176;123;53
07/08/2019;09:45;193;113;80
07/08/2019;10:00;136;71;65
07/08/2019;10:15;105;72;33
07/08/2019;10:30;151;81;70
07/08/2019;10:45;119;85;34
07/08/2019;11:00;119;66;53
07/08/2019;11:15;112;56;56
07/08/2019;11:30;111;61;50
07/08/2019;11:45;107;58;49
07/08/2019;12:00;131;51;80
07/08/2019;12:15;137;74;63
07/08/2019;12:30;84;45;39
07/08/2019;12:45;100;48;52
07/08/2019;13:00;116;58;58
07/08/2019;13:15;97;46;51
07/08/2019;13:30;105;49;56
07/08/2019;13:45;115;65;50
07/08/2019;14:00;124;52;72
07/08/2019;14:15;92;45;47
07/08/2019;14:30;122;64;58
07/08/2019;14:45;154;65;89
07/08/2019;15:00;138;72;66
07/08/2019;15:15;145;68;77
07/08/2019;15:30;162;77;85
07/08/2019;15:45;156;90;66
07/08/2019;16:00;183;104;79
07/08/2019;16:15;155;71;84
07/08/2019;16:30;194;97;97
07/08/2019;16:45;217;104;113
07/08/2019;17:00;223;104;119
07/08/2019;17:15;238;127;111
07/08/2019;17:30;238;121;117
07/08/2019;17:45;238;120;118
07/08/2019;18:00;230;101;129
07/08/2019;18:15;158;57;101
07/08/2019;18:30;113;50;63
07/08/2019;18:45;156;56;100
07/08/2019;19:00;151;49;102
07/08/2019;19:15;136;59;77
07/08/2019;19:30;94;46;48
07/08/2019;19:45;134;62;72
07/08/2019;20:00;102;34;68
07/08/2019;20:15;103;44;59
07/08/2019;20:30;75;34;41
07/08/2019;20:45;61;24;37
07/08/2019;21:00;78;30;48
07/08/2019;21:15;57;29;28
07/08/2019;21:30;69;25;44
07/08/2019;21:45;46;21;25
07/08/2019;22:00;50;18;32
07/08/2019;22:15;46;16;30
07/08/2019;22:30;51;15;36
07/08/2019;22:45;45;12;33
07/08/2019;23:00;34;8;26
07/08/2019;23:15;23;10;13
07/08/2019;23:30;32;11;21
07/08/2019;23:45;18;10;8
08/08/2019;00:00;13;1;12
08/08/2019;00:15;25;5;20
08/08/2019;00:30;13;4;9
08/08/2019;00:45;16;8;8
08/08/2019;01:00;16;3;13
08/08/2019;01:15;11;1;10
08/08/2019;01:30;11;4;7
08/08/2019;01:45;4;1;3
08/08/2019;02:00;5;2;3
08/08/2019;02:15;8;5;3
08/08/2019;02:30;5;5;0
08/08/2019;02:45;5;2;3
08/08/2019;03:00;2;1;1
08/08/2019;03:15;3;1;2
08/08/2019;03:30;2;0;2
08/08/2019;03:45;1;1;0
08/08/2019;04:00;4;2;2
08/08/2019;04:15;3;1;2
08/08/2019;04:30;2;2;0
08/08/2019;04:45;4;3;1
08/08/2019;05:00;3;3;0
08/08/2019;05:15;13;8;5
08/08/2019;05:30;14;6;8
08/08/2019;05:45;27;22;5
08/08/2019;06:00;30;18;12
08/08/2019;06:15;38;26;12
08/08/2019;06:30;56;37;19
08/08/2019;06:45;86;65;21
08/08/2019;07:00;86;47;39
08/08/2019;07:15;86;46;40
08/08/2019;07:30;129;80;49
08/08/2019;07:45;188;114;74
08/08/2019;08:00;167;97;70
08/08/2019;08:15;154;101;53
08/08/2019;08:30;174;110;64
08/08/2019;08:45;172;106;66
08/08/2019;09:00;169;108;61
08/08/2019;09:15;184;115;69
08/08/2019;09:30;168;93;75
08/08/2019;09:45;217;155;62
08/08/2019;10:00;191;107;84
08/08/2019;10:15;214;124;90
08/08/2019;10:30;188;96;92
08/08/2019;10:45;200;107;93
08/08/2019;11:00;242;150;92
08/08/2019;11:15;242;144;98
08/08/2019;11:30;243;155;88
08/08/2019;11:45;267;130;137
08/08/2019;12:00;273;122;151
08/08/2019;12:15;240;115;125
08/08/2019;12:30;244;114;130
08/08/2019;12:45;264;126;138
08/08/2019;13:00;238;126;112
08/08/2019;13:15;255;110;145
08/08/2019;13:30;229;115;114
08/08/2019;13:45;232;123;109
08/08/2019;14:00;253;108;145
08/08/2019;14:15;266;146;120
08/08/2019;14:30;225;113;112
08/08/2019;14:45;247;108;139
08/08/2019;15:00;294;141;153
08/08/2019;15:15;272;130;142
08/08/2019;15:30;295;155;140
08/08/2019;15:45;319;157;162
08/08/2019;16:00;305;138;167
08/08/2019;16:15;296;146;150
08/08/2019;16:30;319;150;169
08/08/2019;16:45;287;131;156
08/08/2019;17:00;353;142;211
08/08/2019;17:15;370;175;195
08/08/2019;17:30;364;193;171
08/08/2019;17:45;378;184;194
08/08/2019;18:00;358;172;186
08/08/2019;18:15;314;122;192
08/08/2019;18:30;331;169;162
08/08/2019;18:45;420;229;191
08/08/2019;19:00;309;185;124
08/08/2019;19:15;303;164;139
08/08/2019;19:30;266;145;121
08/08/2019;19:45;296;153;143
08/08/2019;20:00;186;101;85
08/08/2019;20:15;201;102;99
08/08/2019;20:30;209;113;96
08/08/2019;20:45;183;103;80
08/08/2019;21:00;189;92;97
08/08/2019;21:15;196;85;111
08/08/2019;21:30;164;47;117
08/08/2019;21:45;114;37;77
08/08/2019;22:00;115;46;69
08/08/2019;22:15;166;51;115
08/08/2019;22:30;134;52;82
08/08/2019;22:45;120;22;98
08/08/2019;23:00;136;27;109
08/08/2019;23:15;98;21;77
08/08/2019;23:30;65;9;56
08/08/2019;23:45;81;14;67
09/08/2019;00:00;80;15;65
09/08/2019;00:15;50;8;42
09/08/2019;00:30;62;7;55
09/08/2019;00:45;48;8;40
09/08/2019;01:00;53;3;50
09/08/2019;01:15;22;3;19
09/08/2019;01:30;12;1;11
09/08/2019;01:45;14;2;12
09/08/2019;02:00;21;8;13
09/08/2019;02:15;11;5;6
09/08/2019;02:30;6;2;4
09/08/2019;02:45;3;1;2
09/08/2019;03:00;15;4;11
09/08/2019;03:15;3;1;2
09/08/2019;03:30;0;0;0
09/08/2019;03:45;4;1;3
09/08/2019;04:00;2;1;1
09/08/2019;04:15;2;0;2
09/08/2019;04:30;1;1;0
09/08/2019;04:45;3;2;1
09/08/2019;05:00;0;0;0
09/08/2019;05:15;11;4;7
09/08/2019;05:30;22;16;6
09/08/2019;05:45;33;25;8
09/08/2019;06:00;26;18;8
09/08/2019;06:15;38;26;12
09/08/2019;06:30;68;44;24
09/08/2019;06:45;95;58;37
09/08/2019;07:00;91;54;37
09/08/2019;07:15;86;53;33
09/08/2019;07:30;153;96;57
09/08/2019;07:45;172;112;60
09/08/2019;08:00;157;99;58
09/08/2019;08:15;171;110;61
09/08/2019;08:30;177;104;73
09/08/2019;08:45;210;136;74
09/08/2019;09:00;142;97;45
09/08/2019;09:15;227;142;85
09/08/2019;09:30;210;131;79
09/08/2019;09:45;230;152;78
09/08/2019;10:00;203;135;68
09/08/2019;10:15;204;118;86
09/08/2019;10:30;227;126;101
09/08/2019;10:45;290;163;127
09/08/2019;11:00;255;142;113
09/08/2019;11:15;270;150;120
09/08/2019;11:30;275;135;140
09/08/2019;11:45;256;134;122
09/08/2019;12:00;319;135;184
09/08/2019;12:15;313;132;181
09/08/2019;12:30;300;139;161
09/08/2019;12:45;255;113;142
09/08/2019;13:00;262;119;143
09/08/2019;13:15;212;85;127
09/08/2019;13:30;269;108;161
09/08/2019;13:45;257;119;138
09/08/2019;14:00;283;118;165
09/08/2019;14:15;237;118;119
09/08/2019;14:30;255;117;138
09/08/2019;14:45;267;129;138
09/08/2019;15:00;302;150;152
09/08/2019;15:15;242;107;135
09/08/2019;15:30;255;119;136
09/08/2019;15:45;246;120;126
09/08/2019;16:00;280;123;157
09/08/2019;16:15;284;146;138
09/08/2019;16:30;282;137;145
09/08/2019;16:45;258;143;115
09/08/2019;17:00;300;185;115
09/08/2019;17:15;276;141;135
09/08/2019;17:30;281;153;128
09/08/2019;17:45;332;190;142
09/08/2019;18:00;295;153;142
09/08/2019;18:15;374;196;178
09/08/2019;18:30;281;154;127
09/08/2019;18:45;301;159;142
09/08/2019;19:00;322;164;158
09/08/2019;19:15;319;162;157
09/08/2019;19:30;274;180;94
09/08/2019;19:45;265;185;80
09/08/2019;20:00;216;141;75
09/08/2019;20:15;240;155;85
09/08/2019;20:30;200;132;68
09/08/2019;20:45;200;118;82
09/08/2019;21:00;216;131;85
09/08/2019;21:15;170;98;72
09/08/2019;21:30;186;97;89
09/08/2019;21:45;131;57;74
09/08/2019;22:00;97;67;30
09/08/2019;22:15;115;50;65
09/08/2019;22:30;158;64;94
09/08/2019;22:45;128;34;94
09/08/2019;23:00;157;37;120
09/08/2019;23:15;187;17;170
09/08/2019;23:30;137;20;117
09/08/2019;23:45;145;22;123
10/08/2019;00:00;118;19;99
10/08/2019;00:15;127;14;113
10/08/2019;00:30;110;16;94
10/08/2019;00:45;83;15;68
10/08/2019;01:00;53;13;40
10/08/2019;01:15;56;5;51
10/08/2019;01:30;35;3;32
10/08/2019;01:45;27;4;23
10/08/2019;02:00;28;4;24
10/08/2019;02:15;32;10;22
10/08/2019;02:30;22;4;18
10/08/2019;02:45;24;7;17
10/08/2019;03:00;22;5;17
10/08/2019;03:15;13;5;8
10/08/2019;03:30;11;4;7
10/08/2019;03:45;14;5;9
10/08/2019;04:00;7;4;3
10/08/2019;04:15;6;2;4
10/08/2019;04:30;1;1;0
10/08/2019;04:45;3;1;2
10/08/2019;05:00;6;3;3
10/08/2019;05:15;4;0;4
10/08/2019;05:30;7;2;5
10/08/2019;05:45;14;12;2
10/08/2019;06:00;6;5;1
10/08/2019;06:15;7;6;1
10/08/2019;06:30;10;6;4
10/08/2019;06:45;10;7;3
10/08/2019;07:00;7;4;3
10/08/2019;07:15;6;5;1
10/08/2019;07:30;11;9;2
10/08/2019;07:45;15;10;5
10/08/2019;08:00;19;14;5
10/08/2019;08:15;16;8;8
10/08/2019;08:30;28;18;10
10/08/2019;08:45;42;28;14
10/08/2019;09:00;40;30;10
10/08/2019;09:15;69;44;25
10/08/2019;09:30;65;37;28
10/08/2019;09:45;75;43;32
10/08/2019;10:00;71;42;29
10/08/2019;10:15;76;39;37
10/08/2019;10:30;87;49;38
10/08/2019;10:45;114;71;43
10/08/2019;11:00;99;61;38
10/08/2019;11:15;113;71;42
10/08/2019;11:30;112;73;39
10/08/2019;11:45;60;28;32
10/08/2019;12:00;78;44;34
10/08/2019;12:15;116;55;61
10/08/2019;12:30;117;73;44
10/08/2019;12:45;163;119;44
10/08/2019;13:00;132;75;57
10/08/2019;13:15;105;60;45
10/08/2019;13:30;131;85;46
10/08/2019;13:45;189;49;140
10/08/2019;14:00;184;109;75
10/08/2019;14:15;207;146;61
10/08/2019;14:30;193;94;99
10/08/2019;14:45;193;91;102
10/08/2019;15:00;163;89;74
10/08/2019;15:15;189;107;82
10/08/2019;15:30;168;93;75
10/08/2019;15:45;185;104;81
10/08/2019;16:00;199;101;98
10/08/2019;16:15;202;106;96
10/08/2019;16:30;174;91;83
10/08/2019;16:45;202;89;113
10/08/2019;17:00;188;91;97
10/08/2019;17:15;187;93;94
10/08/2019;17:30;226;97;129
10/08/2019;17:45;196;102;94
10/08/2019;18:00;217;100;117
10/08/2019;18:15;218;119;99
10/08/2019;18:30;193;81;112
10/08/2019;18:45;223;121;102
10/08/2019;19:00;212;125;87
10/08/2019;19:15;149;79;70
10/08/2019;19:30;171;90;81
10/08/2019;19:45;211;105;106
10/08/2019;20:00;191;86;105
10/08/2019;20:15;162;77;85
10/08/2019;20:30;183;83;100
10/08/2019;20:45;167;73;94
10/08/2019;21:00;168;59;109
10/08/2019;21:15;161;71;90
10/08/2019;21:30;198;89;109
10/08/2019;21:45;123;58;65
10/08/2019;22:00;70;31;39
10/08/2019;22:15;59;25;34
10/08/2019;22:30;62;28;34
10/08/2019;22:45;57;20;37
10/08/2019;23:00;211;142;69
10/08/2019;23:15;227;123;104
10/08/2019;23:30;209;85;124
10/08/2019;23:45;169;80;89
11/08/2019;00:00;151;64;87
11/08/2019;00:15;129;58;71
11/08/2019;00:30;138;65;73
11/08/2019;00:45;93;34;59
11/08/2019;01:00;86;32;54
11/08/2019;01:15;69;24;45
11/08/2019;01:30;71;30;41
11/08/2019;01:45;62;19;43
11/08/2019;02:00;58;21;37
11/08/2019;02:15;32;6;26
11/08/2019;02:30;32;11;21
11/08/2019;02:45;33;16;17
11/08/2019;03:00;28;8;20
11/08/2019;03:15;26;7;19
11/08/2019;03:30;16;3;13
11/08/2019;03:45;10;5;5
11/08/2019;04:00;18;3;15
11/08/2019;04:15;14;4;10
11/08/2019;04:30;11;4;7
11/08/2019;04:45;8;4;4
11/08/2019;05:00;5;3;2
11/08/2019;05:15;12;7;5
11/08/2019;05:30;11;3;8
11/08/2019;05:45;18;14;4
11/08/2019;06:00;12;7;5
11/08/2019;06:15;9;8;1
11/08/2019;06:30;23;11;12
11/08/2019;06:45;13;10;3
11/08/2019;07:00;16;11;5
11/08/2019;07:15;17;9;8
11/08/2019;07:30;24;13;11
11/08/2019;07:45;20;12;8
11/08/2019;08:00;17;9;8
11/08/2019;08:15;29;19;10
11/08/2019;08:30;37;17;20
11/08/2019;08:45;51;24;27
11/08/2019;09:00;67;39;28
11/08/2019;09:15;59;29;30
11/08/2019;09:30;94;61;33
11/08/2019;09:45;106;56;50
11/08/2019;10:00;122;56;66
11/08/2019;10:15;98;46;52
11/08/2019;10:30;156;93;63
11/08/2019;10:45;139;75;64
11/08/2019;11:00;167;78;89
11/08/2019;11:15;179;83;96
11/08/2019;11:30;186;107;79
11/08/2019;11:45;166;79;87
11/08/2019;12:00;192;80;112
11/08/2019;12:15;173;86;87
11/08/2019;12:30;167;69;98
11/08/2019;12:45;191;90;101
11/08/2019;13:00;242;96;146
11/08/2019;13:15;178;78;100
11/08/2019;13:30;182;82;100
11/08/2019;13:45;200;97;103
11/08/2019;14:00;212;94;118
11/08/2019;14:15;212;96;116
11/08/2019;14:30;178;75;103
11/08/2019;14:45;224;106;118
11/08/2019;15:00;205;97;108
11/08/2019;15:15;164;84;80
11/08/2019;15:30;226;98;128
11/08/2019;15:45;177;102;75
11/08/2019;16:00;188;98;90
11/08/2019;16:15;155;86;69
11/08/2019;16:30;181;96;85
11/08/2019;16:45;199;103;96
11/08/2019;17:00;238;121;117
11/08/2019;17:15;206;88;118
11/08/2019;17:30;249;131;118
11/08/2019;17:45;226;136;90
11/08/2019;18:00;232;136;96
11/08/2019;18:15;235;119;116
11/08/2019;18:30;247;125;122
11/08/2019;18:45;233;123;110
11/08/2019;19:00;215;129;86
11/08/2019;19:15;122;60;62
11/08/2019;19:30;71;37;34
11/08/2019;19:45;86;54;32
11/08/2019;20:00;74;32;42
11/08/2019;20:15;41;11;30
11/08/2019;20:30;55;22;33
11/08/2019;20:45;50;26;24
11/08/2019;21:00;26;13;13
11/08/2019;21:15;47;18;29
11/08/2019;21:30;41;22;19
11/08/2019;21:45;39;19;20
11/08/2019;22:00;39;18;21
11/08/2019;22:15;28;18;10
11/08/2019;22:30;27;11;16
11/08/2019;22:45;24;9;15
11/08/2019;23:00;30;13;17
11/08/2019;23:15;24;10;14
11/08/2019;23:30;9;3;6
11/08/2019;23:45;18;2;16
12/08/2019;00:00;14;6;8
12/08/2019;00:15;9;5;4
12/08/2019;00:30;7;4;3
12/08/2019;00:45;6;4;2
12/08/2019;01:00;5;0;5
12/08/2019;01:15;3;2;1
12/08/2019;01:30;6;3;3
12/08/2019;01:45;3;2;1
12/08/2019;02:00;1;0;1
12/08/2019;02:15;2;2;0
12/08/2019;02:30;3;3;0
12/08/2019;02:45;0;0;0
12/08/2019;03:00;2;0;2
12/08/2019;03:15;3;0;3
12/08/2019;03:30;2;0;2
12/08/2019;03:45;2;2;0
12/08/2019;04:00;0;0;0
12/08/2019;04:15;3;2;1
12/08/2019;04:30;2;2;0
12/08/2019;04:45;2;1;1
12/08/2019;05:00;1;1;0
12/08/2019;05:15;5;5;0
12/08/2019;05:30;21;15;6
12/08/2019;05:45;37;31;6
12/08/2019;06:00;30;21;9
12/08/2019;06:15;38;30;8
12/08/2019;06:30;53;41;12
12/08/2019;06:45;66;51;15
12/08/2019;07:00;57;32;25
12/08/2019;07:15;51;35;16
12/08/2019;07:30;78;50;28
12/08/2019;07:45;105;69;36
12/08/2019;08:00;96;56;40
12/08/2019;08:15;94;62;32
12/08/2019;08:30;94;59;35
12/08/2019;08:45;110;68;42
12/08/2019;09:00;110;73;37
12/08/2019;09:15;110;69;41
12/08/2019;09:30;81;48;33
12/08/2019;09:45;101;54;47
12/08/2019;10:00;87;48;39
12/08/2019;10:15;86;36;50
12/08/2019;10:30;96;50;46
12/08/2019;10:45;100;52;48
12/08/2019;11:00;83;45;38
12/08/2019;11:15;74;44;30
12/08/2019;11:30;112;56;56
12/08/2019;11:45;98;46;52
12/08/2019;12:00;81;39;42
12/08/2019;12:15;109;53;56
12/08/2019;12:30;111;60;51
12/08/2019;12:45;117;64;53
12/08/2019;13:00;111;54;57
12/08/2019;13:15;91;48;43
12/08/2019;13:30;93;54;39
12/08/2019;13:45;106;57;49
12/08/2019;14:00;86;39;47
12/08/2019;14:15;109;55;54
12/08/2019;14:30;108;59;49
12/08/2019;14:45;114;66;48
12/08/2019;15:00;122;58;64
12/08/2019;15:15;142;70;72
12/08/2019;15:30;141;81;60
12/08/2019;15:45;140;71;69
12/08/2019;16:00;149;87;62
12/08/2019;16:15;148;75;73
12/08/2019;16:30;166;92;74
12/08/2019;16:45;203;83;120
12/08/2019;17:00;159;68;91
12/08/2019;17:15;176;80;96
12/08/2019;17:30;178;90;88
12/08/2019;17:45;206;91;115
12/08/2019;18:00;192;83;109
12/08/2019;18:15;167;69;98
12/08/2019;18:30;148;84;64
12/08/2019;18:45;147;59;88
12/08/2019;19:00;130;56;74
12/08/2019;19:15;112;52;60
12/08/2019;19:30;133;63;70
12/08/2019;19:45;130;48;82
12/08/2019;20:00;113;51;62
12/08/2019;20:15;97;38;59
12/08/2019;20:30;87;34;53
12/08/2019;20:45;82;37;45
12/08/2019;21:00;47;18;29
12/08/2019;21:15;73;34;39
12/08/2019;21:30;49;13;36
12/08/2019;21:45;49;22;27
12/08/2019;22:00;63;25;38
12/08/2019;22:15;51;29;22
12/08/2019;22:30;47;18;29
12/08/2019;22:45;48;14;34
12/08/2019;23:00;45;21;24
12/08/2019;23:15;44;15;29
12/08/2019;23:30;22;14;8
12/08/2019;23:45;29;13;16
13/08/2019;00:00;17;6;11
13/08/2019;00:15;15;5;10
13/08/2019;00:30;6;2;4
13/08/2019;00:45;13;5;8
13/08/2019;01:00;19;8;11
13/08/2019;01:15;9;2;7
13/08/2019;01:30;24;10;14
13/08/2019;01:45;2;0;2
13/08/2019;02:00;4;0;4
13/08/2019;02:15;8;5;3
13/08/2019;02:30;0;0;0
13/08/2019;02:45;1;1;0
13/08/2019;03:00;3;1;2
13/08/2019;03:15;4;2;2
13/08/2019;03:30;3;2;1
13/08/2019;03:45;3;2;1
13/08/2019;04:00;5;1;4
13/08/2019;04:15;1;0;1
13/08/2019;04:30;7;6;1
13/08/2019;04:45;1;1;0
13/08/2019;05:00;3;2;1
13/08/2019;05:15;9;5;4
13/08/2019;05:30;17;13;4
13/08/2019;05:45;41;30;11
13/08/2019;06:00;32;23;9
13/08/2019;06:15;49;32;17
13/08/2019;06:30;80;52;28
13/08/2019;06:45;81;55;26
13/08/2019;07:00;86;47;39
13/08/2019;07:15;120;79;41
13/08/2019;07:30;139;84;55
13/08/2019;07:45;188;116;72
13/08/2019;08:00;118;77;41
13/08/2019;08:15;164;105;59
13/08/2019;08:30;174;111;63
13/08/2019;08:45;202;136;66
13/08/2019;09:00;160;94;66
13/08/2019;09:15;176;118;58
13/08/2019;09:30;205;125;80
13/08/2019;09:45;193;112;81
13/08/2019;10:00;185;107;78
13/08/2019;10:15;175;98;77
13/08/2019;10:30;198;117;81
13/08/2019;10:45;227;146;81
13/08/2019;11:00;187;112;75
13/08/2019;11:15;217;115;102
13/08/2019;11:30;205;132;73
13/08/2019;11:45;265;142;123
13/08/2019;12:00;209;103;106
13/08/2019;12:15;219;102;117
13/08/2019;12:30;253;106;147
13/08/2019;12:45;211;103;108
13/08/2019;13:00;250;128;122
13/08/2019;13:15;215;118;97
13/08/2019;13:30;223;122;101
13/08/2019;13:45;247;117;130
13/08/2019;14:00;270;132;138
13/08/2019;14:15;201;114;87
13/08/2019;14:30;226;116;110
13/08/2019;14:45;237;138;99
13/08/2019;15:00;233;130;103
13/08/2019;15:15;289;147;142
13/08/2019;15:30;263;131;132
13/08/2019;15:45;285;132;153
13/08/2019;16:00;239;113;126
13/08/2019;16:15;308;142;166
13/08/2019;16:30;269;137;132
13/08/2019;16:45;297;144;153
13/08/2019;17:00;285;146;139
13/08/2019;17:15;314;152;162
13/08/2019;17:30;323;151;172
13/08/2019;17:45;380;165;215
13/08/2019;18:00;281;101;180
13/08/2019;18:15;290;127;163
13/08/2019;18:30;261;112;149
13/08/2019;18:45;274;124;150
13/08/2019;19:00;196;95;101
13/08/2019;19:15;189;88;101
13/08/2019;19:30;162;54;108
13/08/2019;19:45;177;69;108
13/08/2019;20:00;169;89;80
13/08/2019;20:15;157;57;100
13/08/2019;20:30;111;43;68
13/08/2019;20:45;94;38;56
13/08/2019;21:00;98;35;63
13/08/2019;21:15;95;35;60
13/08/2019;21:30;89;43;46
13/08/2019;21:45;71;27;44
13/08/2019;22:00;83;32;51
13/08/2019;22:15;82;41;41
13/08/2019;22:30;57;21;36
13/08/2019;22:45;66;21;45
13/08/2019;23:00;42;11;31
13/08/2019;23:15;42;16;26
13/08/2019;23:30;32;17;15
13/08/2019;23:45;26;9;17
14/08/2019;00:00;45;12;33
14/08/2019;00:15;19;5;14
14/08/2019;00:30;19;6;13
14/08/2019;00:45;14;8;6
14/08/2019;01:00;15;2;13
14/08/2019;01:15;10;5;5
14/08/2019;01:30;8;5;3
14/08/2019;01:45;4;0;4
14/08/2019;02:00;6;3;3
14/08/2019;02:15;10;2;8
14/08/2019;02:30;4;3;1
14/08/2019;02:45;3;1;2
14/08/2019;03:00;0;0;0
14/08/2019;03:15;3;3;0
14/08/2019;03:30;2;2;0
14/08/2019;03:45;1;1;0
14/08/2019;04:00;6;2;4
14/08/2019;04:15;0;0;0
14/08/2019;04:30;3;3;0
14/08/2019;04:45;3;2;1
14/08/2019;05:00;5;2;3
14/08/2019;05:15;9;6;3
14/08/2019;05:30;22;17;5
14/08/2019;05:45;44;33;11
14/08/2019;06:00;38;25;13
14/08/2019;06:15;50;30;20
14/08/2019;06:30;61;40;21
14/08/2019;06:45;93;67;26
14/08/2019;07:00;73;33;40
14/08/2019;07:15;113;63;50
14/08/2019;07:30;144;94;50
14/08/2019;07:45;175;99;76
14/08/2019;08:00;151;96;55
14/08/2019;08:15;144;88;56
14/08/2019;08:30;179;120;59
14/08/2019;08:45;229;145;84
14/08/2019;09:00;188;117;71
14/08/2019;09:15;193;127;66
14/08/2019;09:30;164;99;65
14/08/2019;09:45;215;124;91
14/08/2019;10:00;204;112;92
14/08/2019;10:15;202;126;76
14/08/2019;10:30;204;122;82
14/08/2019;10:45;253;137;116
14/08/2019;11:00;240;141;99
14/08/2019;11:15;239;119;120
14/08/2019;11:30;238;127;111
14/08/2019;11:45;233;115;118
14/08/2019;12:00;262;130;132
14/08/2019;12:15;247;141;106
14/08/2019;12:30;236;114;122
14/08/2019;12:45;237;124;113
14/08/2019;13:00;255;128;127
14/08/2019;13:15;237;125;112
14/08/2019;13:30;254;151;103
14/08/2019;13:45;223;113;110
14/08/2019;14:00;239;116;123
14/08/2019;14:15;270;138;132
14/08/2019;14:30;234;120;114
14/08/2019;14:45;258;125;133
14/08/2019;15:00;270;132;138
14/08/2019;15:15;275;141;134
14/08/2019;15:30;260;138;122
14/08/2019;15:45;314;140;174
14/08/2019;16:00;306;158;148
14/08/2019;16:15;281;145;136
14/08/2019;16:30;308;150;158
14/08/2019;16:45;343;169;174
14/08/2019;17:00;365;171;194
14/08/2019;17:15;342;155;187
14/08/2019;17:30;359;154;205
14/08/2019;17:45;342;173;169
14/08/2019;18:00;377;184;193
14/08/2019;18:15;316;155;161
14/08/2019;18:30;270;139;131
14/08/2019;18:45;276;137;139
14/08/2019;19:00;278;116;162
14/08/2019;19:15;225;88;137
14/08/2019;19:30;222;100;122
14/08/2019;19:45;201;93;108
14/08/2019;20:00;221;93;128
14/08/2019;20:15;169;65;104
14/08/2019;20:30;170;78;92
14/08/2019;20:45;111;60;51
14/08/2019;21:00;144;63;81
14/08/2019;21:15;132;62;70
14/08/2019;21:30;130;59;71
14/08/2019;21:45;92;30;62
14/08/2019;22:00;98;42;56
14/08/2019;22:15;85;28;57
14/08/2019;22:30;83;31;52
14/08/2019;22:45;86;31;55
14/08/2019;23:00;59;13;46
14/08/2019;23:15;50;20;30
14/08/2019;23:30;38;14;24
14/08/2019;23:45;61;24;37
15/08/2019;00:00;35;7;28
15/08/2019;00:15;36;19;17
15/08/2019;00:30;16;1;15
15/08/2019;00:45;21;7;14
15/08/2019;01:00;23;4;19
15/08/2019;01:15;15;5;10
15/08/2019;01:30;9;3;6
15/08/2019;01:45;7;5;2
15/08/2019;02:00;9;1;8
15/08/2019;02:15;6;5;1
15/08/2019;02:30;3;3;0
15/08/2019;02:45;7;6;1
15/08/2019;03:00;6;0;6
15/08/2019;03:15;6;5;1
15/08/2019;03:30;1;0;1
15/08/2019;03:45;7;3;4
15/08/2019;04:00;6;5;1
15/08/2019;04:15;3;2;1
15/08/2019;04:30;5;4;1
15/08/2019;04:45;4;2;2
15/08/2019;05:00;3;0;3
15/08/2019;05:15;12;10;2
15/08/2019;05:30;21;13;8
15/08/2019;05:45;49;38;11
15/08/2019;06:00;35;25;10
15/08/2019;06:15;52;34;18
15/08/2019;06:30;61;40;21
15/08/2019;06:45;70;46;24
15/08/2019;07:00;74;44;30
15/08/2019;07:15;88;47;41
15/08/2019;07:30;115;64;51
15/08/2019;07:45;167;102;65
15/08/2019;08:00;138;82;56
15/08/2019;08:15;153;92;61
15/08/2019;08:30;163;98;65
15/08/2019;08:45;191;111;80
15/08/2019;09:00;132;70;62
15/08/2019;09:15;146;96;50
15/08/2019;09:30;145;90;55
15/08/2019;09:45;213;129;84
15/08/2019;10:00;141;75;66
15/08/2019;10:15;129;81;48
15/08/2019;10:30;180;92;88
15/08/2019;10:45;164;90;74
15/08/2019;11:00;146;80;66
15/08/2019;11:15;160;103;57
15/08/2019;11:30;166;77;89
15/08/2019;11:45;182;105;77
15/08/2019;12:00;207;104;103
15/08/2019;12:15;159;75;84
15/08/2019;12:30;181;86;95
15/08/2019;12:45;193;87;106
15/08/2019;13:00;201;96;105
15/08/2019;13:15;186;80;106
15/08/2019;13:30;174;94;80
15/08/2019;13:45;171;96;75
15/08/2019;14:00;179;98;81
15/08/2019;14:15;163;81;82
15/08/2019;14:30;196;95;101
15/08/2019;14:45;129;68;61
15/08/2019;15:00;83;40;43
15/08/2019;15:15;142;77;65
15/08/2019;15:30;164;56;108
15/08/2019;15:45;150;81;69
15/08/2019;16:00;182;89;93
15/08/2019;16:15;201;101;100
15/08/2019;16:30;210;119;91
15/08/2019;16:45;261;132;129
15/08/2019;17:00;222;91;131
15/08/2019;17:15;209;91;118
15/08/2019;17:30;218;94;124
15/08/2019;17:45;294;139;155
15/08/2019;18:00;262;113;149
15/08/2019;18:15;262;107;155
15/08/2019;18:30;196;85;111
15/08/2019;18:45;206;95;111
15/08/2019;19:00;173;67;106
15/08/2019;19:15;144;62;82
15/08/2019;19:30;133;82;51
15/08/2019;19:45;124;42;82
15/08/2019;20:00;128;71;57
15/08/2019;20:15;104;35;69
15/08/2019;20:30;106;48;58
15/08/2019;20:45;90;39;51
15/08/2019;21:00;75;32;43
15/08/2019;21:15;64;36;28
15/08/2019;21:30;70;33;37
15/08/2019;21:45;80;34;46
15/08/2019;22:00;68;27;41
15/08/2019;22:15;95;25;70
15/08/2019;22:30;56;22;34
15/08/2019;22:45;55;28;27
15/08/2019;23:00;52;9;43
15/08/2019;23:15;51;21;30
15/08/2019;23:30;39;7;32
15/08/2019;23:45;22;6;16
16/08/2019;00:00;21;4;17
16/08/2019;00:15;17;7;10
16/08/2019;00:30;35;15;20
16/08/2019;00:45;27;7;20
16/08/2019;01:00;15;2;13
16/08/2019;01:15;10;3;7
16/08/2019;01:30;8;5;3
16/08/2019;01:45;7;4;3
16/08/2019;02:00;11;8;3
16/08/2019;02:15;3;0;3
16/08/2019;02:30;2;1;1
16/08/2019;02:45;2;0;2
16/08/2019;03:00;1;0;1
16/08/2019;03:15;1;0;1
16/08/2019;03:30;2;1;1
16/08/2019;03:45;4;3;1
16/08/2019;04:00;4;3;1
16/08/2019;04:15;1;0;1
16/08/2019;04:30;2;1;1
16/08/2019;04:45;3;2;1
16/08/2019;05:00;2;1;1
16/08/2019;05:15;6;5;1
16/08/2019;05:30;14;8;6
16/08/2019;05:45;29;23;6
16/08/2019;06:00;28;16;12
16/08/2019;06:15;45;33;12
16/08/2019;06:30;58;39;19
16/08/2019;06:45;65;43;22
16/08/2019;07:00;72;33;39
16/08/2019;07:15;69;39;30
16/08/2019;07:30;130;79;51
16/08/2019;07:45;141;83;58
16/08/2019;08:00;113;74;39
16/08/2019;08:15;153;94;59
16/08/2019;08:30;155;106;49
16/08/2019;08:45;177;112;65
16/08/2019;09:00;182;116;66
16/08/2019;09:15;213;141;72
16/08/2019;09:30;186;124;62
16/08/2019;09:45;231;141;90
16/08/2019;10:00;213;137;76
16/08/2019;10:15;246;139;107
16/08/2019;10:30;229;138;91
16/08/2019;10:45;246;131;115
16/08/2019;11:00;272;161;111
16/08/2019;11:15;228;123;105
16/08/2019;11:30;242;144;98
16/08/2019;11:45;279;161;118
16/08/2019;12:00;249;125;124
16/08/2019;12:15;240;121;119
16/08/2019;12:30;248;117;131
16/08/2019;12:45;237;111;126
16/08/2019;13:00;254;142;112
16/08/2019;13:15;245;115;130
16/08/2019;13:30;250;112;138
16/08/2019;13:45;251;126;125
16/08/2019;14:00;265;123;142
16/08/2019;14:15;242;118;124
16/08/2019;14:30;278;148;130
16/08/2019;14:45;259;142;117
16/08/2019;15:00;214;101;113
16/08/2019;15:15;219;95;124
16/08/2019;15:30;221;101;120
16/08/2019;15:45;285;142;143
16/08/2019;16:00;265;89;176
16/08/2019;16:15;279;142;137
16/08/2019;16:30;247;104;143
16/08/2019;16:45;285;134;151
16/08/2019;17:00;251;115;136
16/08/2019;17:15;288;130;158
16/08/2019;17:30;321;142;179
16/08/2019;17:45;260;131;129
16/08/2019;18:00;239;95;144
16/08/2019;18:15;260;120;140
16/08/2019;18:30;264;111;153
16/08/2019;18:45;260;130;130
16/08/2019;19:00;223;96;127
16/08/2019;19:15;196;80;116
16/08/2019;19:30;190;107;83
16/08/2019;19:45;170;83;87
16/08/2019;20:00;170;85;85
16/08/2019;20:15;167;72;95
16/08/2019;20:30;151;78;73
16/08/2019;20:45;122;49;73
16/08/2019;21:00;100;44;56
16/08/2019;21:15;144;68;76
16/08/2019;21:30;106;57;49
16/08/2019;21:45;107;51;56
16/08/2019;22:00;85;30;55
16/08/2019;22:15;83;46;37
16/08/2019;22:30;81;35;46
16/08/2019;22:45;75;37;38
16/08/2019;23:00;90;44;46
16/08/2019;23:15;56;21;35
16/08/2019;23:30;70;33;37
16/08/2019;23:45;56;25;31
17/08/2019;00:00;56;22;34
17/08/2019;00:15;38;20;18
17/08/2019;00:30;37;12;25
17/08/2019;00:45;40;12;28
17/08/2019;01:00;28;9;19
17/08/2019;01:15;39;24;15
17/08/2019;01:30;27;14;13
17/08/2019;01:45;23;8;15
17/08/2019;02:00;14;5;9
17/08/2019;02:15;14;4;10
17/08/2019;02:30;10;5;5
17/08/2019;02:45;7;4;3
17/08/2019;03:00;16;4;12
17/08/2019;03:15;13;4;9
17/08/2019;03:30;11;3;8
17/08/2019;03:45;11;4;7
17/08/2019;04:00;10;3;7
17/08/2019;04:15;4;3;1
17/08/2019;04:30;7;7;0
17/08/2019;04:45;4;2;2
17/08/2019;05:00;3;3;0
17/08/2019;05:15;9;6;3
17/08/2019;05:30;16;9;7
17/08/2019;05:45;14;12;2
17/08/2019;06:00;16;5;11
17/08/2019;06:15;14;12;2
17/08/2019;06:30;18;15;3
17/08/2019;06:45;21;14;7
17/08/2019;07:00;24;12;12
17/08/2019;07:15;28;17;11
17/08/2019;07:30;31;16;15
17/08/2019;07:45;41;25;16
17/08/2019;08:00;42;23;19
17/08/2019;08:15;66;36;30
17/08/2019;08:30;70;47;23
17/08/2019;08:45;100;63;37
17/08/2019;09:00;121;73;48
17/08/2019;09:15;119;74;45
17/08/2019;09:30;141;94;47
17/08/2019;09:45;164;115;49
17/08/2019;10:00;141;101;40
17/08/2019;10:15;156;94;62
17/08/2019;10:30;186;112;74
17/08/2019;10:45;198;124;74
17/08/2019;11:00;218;113;105
17/08/2019;11:15;225;130;95
17/08/2019;11:30;208;108;100
17/08/2019;11:45;251;138;113
17/08/2019;12:00;234;136;98
17/08/2019;12:15;186;112;74
17/08/2019;12:30;201;102;99
17/08/2019;12:45;240;134;106
17/08/2019;13:00;205;108;97
17/08/2019;13:15;239;119;120
17/08/2019;13:30;200;122;78
17/08/2019;13:45;227;112;115
17/08/2019;14:00;199;105;94
17/08/2019;14:15;210;102;108
17/08/2019;14:30;202;110;92
17/08/2019;14:45;234;102;132
17/08/2019;15:00;259;97;162
17/08/2019;15:15;199;96;103
17/08/2019;15:30;233;115;118
17/08/2019;15:45;229;99;130
17/08/2019;16:00;213;109;104
17/08/2019;16:15;240;97;143
17/08/2019;16:30;184;100;84
17/08/2019;16:45;236;112;124
17/08/2019;17:00;230;112;118
17/08/2019;17:15;208;99;109
17/08/2019;17:30;215;100;115
17/08/2019;17:45;224;110;114
17/08/2019;18:00;175;73;102
17/08/2019;18:15;160;62;98
17/08/2019;18:30;146;60;86
17/08/2019;18:45;125;51;74
17/08/2019;19:00;136;62;74
17/08/2019;19:15;135;72;63
17/08/2019;19:30;108;49;59
17/08/2019;19:45;104;60;44
17/08/2019;20:00;92;35;57
17/08/2019;20:15;121;46;75
17/08/2019;20:30;96;39;57
17/08/2019;20:45;82;47;35
17/08/2019;21:00;102;55;47
17/08/2019;21:15;75;32;43
17/08/2019;21:30;59;26;33
17/08/2019;21:45;52;27;25
17/08/2019;22:00;85;47;38
17/08/2019;22:15;57;24;33
17/08/2019;22:30;58;24;34
17/08/2019;22:45;47;12;35
17/08/2019;23:00;58;13;45
17/08/2019;23:15;40;19;21
17/08/2019;23:30;43;18;25
17/08/2019;23:45;40;15;25
18/08/2019;00:00;77;35;42
18/08/2019;00:15;52;20;32
18/08/2019;00:30;34;11;23
18/08/2019;00:45;42;19;23
18/08/2019;01:00;30;7;23
18/08/2019;01:15;21;2;19
18/08/2019;01:30;17;2;15
18/08/2019;01:45;25;9;16
18/08/2019;02:00;21;9;12
18/08/2019;02:15;13;5;8
18/08/2019;02:30;7;0;7
18/08/2019;02:45;13;5;8
18/08/2019;03:00;16;3;13
18/08/2019;03:15;12;3;9
18/08/2019;03:30;5;2;3
18/08/2019;03:45;6;1;5
18/08/2019;04:00;5;3;2
18/08/2019;04:15;8;4;4
18/08/2019;04:30;5;4;1
18/08/2019;04:45;2;1;1
18/08/2019;05:00;0;0;0
18/08/2019;05:15;7;4;3
18/08/2019;05:30;3;1;2
18/08/2019;05:45;11;7;4
18/08/2019;06:00;8;3;5
18/08/2019;06:15;6;5;1
18/08/2019;06:30;16;12;4
18/08/2019;06:45;13;9;4
18/08/2019;07:00;16;11;5
18/08/2019;07:15;24;18;6
18/08/2019;07:30;19;8;11
18/08/2019;07:45;29;20;9
18/08/2019;08:00;37;21;16
18/08/2019;08:15;22;9;13
18/08/2019;08:30;45;29;16
18/08/2019;08:45;60;29;31
18/08/2019;09:00;61;34;27
18/08/2019;09:15;81;41;40
18/08/2019;09:30;95;49;46
18/08/2019;09:45;127;64;63
18/08/2019;10:00;141;65;76
18/08/2019;10:15;132;61;71
18/08/2019;10:30;160;76;84
18/08/2019;10:45;159;67;92
18/08/2019;11:00;193;82;111
18/08/2019;11:15;133;73;60
18/08/2019;11:30;175;76;99
18/08/2019;11:45;183;67;116
18/08/2019;12:00;210;76;134
18/08/2019;12:15;152;80;72
18/08/2019;12:30;197;86;111
18/08/2019;12:45;227;97;130
18/08/2019;13:00;183;83;100
18/08/2019;13:15;206;91;115
18/08/2019;13:30;178;80;98
18/08/2019;13:45;188;94;94
18/08/2019;14:00;191;111;80
18/08/2019;14:15;230;107;123
18/08/2019;14:30;202;78;124
18/08/2019;14:45;240;103;137
18/08/2019;15:00;203;78;125
18/08/2019;15:15;199;96;103
18/08/2019;15:30;184;85;99
18/08/2019;15:45;184;86;98
18/08/2019;16:00;199;99;100
18/08/2019;16:15;191;97;94
18/08/2019;16:30;198;112;86
18/08/2019;16:45;194;110;84
18/08/2019;17:00;231;137;94
18/08/2019;17:15;206;120;86
18/08/2019;17:30;197;129;68
18/08/2019;17:45;212;133;79
18/08/2019;18:00;215;125;90
18/08/2019;18:15;213;110;103
18/08/2019;18:30;216;127;89
18/08/2019;18:45;184;108;76
18/08/2019;19:00;207;119;88
18/08/2019;19:15;194;105;89
18/08/2019;19:30;142;77;65
18/08/2019;19:45;192;115;77
18/08/2019;20:00;148;89;59
18/08/2019;20:15;112;72;40
18/08/2019;20:30;104;58;46
18/08/2019;20:45;99;38;61
18/08/2019;21:00;108;40;68
18/08/2019;21:15;67;33;34
18/08/2019;21:30;80;37;43
18/08/2019;21:45;77;36;41
18/08/2019;22:00;54;20;34
18/08/2019;22:15;78;24;54
18/08/2019;22:30;41;25;16
18/08/2019;22:45;39;10;29
18/08/2019;23:00;45;19;26
18/08/2019;23:15;14;4;10
18/08/2019;23:30;17;5;12
18/08/2019;23:45;15;4;11
19/08/2019;00:00;11;6;5
19/08/2019;00:15;3;2;1
19/08/2019;00:30;10;4;6
19/08/2019;00:45;13;6;7
19/08/2019;01:00;6;1;5
19/08/2019;01:15;0;0;0
19/08/2019;01:30;2;0;2
19/08/2019;01:45;6;6;0
19/08/2019;02:00;1;1;0
19/08/2019;02:15;1;1;0
19/08/2019;02:30;1;0;1
19/08/2019;02:45;3;3;0
19/08/2019;03:00;2;0;2
19/08/2019;03:15;2;1;1
19/08/2019;03:30;3;3;0
19/08/2019;03:45;2;2;0
19/08/2019;04:00;0;0;0
19/08/2019;04:15;2;2;0
19/08/2019;04:30;3;2;1
19/08/2019;04:45;3;3;0
19/08/2019;05:00;0;0;0
19/08/2019;05:15;3;3;0
19/08/2019;05:30;16;13;3
19/08/2019;05:45;33;25;8
19/08/2019;06:00;24;16;8
19/08/2019;06:15;38;29;9
19/08/2019;06:30;41;32;9
19/08/2019;06:45;49;37;12
19/08/2019;07:00;48;23;25
19/08/2019;07:15;44;30;14
19/08/2019;07:30;48;29;19
19/08/2019;07:45;75;48;27
19/08/2019;08:00;85;47;38
19/08/2019;08:15;90;56;34
19/08/2019;08:30;98;64;34
19/08/2019;08:45;141;84;57
19/08/2019;09:00;121;70;51
19/08/2019;09:15;115;79;36
19/08/2019;09:30;109;75;34
19/08/2019;09:45;132;81;51
19/08/2019;10:00;110;66;44
19/08/2019;10:15;133;79;54
19/08/2019;10:30;108;66;42
19/08/2019;10:45;158;95;63
19/08/2019;11:00;122;79;43
19/08/2019;11:15;169;111;58
19/08/2019;11:30;163;92;71
19/08/2019;11:45;147;80;67
19/08/2019;12:00;153;76;77
19/08/2019;12:15;176;96;80
19/08/2019;12:30;155;87;68
19/08/2019;12:45;146;70;76
19/08/2019;13:00;162;78;84
19/08/2019;13:15;172;98;74
19/08/2019;13:30;146;87;59
19/08/2019;13:45;140;71;69
19/08/2019;14:00;175;86;89
19/08/2019;14:15;156;83;73
19/08/2019;14:30;188;85;103
19/08/2019;14:45;158;65;93
19/08/2019;15:00;181;102;79
19/08/2019;15:15;173;99;74
19/08/2019;15:30;186;100;86
19/08/2019;15:45;178;89;89
19/08/2019;16:00;192;87;105
19/08/2019;16:15;206;88;118
19/08/2019;16:30;192;101;91
19/08/2019;16:45;218;79;139
19/08/2019;17:00;212;110;102
19/08/2019;17:15;257;118;139
19/08/2019;17:30;234;106;128
19/08/2019;17:45;229;84;145
19/08/2019;18:00;223;83;140
19/08/2019;18:15;200;89;111
19/08/2019;18:30;260;103;157
19/08/2019;18:45;106;55;51
19/08/2019;19:00;125;48;77
19/08/2019;19:15;115;41;74
19/08/2019;19:30;116;51;65
19/08/2019;19:45;118;41;77
19/08/2019;20:00;107;50;57
19/08/2019;20:15;120;49;71
19/08/2019;20:30;74;32;42
19/08/2019;20:45;50;29;21
19/08/2019;21:00;45;24;21
19/08/2019;21:15;47;21;26
19/08/2019;21:30;44;20;24
19/08/2019;21:45;36;15;21
19/08/2019;22:00;44;21;23
19/08/2019;22:15;46;16;30
19/08/2019;22:30;45;18;27
19/08/2019;22:45;25;10;15
19/08/2019;23:00;36;22;14
19/08/2019;23:15;18;4;14
19/08/2019;23:30;18;11;7
19/08/2019;23:45;16;2;14
20/08/2019;00:00;14;3;11
20/08/2019;00:15;16;3;13
20/08/2019;00:30;10;4;6
20/08/2019;00:45;7;1;6
20/08/2019;01:00;5;2;3
20/08/2019;01:15;3;0;3
20/08/2019;01:30;5;1;4
20/08/2019;01:45;6;4;2
20/08/2019;02:00;4;0;4
20/08/2019;02:15;2;0;2
20/08/2019;02:30;1;0;1
20/08/2019;02:45;3;0;3
20/08/2019;03:00;5;2;3
20/08/2019;03:15;2;2;0
20/08/2019;03:30;1;0;1
20/08/2019;03:45;5;2;3
20/08/2019;04:00;2;1;1
20/08/2019;04:15;2;2;0
20/08/2019;04:30;7;6;1
20/08/2019;04:45;3;1;2
20/08/2019;05:00;2;1;1
20/08/2019;05:15;5;3;2
20/08/2019;05:30;13;9;4
20/08/2019;05:45;37;28;9
20/08/2019;06:00;28;17;11
20/08/2019;06:15;35;28;7
20/08/2019;06:30;64;42;22
20/08/2019;06:45;51;33;18
20/08/2019;07:00;71;32;39
20/08/2019;07:15;78;51;27
20/08/2019;07:30;90;54;36
20/08/2019;07:45;130;82;48
20/08/2019;08:00;98;70;28
20/08/2019;08:15;106;64;42
20/08/2019;08:30;109;74;35
20/08/2019;08:45;154;84;70
20/08/2019;09:00;123;80;43
20/08/2019;09:15;85;64;21
20/08/2019;09:30;100;61;39
20/08/2019;09:45;107;68;39
20/08/2019;10:00;101;57;44
20/08/2019;10:15;81;49;32
20/08/2019;10:30;88;50;38
20/08/2019;10:45;84;40;44
20/08/2019;11:00;57;31;26
20/08/2019;11:15;67;41;26
20/08/2019;11:30;49;19;30
20/08/2019;11:45;82;32;50
20/08/2019;12:00;76;25;51
20/08/2019;12:15;66;23;43
20/08/2019;12:30;73;33;40
20/08/2019;12:45;58;25;33
20/08/2019;13:00;79;33;46
20/08/2019;13:15;61;34;27
20/08/2019;13:30;82;45;37
20/08/2019;13:45;91;33;58
20/08/2019;14:00;69;38;31
20/08/2019;14:15;57;27;30
20/08/2019;14:30;75;47;28
20/08/2019;14:45;95;43;52
20/08/2019;15:00;82;35;47
20/08/2019;15:15;72;31;41
20/08/2019;15:30;74;37;37
20/08/2019;15:45;94;44;50
20/08/2019;16:00;93;37;56
20/08/2019;16:15;100;46;54
20/08/2019;16:30;100;44;56
20/08/2019;16:45;94;46;48
20/08/2019;17:00;110;41;69
20/08/2019;17:15;140;81;59
20/08/2019;17:30;127;62;65
20/08/2019;17:45;119;54;65
20/08/2019;18:00;113;43;70
20/08/2019;18:15;93;31;62
20/08/2019;18:30;94;52;42
20/08/2019;18:45;92;37;55
20/08/2019;19:00;82;30;52
20/08/2019;19:15;74;24;50
20/08/2019;19:30;54;22;32
20/08/2019;19:45;45;16;29
20/08/2019;20:00;55;29;26
20/08/2019;20:15;48;17;31
20/08/2019;20:30;32;8;24
20/08/2019;20:45;25;9;16
20/08/2019;21:00;32;13;19
20/08/2019;21:15;27;16;11
20/08/2019;21:30;22;12;10
20/08/2019;21:45;25;16;9
20/08/2019;22:00;32;26;6
20/08/2019;22:15;40;9;31
20/08/2019;22:30;16;7;9
20/08/2019;22:45;19;11;8
20/08/2019;23:00;27;10;17
20/08/2019;23:15;20;10;10
20/08/2019;23:30;13;3;10
20/08/2019;23:45;14;6;8
21/08/2019;00:00;18;7;11
21/08/2019;00:15;5;2;3
21/08/2019;00:30;4;0;4
21/08/2019;00:45;13;6;7
21/08/2019;01:00;10;1;9
21/08/2019;01:15;9;3;6
21/08/2019;01:30;7;3;4
21/08/2019;01:45;1;0;1
21/08/2019;02:00;2;0;2
21/08/2019;02:15;3;0;3
21/08/2019;02:30;0;0;0
21/08/2019;02:45;1;0;1
21/08/2019;03:00;2;2;0
21/08/2019;03:15;4;0;4
21/08/2019;03:30;1;1;0
21/08/2019;03:45;2;1;1
21/08/2019;04:00;1;1;0
21/08/2019;04:15;0;0;0
21/08/2019;04:30;2;2;0
21/08/2019;04:45;1;1;0
21/08/2019;05:00;0;0;0
21/08/2019;05:15;6;2;4
21/08/2019;05:30;24;15;9
21/08/2019;05:45;37;29;8
21/08/2019;06:00;30;19;11
21/08/2019;06:15;35;26;9
21/08/2019;06:30;56;34;22
21/08/2019;06:45;65;45;20
21/08/2019;07:00;81;37;44
21/08/2019;07:15;88;52;36
21/08/2019;07:30;123;79;44
21/08/2019;07:45;174;112;62
21/08/2019;08:00;120;74;46
21/08/2019;08:15;124;76;48
21/08/2019;08:30;166;105;61
21/08/2019;08:45;179;119;60
21/08/2019;09:00;132;86;46
21/08/2019;09:15;157;97;60
21/08/2019;09:30;167;113;54
21/08/2019;09:45;197;107;90
21/08/2019;10:00;177;108;69
21/08/2019;10:15;209;99;110
21/08/2019;10:30;191;109;82
21/08/2019;10:45;173;112;61
21/08/2019;11:00;216;119;97
21/08/2019;11:15;167;76;91
21/08/2019;11:30;202;100;102
21/08/2019;11:45;212;118;94
21/08/2019;12:00;250;135;115
21/08/2019;12:15;211;104;107
21/08/2019;12:30;233;124;109
21/08/2019;12:45;185;89;96
21/08/2019;13:00;193;85;108
21/08/2019;13:15;180;85;95
21/08/2019;13:30;232;122;110
21/08/2019;13:45;272;127;145
21/08/2019;14:00;199;92;107
21/08/2019;14:15;242;124;118
21/08/2019;14:30;247;130;117
21/08/2019;14:45;267;144;123
21/08/2019;15:00;243;111;132
21/08/2019;15:15;201;96;105
21/08/2019;15:30;246;113;133
21/08/2019;15:45;228;105;123
21/08/2019;16:00;271;132;139
21/08/2019;16:15;237;102;135
21/08/2019;16:30;293;145;148
21/08/2019;16:45;329;159;170
21/08/2019;17:00;276;127;149
21/08/2019;17:15;295;137;158
21/08/2019;17:30;332;151;181
21/08/2019;17:45;268;127;141
21/08/2019;18:00;280;121;159
21/08/2019;18:15;276;130;146
21/08/2019;18:30;207;95;112
21/08/2019;18:45;279;139;140
21/08/2019;19:00;183;74;109
21/08/2019;19:15;194;71;123
21/08/2019;19:30;181;106;75
21/08/2019;19:45;173;87;86
21/08/2019;20:00;168;71;97
21/08/2019;20:15;162;71;91
21/08/2019;20:30;129;65;64
21/08/2019;20:45;95;40;55
21/08/2019;21:00;74;28;46
21/08/2019;21:15;95;43;52
21/08/2019;21:30;76;37;39
21/08/2019;21:45;72;23;49
21/08/2019;22:00;95;26;69
21/08/2019;22:15;79;12;67
21/08/2019;22:30;63;27;36
21/08/2019;22:45;71;29;42
21/08/2019;23:00;53;18;35
21/08/2019;23:15;42;21;21
21/08/2019;23:30;39;17;22
21/08/2019;23:45;29;12;17
22/08/2019;00:00;37;10;27
22/08/2019;00:15;27;13;14
22/08/2019;00:30;17;6;11
22/08/2019;00:45;23;12;11
22/08/2019;01:00;19;7;12
22/08/2019;01:15;16;3;13
22/08/2019;01:30;3;1;2
22/08/2019;01:45;11;6;5
22/08/2019;02:00;6;4;2
22/08/2019;02:15;7;3;4
22/08/2019;02:30;5;0;5
22/08/2019;02:45;8;1;7
22/08/2019;03:00;1;0;1
22/08/2019;03:15;1;0;1
22/08/2019;03:30;4;1;3
22/08/2019;03:45;5;2;3
22/08/2019;04:00;1;1;0
22/08/2019;04:15;7;3;4
22/08/2019;04:30;7;6;1
22/08/2019;04:45;2;1;1
22/08/2019;05:00;4;3;1
22/08/2019;05:15;15;7;8
22/08/2019;05:30;20;13;7
22/08/2019;05:45;39;25;14
22/08/2019;06:00;27;18;9
22/08/2019;06:15;37;27;10
22/08/2019;06:30;62;44;18
22/08/2019;06:45;74;41;33
22/08/2019;07:00;75;36;39
22/08/2019;07:15;87;54;33
22/08/2019;07:30;113;69;44
22/08/2019;07:45;149;100;49
22/08/2019;08:00;129;83;46
22/08/2019;08:15;129;74;55
22/08/2019;08:30;160;106;54
22/08/2019;08:45;163;109;54
22/08/2019;09:00;135;78;57
22/08/2019;09:15;170;104;66
22/08/2019;09:30;173;78;95
22/08/2019;09:45;189;115;74
22/08/2019;10:00;180;95;85
22/08/2019;10:15;181;129;52
22/08/2019;10:30;183;97;86
22/08/2019;10:45;164;104;60
22/08/2019;11:00;208;124;84
22/08/2019;11:15;172;99;73
22/08/2019;11:30;211;134;77
22/08/2019;11:45;198;114;84
22/08/2019;12:00;191;89;102
22/08/2019;12:15;180;93;87
22/08/2019;12:30;176;77;99
22/08/2019;12:45;193;101;92
22/08/2019;13:00;199;99;100
22/08/2019;13:15;211;93;118
22/08/2019;13:30;170;99;71
22/08/2019;13:45;198;108;90
22/08/2019;14:00;203;91;112
22/08/2019;14:15;190;117;73
22/08/2019;14:30;229;116;113
22/08/2019;14:45;229;107;122
22/08/2019;15:00;239;138;101
22/08/2019;15:15;249;127;122
22/08/2019;15:30;250;110;140
22/08/2019;15:45;283;138;145
22/08/2019;16:00;284;131;153
22/08/2019;16:15;240;125;115
22/08/2019;16:30;270;128;142
22/08/2019;16:45;269;126;143
22/08/2019;17:00;260;139;121
22/08/2019;17:15;287;124;163
22/08/2019;17:30;267;131;136
22/08/2019;17:45;308;145;163
22/08/2019;18:00;244;103;141
22/08/2019;18:15;259;113;146
22/08/2019;18:30;243;106;137
22/08/2019;18:45;251;106;145
22/08/2019;19:00;226;117;109
22/08/2019;19:15;227;105;122
22/08/2019;19:30;185;87;98
22/08/2019;19:45;206;106;100
22/08/2019;20:00;168;77;91
22/08/2019;20:15;119;47;72
22/08/2019;20:30;117;48;69
22/08/2019;20:45;113;44;69
22/08/2019;21:00;99;36;63
22/08/2019;21:15;91;37;54
22/08/2019;21:30;101;40;61
22/08/2019;21:45;98;30;68
22/08/2019;22:00;94;38;56
22/08/2019;22:15;81;22;59
22/08/2019;22:30;72;24;48
22/08/2019;22:45;62;25;37
22/08/2019;23:00;55;19;36
22/08/2019;23:15;42;13;29
22/08/2019;23:30;39;16;23
22/08/2019;23:45;31;9;22
23/08/2019;00:00;26;9;17
23/08/2019;00:15;15;2;13
23/08/2019;00:30;12;4;8
23/08/2019;00:45;19;7;12
23/08/2019;01:00;18;6;12
23/08/2019;01:15;15;2;13
23/08/2019;01:30;6;3;3
23/08/2019;01:45;11;5;6
23/08/2019;02:00;3;0;3
23/08/2019;02:15;4;0;4
23/08/2019;02:30;11;4;7
23/08/2019;02:45;3;3;0
23/08/2019;03:00;0;0;0
23/08/2019;03:15;1;0;1
23/08/2019;03:30;2;2;0
23/08/2019;03:45;2;2;0
23/08/2019;04:00;2;1;1
23/08/2019;04:15;1;1;0
23/08/2019;04:30;2;2;0
23/08/2019;04:45;3;2;1
23/08/2019;05:00;0;0;0
23/08/2019;05:15;8;4;4
23/08/2019;05:30;18;12;6
23/08/2019;05:45;25;17;8
23/08/2019;06:00;27;12;15
23/08/2019;06:15;34;26;8
23/08/2019;06:30;62;46;16
23/08/2019;06:45;63;36;27
23/08/2019;07:00;69;38;31
23/08/2019;07:15;78;52;26
23/08/2019;07:30;115;70;45
23/08/2019;07:45;141;80;61
23/08/2019;08:00;132;80;52
23/08/2019;08:15;121;79;42
23/08/2019;08:30;156;102;54
23/08/2019;08:45;177;112;65
23/08/2019;09:00;158;99;59
23/08/2019;09:15;159;112;47
23/08/2019;09:30;166;101;65
23/08/2019;09:45;202;122;80
23/08/2019;10:00;170;101;69
23/08/2019;10:15;186;110;76
23/08/2019;10:30;232;129;103
23/08/2019;10:45;186;106;80
23/08/2019;11:00;236;148;88
23/08/2019;11:15;251;130;121
23/08/2019;11:30;215;113;102
23/08/2019;11:45;225;118;107
23/08/2019;12:00;237;114;123
23/08/2019;12:15;198;87;111
23/08/2019;12:30;203;111;92
23/08/2019;12:45;222;107;115
23/08/2019;13:00;207;113;94
23/08/2019;13:15;218;94;124
23/08/2019;13:30;224;103;121
23/08/2019;13:45;224;130;94
23/08/2019;14:00;240;132;108
23/08/2019;14:15;216;98;118
23/08/2019;14:30;209;92;117
23/08/2019;14:45;240;121;119
23/08/2019;15:00;254;113;141
23/08/2019;15:15;185;112;73
23/08/2019;15:30;262;129;133
23/08/2019;15:45;254;119;135
23/08/2019;16:00;228;104;124
23/08/2019;16:15;248;115;133
23/08/2019;16:30;258;126;132
23/08/2019;16:45;256;118;138
23/08/2019;17:00;267;121;146
23/08/2019;17:15;259;143;116
23/08/2019;17:30;259;142;117
23/08/2019;17:45;254;116;138
23/08/2019;18:00;199;81;118
23/08/2019;18:15;250;110;140
23/08/2019;18:30;244;115;129
23/08/2019;18:45;244;107;137
23/08/2019;19:00;274;131;143
23/08/2019;19:15;172;78;94
23/08/2019;19:30;201;108;93
23/08/2019;19:45;158;88;70
23/08/2019;20:00;154;82;72
23/08/2019;20:15;147;60;87
23/08/2019;20:30;135;46;89
23/08/2019;20:45;125;66;59
23/08/2019;21:00;98;44;54
23/08/2019;21:15;121;44;77
23/08/2019;21:30;87;49;38
23/08/2019;21:45;90;45;45
23/08/2019;22:00;73;45;28
23/08/2019;22:15;57;24;33
23/08/2019;22:30;93;38;55
23/08/2019;22:45;69;33;36
23/08/2019;23:00;86;24;62
23/08/2019;23:15;45;17;28
23/08/2019;23:30;59;17;42
23/08/2019;23:45;63;31;32
24/08/2019;00:00;52;21;31
24/08/2019;00:15;44;17;27
24/08/2019;00:30;23;11;12
24/08/2019;00:45;23;7;16
24/08/2019;01:00;22;6;16
24/08/2019;01:15;21;3;18
24/08/2019;01:30;34;8;26
24/08/2019;01:45;15;7;8
24/08/2019;02:00;22;7;15
24/08/2019;02:15;11;4;7
24/08/2019;02:30;16;5;11
24/08/2019;02:45;12;4;8
24/08/2019;03:00;13;6;7
24/08/2019;03:15;13;2;11
24/08/2019;03:30;10;5;5
24/08/2019;03:45;6;0;6
24/08/2019;04:00;9;3;6
24/08/2019;04:15;6;3;3
24/08/2019;04:30;7;4;3
24/08/2019;04:45;5;0;5
24/08/2019;05:00;3;2;1
24/08/2019;05:15;7;3;4
24/08/2019;05:30;12;7;5
24/08/2019;05:45;12;10;2
24/08/2019;06:00;12;4;8
24/08/2019;06:15;11;8;3
24/08/2019;06:30;21;12;9
24/08/2019;06:45;23;16;7
24/08/2019;07:00;21;15;6
24/08/2019;07:15;33;22;11
24/08/2019;07:30;36;23;13
24/08/2019;07:45;28;16;12
24/08/2019;08:00;45;28;17
24/08/2019;08:15;57;37;20
24/08/2019;08:30;76;44;32
24/08/2019;08:45;88;45;43
24/08/2019;09:00;108;66;42
24/08/2019;09:15;99;66;33
24/08/2019;09:30;139;80;59
24/08/2019;09:45;171;114;57
24/08/2019;10:00;153;91;62
24/08/2019;10:15;172;95;77
24/08/2019;10:30;214;113;101
24/08/2019;10:45;201;126;75
24/08/2019;11:00;194;89;105
24/08/2019;11:15;259;130;129
24/08/2019;11:30;211;126;85
24/08/2019;11:45;184;87;97
24/08/2019;12:00;236;126;110
24/08/2019;12:15;219;109;110
24/08/2019;12:30;220;128;92
24/08/2019;12:45;185;107;78
24/08/2019;13:00;215;112;103
24/08/2019;13:15;161;72;89
24/08/2019;13:30;233;131;102
24/08/2019;13:45;184;99;85
24/08/2019;14:00;243;110;133
24/08/2019;14:15;226;111;115
24/08/2019;14:30;228;105;123
24/08/2019;14:45;218;97;121
24/08/2019;15:00;266;143;123
24/08/2019;15:15;281;120;161
24/08/2019;15:30;196;102;94
24/08/2019;15:45;228;119;109
24/08/2019;16:00;182;87;95
24/08/2019;16:15;239;89;150
24/08/2019;16:30;216;113;103
24/08/2019;16:45;202;85;117
24/08/2019;17:00;231;114;117
24/08/2019;17:15;271;121;150
24/08/2019;17:30;209;97;112
24/08/2019;17:45;239;130;109
24/08/2019;18:00;226;91;135
24/08/2019;18:15;200;104;96
24/08/2019;18:30;214;101;113
24/08/2019;18:45;213;112;101
24/08/2019;19:00;201;101;100
24/08/2019;19:15;188;97;91
24/08/2019;19:30;151;86;65
24/08/2019;19:45;169;104;65
24/08/2019;20:00;202;106;96
24/08/2019;20:15;148;62;86
24/08/2019;20:30;108;46;62
24/08/2019;20:45;124;57;67
24/08/2019;21:00;108;42;66
24/08/2019;21:15;106;42;64
24/08/2019;21:30;105;58;47
24/08/2019;21:45;50;28;22
24/08/2019;22:00;65;38;27
24/08/2019;22:15;77;27;50
24/08/2019;22:30;93;36;57
24/08/2019;22:45;77;37;40
24/08/2019;23:00;90;35;55
24/08/2019;23:15;52;16;36
24/08/2019;23:30;60;17;43
24/08/2019;23:45;40;13;27
25/08/2019;00:00;56;27;29
25/08/2019;00:15;36;11;25
25/08/2019;00:30;54;22;32
25/08/2019;00:45;37;16;21
25/08/2019;01:00;21;7;14
25/08/2019;01:15;32;14;18
25/08/2019;01:30;23;12;11
25/08/2019;01:45;22;12;10
25/08/2019;02:00;24;10;14
25/08/2019;02:15;17;10;7
25/08/2019;02:30;19;8;11
25/08/2019;02:45;15;2;13
25/08/2019;03:00;25;14;11
25/08/2019;03:15;20;2;18
25/08/2019;03:30;14;6;8
25/08/2019;03:45;10;4;6
25/08/2019;04:00;7;2;5
25/08/2019;04:15;2;0;2
25/08/2019;04:30;4;4;0
25/08/2019;04:45;5;1;4
25/08/2019;05:00;5;3;2
25/08/2019;05:15;4;1;3
25/08/2019;05:30;4;2;2
25/08/2019;05:45;8;7;1
25/08/2019;06:00;6;2;4
25/08/2019;06:15;9;7;2
25/08/2019;06:30;19;12;7
25/08/2019;06:45;13;8;5
25/08/2019;07:00;14;10;4
25/08/2019;07:15;15;9;6
25/08/2019;07:30;13;9;4
25/08/2019;07:45;21;15;6
25/08/2019;08:00;29;17;12
25/08/2019;08:15;28;10;18
25/08/2019;08:30;32;16;16
25/08/2019;08:45;47;30;17
25/08/2019;09:00;28;13;15
25/08/2019;09:15;86;52;34
25/08/2019;09:30;88;43;45
25/08/2019;09:45;93;48;45
25/08/2019;10:00;85;36;49
25/08/2019;10:15;98;54;44
25/08/2019;10:30;88;40;48
25/08/2019;10:45;112;60;52
25/08/2019;11:00;98;53;45
25/08/2019;11:15;132;77;55
25/08/2019;11:30;143;76;67
25/08/2019;11:45;145;77;68
25/08/2019;12:00;150;81;69
25/08/2019;12:15;118;57;61
25/08/2019;12:30;165;78;87
25/08/2019;12:45;137;52;85
25/08/2019;13:00;107;54;53
25/08/2019;13:15;187;83;104
25/08/2019;13:30;158;63;95
25/08/2019;13:45;176;68;108
25/08/2019;14:00;201;80;121
25/08/2019;14:15;200;89;111
25/08/2019;14:30;184;92;92
25/08/2019;14:45;185;92;93
25/08/2019;15:00;223;94;129
25/08/2019;15:15;164;77;87
25/08/2019;15:30;188;86;102
25/08/2019;15:45;172;84;88
25/08/2019;16:00;227;109;118
25/08/2019;16:15;202;102;100
25/08/2019;16:30;171;81;90
25/08/2019;16:45;187;107;80
25/08/2019;17:00;185;100;85
25/08/2019;17:15;194;97;97
25/08/2019;17:30;198;112;86
25/08/2019;17:45;216;118;98
25/08/2019;18:00;202;122;80
25/08/2019;18:15;198;103;95
25/08/2019;18:30;179;109;70
25/08/2019;18:45;218;125;93
25/08/2019;19:00;157;99;58
25/08/2019;19:15;150;80;70
25/08/2019;19:30;140;72;68
25/08/2019;19:45;131;74;57
25/08/2019;20:00;153;69;84
25/08/2019;20:15;120;54;66
25/08/2019;20:30;104;52;52
25/08/2019;20:45;97;36;61
25/08/2019;21:00;77;23;54
25/08/2019;21:15;81;42;39
25/08/2019;21:30;58;21;37
25/08/2019;21:45;69;24;45
25/08/2019;22:00;53;27;26
25/08/2019;22:15;52;28;24
25/08/2019;22:30;38;19;19
25/08/2019;22:45;53;24;29
25/08/2019;23:00;50;24;26
25/08/2019;23:15;27;13;14
25/08/2019;23:30;19;3;16
25/08/2019;23:45;22;8;14
26/08/2019;00:00;20;7;13
26/08/2019;00:15;12;3;9
26/08/2019;00:30;7;2;5
26/08/2019;00:45;10;2;8
26/08/2019;01:00;4;1;3
26/08/2019;01:15;7;3;4
26/08/2019;01:30;3;0;3
26/08/2019;01:45;15;7;8
26/08/2019;02:00;3;3;0
26/08/2019;02:15;8;3;5
26/08/2019;02:30;3;2;1
26/08/2019;02:45;2;1;1
26/08/2019;03:00;0;0;0
26/08/2019;03:15;2;1;1
26/08/2019;03:30;1;0;1
26/08/2019;03:45;4;1;3
26/08/2019;04:00;5;4;1
26/08/2019;04:15;1;1;0
26/08/2019;04:30;9;6;3
26/08/2019;04:45;5;5;0
26/08/2019;05:00;1;1;0
26/08/2019;05:15;10;6;4
26/08/2019;05:30;20;12;8
26/08/2019;05:45;41;30;11
26/08/2019;06:00;29;17;12
26/08/2019;06:15;35;23;12
26/08/2019;06:30;78;53;25
26/08/2019;06:45;91;63;28
26/08/2019;07:00;76;45;31
26/08/2019;07:15;96;59;37
26/08/2019;07:30;121;64;57
26/08/2019;07:45;210;133;77
26/08/2019;08:00;140;78;62
26/08/2019;08:15;178;114;64
26/08/2019;08:30;190;111;79
26/08/2019;08:45;182;103;79
26/08/2019;09:00;167;113;54
26/08/2019;09:15;199;122;77
26/08/2019;09:30;140;84;56
26/08/2019;09:45;197;127;70
26/08/2019;10:00;195;103;92
26/08/2019;10:15;201;119;82
26/08/2019;10:30;189;110;79
26/08/2019;10:45;221;121;100
26/08/2019;11:00;186;115;71
26/08/2019;11:15;184;101;83
26/08/2019;11:30;210;125;85
26/08/2019;11:45;226;112;114
26/08/2019;12:00;201;74;127
26/08/2019;12:15;227;103;124
26/08/2019;12:30;188;91;97
26/08/2019;12:45;214;99;115
26/08/2019;13:00;222;128;94
26/08/2019;13:15;196;103;93
26/08/2019;13:30;205;87;118
26/08/2019;13:45;182;94;88
26/08/2019;14:00;226;124;102
26/08/2019;14:15;278;167;111
26/08/2019;14:30;234;113;121
26/08/2019;14:45;240;109;131
26/08/2019;15:00;213;94;119
26/08/2019;15:15;228;116;112
26/08/2019;15:30;232;111;121
26/08/2019;15:45;254;135;119
26/08/2019;16:00;268;132;136
26/08/2019;16:15;298;136;162
26/08/2019;16:30;262;132;130
26/08/2019;16:45;303;150;153
26/08/2019;17:00;280;112;168
26/08/2019;17:15;291;141;150
26/08/2019;17:30;289;126;163
26/08/2019;17:45;274;109;165
26/08/2019;18:00;289;136;153
26/08/2019;18:15;283;102;181
26/08/2019;18:30;260;126;134
26/08/2019;18:45;307;129;178
26/08/2019;19:00;206;93;113
26/08/2019;19:15;232;110;122
26/08/2019;19:30;183;94;89
26/08/2019;19:45;190;104;86
26/08/2019;20:00;185;88;97
26/08/2019;20:15;142;51;91
26/08/2019;20:30;156;68;88
26/08/2019;20:45;135;59;76
26/08/2019;21:00;119;46;73
26/08/2019;21:15;72;26;46
26/08/2019;21:30;111;49;62
26/08/2019;21:45;85;44;41
26/08/2019;22:00;61;28;33
26/08/2019;22:15;61;17;44
26/08/2019;22:30;64;20;44
26/08/2019;22:45;64;33;31
26/08/2019;23:00;41;16;25
26/08/2019;23:15;44;18;26
26/08/2019;23:30;34;9;25
26/08/2019;23:45;29;6;23
27/08/2019;00:00;61;29;32
27/08/2019;00:15;25;8;17
27/08/2019;00:30;14;7;7
27/08/2019;00:45;13;8;5
27/08/2019;01:00;6;3;3
27/08/2019;01:15;9;1;8
27/08/2019;01:30;3;0;3
27/08/2019;01:45;6;2;4
27/08/2019;02:00;8;2;6
27/08/2019;02:15;1;1;0
27/08/2019;02:30;3;1;2
27/08/2019;02:45;1;1;0
27/08/2019;03:00;4;3;1
27/08/2019;03:15;4;2;2
27/08/2019;03:30;2;0;2
27/08/2019;03:45;0;0;0
27/08/2019;04:00;1;1;0
27/08/2019;04:15;0;0;0
27/08/2019;04:30;8;4;4
27/08/2019;04:45;7;5;2
27/08/2019;05:00;1;0;1
27/08/2019;05:15;13;8;5
27/08/2019;05:30;22;12;10
27/08/2019;05:45;31;24;7
27/08/2019;06:00;35;23;12
27/08/2019;06:15;45;30;15
27/08/2019;06:30;73;50;23
27/08/2019;06:45;86;56;30
27/08/2019;07:00;89;51;38
27/08/2019;07:15;91;51;40
27/08/2019;07:30;153;82;71
27/08/2019;07:45;214;135;79
27/08/2019;08:00;191;121;70
27/08/2019;08:15;189;111;78
27/08/2019;08:30;199;120;79
27/08/2019;08:45;204;133;71
27/08/2019;09:00;215;125;90
27/08/2019;09:15;195;117;78
27/08/2019;09:30;162;99;63
27/08/2019;09:45;207;128;79
27/08/2019;10:00;213;124;89
27/08/2019;10:15;197;123;74
27/08/2019;10:30;184;107;77
27/08/2019;10:45;247;130;117
27/08/2019;11:00;214;117;97
27/08/2019;11:15;209;88;121
27/08/2019;11:30;241;131;110
27/08/2019;11:45;223;104;119
27/08/2019;12:00;230;121;109
27/08/2019;12:15;205;91;114
27/08/2019;12:30;263;113;150
27/08/2019;12:45;254;112;142
27/08/2019;13:00;248;126;122
27/08/2019;13:15;209;94;115
27/08/2019;13:30;239;116;123
27/08/2019;13:45;228;112;116
27/08/2019;14:00;214;85;129
27/08/2019;14:15;249;109;140
27/08/2019;14:30;240;123;117
27/08/2019;14:45;240;120;120
27/08/2019;15:00;203;93;110
27/08/2019;15:15;226;111;115
27/08/2019;15:30;248;117;131
27/08/2019;15:45;269;126;143
27/08/2019;16:00;286;134;152
27/08/2019;16:15;273;122;151
27/08/2019;16:30;271;127;144
27/08/2019;16:45;261;129;132
27/08/2019;17:00;348;148;200
27/08/2019;17:15;321;132;189
27/08/2019;17:30;312;153;159
27/08/2019;17:45;330;148;182
27/08/2019;18:00;297;141;156
27/08/2019;18:15;290;122;168
27/08/2019;18:30;256;130;126
27/08/2019;18:45;307;145;162
27/08/2019;19:00;270;135;135
27/08/2019;19:15;262;110;152
27/08/2019;19:30;192;106;86
27/08/2019;19:45;165;69;96
27/08/2019;20:00;172;74;98
27/08/2019;20:15;198;70;128
27/08/2019;20:30;165;67;98
27/08/2019;20:45;154;70;84
27/08/2019;21:00;139;63;76
27/08/2019;21:15;133;62;71
27/08/2019;21:30;82;32;50
27/08/2019;21:45;112;55;57
27/08/2019;22:00;68;22;46
27/08/2019;22:15;82;30;52
27/08/2019;22:30;61;28;33
27/08/2019;22:45;69;23;46
27/08/2019;23:00;55;17;38
27/08/2019;23:15;34;8;26
27/08/2019;23:30;34;14;20
27/08/2019;23:45;38;9;29
28/08/2019;00:00;29;9;20
28/08/2019;00:15;13;3;10
28/08/2019;00:30;21;7;14
28/08/2019;00:45;16;1;15
28/08/2019;01:00;8;2;6
28/08/2019;01:15;13;3;10
28/08/2019;01:30;13;3;10
28/08/2019;01:45;18;7;11
28/08/2019;02:00;10;5;5
28/08/2019;02:15;7;4;3
28/08/2019;02:30;2;0;2
28/08/2019;02:45;1;0;1
28/08/2019;03:00;3;3;0
28/08/2019;03:15;1;0;1
28/08/2019;03:30;2;0;2
28/08/2019;03:45;1;1;0
28/08/2019;04:00;2;1;1
28/08/2019;04:15;1;1;0
28/08/2019;04:30;6;5;1
28/08/2019;04:45;3;2;1
28/08/2019;05:00;2;2;0
28/08/2019;05:15;10;5;5
28/08/2019;05:30;16;10;6
28/08/2019;05:45;41;34;7
28/08/2019;06:00;32;16;16
28/08/2019;06:15;47;32;15
28/08/2019;06:30;65;48;17
28/08/2019;06:45;87;50;37
28/08/2019;07:00;93;51;42
28/08/2019;07:15;100;64;36
28/08/2019;07:30;147;81;66
28/08/2019;07:45;216;141;75
28/08/2019;08:00;162;98;64
28/08/2019;08:15;174;113;61
28/08/2019;08:30;183;112;71
28/08/2019;08:45;179;116;63
28/08/2019;09:00;177;116;61
28/08/2019;09:15;178;117;61
28/08/2019;09:30;199;123;76
28/08/2019;09:45;201;127;74
28/08/2019;10:00;197;123;74
28/08/2019;10:15;180;89;91
28/08/2019;10:30;202;136;66
28/08/2019;10:45;218;137;81
28/08/2019;11:00;231;127;104
28/08/2019;11:15;229;100;129
28/08/2019;11:30;240;127;113
28/08/2019;11:45;235;126;109
28/08/2019;12:00;233;111;122
28/08/2019;12:15;227;105;122
28/08/2019;12:30;240;110;130
28/08/2019;12:45;247;129;118
28/08/2019;13:00;242;106;136
28/08/2019;13:15;218;110;108
28/08/2019;13:30;255;102;153
28/08/2019;13:45;219;100;119
28/08/2019;14:00;211;100;111
28/08/2019;14:15;235;98;137
28/08/2019;14:30;253;121;132
28/08/2019;14:45;207;95;112
28/08/2019;15:00;204;101;103
28/08/2019;15:15;201;91;110
28/08/2019;15:30;233;95;138
28/08/2019;15:45;289;150;139
28/08/2019;16:00;257;128;129
28/08/2019;16:15;293;151;142
28/08/2019;16:30;300;133;167
28/08/2019;16:45;306;155;151
28/08/2019;17:00;305;136;169
28/08/2019;17:15;303;151;152
28/08/2019;17:30;274;141;133
28/08/2019;17:45;325;169;156
28/08/2019;18:00;286;127;159
28/08/2019;18:15;282;133;149
28/08/2019;18:30;279;138;141
28/08/2019;18:45;289;143;146
28/08/2019;19:00;259;131;128
28/08/2019;19:15;213;97;116
28/08/2019;19:30;187;95;92
28/08/2019;19:45;211;110;101
28/08/2019;20:00;189;76;113
28/08/2019;20:15;204;86;118
28/08/2019;20:30;126;61;65
28/08/2019;20:45;118;50;68
28/08/2019;21:00;114;43;71
28/08/2019;21:15;106;51;55
28/08/2019;21:30;78;28;50
28/08/2019;21:45;109;50;59
28/08/2019;22:00;68;32;36
28/08/2019;22:15;67;23;44
28/08/2019;22:30;82;37;45
28/08/2019;22:45;60;20;40
28/08/2019;23:00;46;14;32
28/08/2019;23:15;40;14;26
28/08/2019;23:30;44;18;26
28/08/2019;23:45;33;9;24
29/08/2019;00:00;31;16;15
29/08/2019;00:15;36;8;28
29/08/2019;00:30;28;11;17
29/08/2019;00:45;20;5;15
29/08/2019;01:00;14;3;11
29/08/2019;01:15;10;2;8
29/08/2019;01:30;14;2;12
29/08/2019;01:45;4;1;3
29/08/2019;02:00;4;0;4
29/08/2019;02:15;4;2;2
29/08/2019;02:30;4;0;4
29/08/2019;02:45;3;2;1
29/08/2019;03:00;5;0;5
29/08/2019;03:15;6;0;6
29/08/2019;03:30;3;2;1
29/08/2019;03:45;2;2;0
29/08/2019;04:00;4;2;2
29/08/2019;04:15;4;1;3
29/08/2019;04:30;3;2;1
29/08/2019;04:45;6;6;0
29/08/2019;05:00;2;1;1
29/08/2019;05:15;13;9;4
29/08/2019;05:30;20;11;9
29/08/2019;05:45;37;31;6
29/08/2019;06:00;32;13;19
29/08/2019;06:15;45;32;13
29/08/2019;06:30;64;46;18
29/08/2019;06:45;67;45;22
29/08/2019;07:00;81;46;35
29/08/2019;07:15;93;53;40
29/08/2019;07:30;135;65;70
29/08/2019;07:45;97;60;37
29/08/2019;08:00;87;49;38
29/08/2019;08:15;117;78;39
29/08/2019;08:30;134;92;42
29/08/2019;08:45;149;91;58
29/08/2019;09:00;100;57;43
29/08/2019;09:15;109;67;42
29/08/2019;09:30;111;72;39
29/08/2019;09:45;170;103;67
29/08/2019;10:00;155;94;61
29/08/2019;10:15;138;87;51
29/08/2019;10:30;124;79;45
29/08/2019;10:45;186;124;62
29/08/2019;11:00;164;106;58
29/08/2019;11:15;164;90;74
29/08/2019;11:30;131;70;61
29/08/2019;11:45;174;86;88
29/08/2019;12:00;161;88;73
29/08/2019;12:15;187;95;92
29/08/2019;12:30;175;80;95
29/08/2019;12:45;176;83;93
29/08/2019;13:00;181;88;93
29/08/2019;13:15;177;85;92
29/08/2019;13:30;206;126;80
29/08/2019;13:45;244;131;113
29/08/2019;14:00;193;90;103
29/08/2019;14:15;196;94;102
29/08/2019;14:30;222;121;101
29/08/2019;14:45;215;112;103
29/08/2019;15:00;179;109;70
29/08/2019;15:15;181;82;99
29/08/2019;15:30;226;106;120
29/08/2019;15:45;226;98;128
29/08/2019;16:00;220;100;120
29/08/2019;16:15;198;104;94
29/08/2019;16:30;233;117;116
29/08/2019;16:45;275;141;134
29/08/2019;17:00;272;132;140
29/08/2019;17:15;232;113;119
29/08/2019;17:30;266;125;141
29/08/2019;17:45;261;112;149
29/08/2019;18:00;254;105;149
29/08/2019;18:15;227;98;129
29/08/2019;18:30;248;98;150
29/08/2019;18:45;219;103;116
29/08/2019;19:00;229;114;115
29/08/2019;19:15;193;83;110
29/08/2019;19:30;187;94;93
29/08/2019;19:45;166;74;92
29/08/2019;20:00;149;67;82
29/08/2019;20:15;132;55;77
29/08/2019;20:30;103;50;53
29/08/2019;20:45;108;56;52
29/08/2019;21:00;101;46;55
29/08/2019;21:15;97;47;50
29/08/2019;21:30;93;46;47
29/08/2019;21:45;77;25;52
29/08/2019;22:00;82;21;61
29/08/2019;22:15;76;24;52
29/08/2019;22:30;68;18;50
29/08/2019;22:45;43;13;30
29/08/2019;23:00;61;17;44
29/08/2019;23:15;36;12;24
29/08/2019;23:30;48;26;22
29/08/2019;23:45;36;8;28
30/08/2019;00:00;35;11;24
30/08/2019;00:15;33;5;28
30/08/2019;00:30;18;5;13
30/08/2019;00:45;11;5;6
30/08/2019;01:00;11;3;8
30/08/2019;01:15;15;7;8
30/08/2019;01:30;9;3;6
30/08/2019;01:45;12;3;9
30/08/2019;02:00;3;2;1
30/08/2019;02:15;7;6;1
30/08/2019;02:30;6;4;2
30/08/2019;02:45;2;0;2
30/08/2019;03:00;2;0;2
30/08/2019;03:15;2;0;2
30/08/2019;03:30;7;5;2
30/08/2019;03:45;0;0;0
30/08/2019;04:00;4;2;2
30/08/2019;04:15;1;1;0
30/08/2019;04:30;4;2;2
30/08/2019;04:45;8;7;1
30/08/2019;05:00;2;1;1
30/08/2019;05:15;10;4;6
30/08/2019;05:30;23;16;7
30/08/2019;05:45;21;15;6
30/08/2019;06:00;28;16;12
30/08/2019;06:15;30;22;8
30/08/2019;06:30;70;44;26
30/08/2019;06:45;74;52;22
30/08/2019;07:00;81;52;29
30/08/2019;07:15;99;60;39
30/08/2019;07:30;142;81;61
30/08/2019;07:45;175;98;77
30/08/2019;08:00;172;110;62
30/08/2019;08:15;158;100;58
30/08/2019;08:30;180;120;60
30/08/2019;08:45;205;116;89
30/08/2019;09:00;169;104;65
30/08/2019;09:15;204;134;70
30/08/2019;09:30;202;130;72
30/08/2019;09:45;230;146;84
30/08/2019;10:00;220;140;80
30/08/2019;10:15;207;123;84
30/08/2019;10:30;238;143;95
30/08/2019;10:45;282;159;123
30/08/2019;11:00;243;144;99
30/08/2019;11:15;207;99;108
30/08/2019;11:30;253;135;118
30/08/2019;11:45;194;102;92
30/08/2019;12:00;274;124;150
30/08/2019;12:15;239;121;118
30/08/2019;12:30;246;117;129
30/08/2019;12:45;209;95;114
30/08/2019;13:00;272;114;158
30/08/2019;13:15;214;110;104
30/08/2019;13:30;233;98;135
30/08/2019;13:45;227;91;136
30/08/2019;14:00;232;126;106
30/08/2019;14:15;235;124;111
30/08/2019;14:30;238;105;133
30/08/2019;14:45;237;107;130
30/08/2019;15:00;230;106;124
30/08/2019;15:15;244;113;131
30/08/2019;15:30;240;124;116
30/08/2019;15:45;242;108;134
30/08/2019;16:00;221;86;135
30/08/2019;16:15;231;130;101
30/08/2019;16:30;242;121;121
30/08/2019;16:45;286;146;140
30/08/2019;17:00;253;115;138
30/08/2019;17:15;249;131;118
30/08/2019;17:30;234;128;106
30/08/2019;17:45;272;143;129
30/08/2019;18:00;260;129;131
30/08/2019;18:15;235;133;102
30/08/2019;18:30;253;138;115
30/08/2019;18:45;235;119;116
30/08/2019;19:00;267;146;121
30/08/2019;19:15;246;142;104
30/08/2019;19:30;245;153;92
30/08/2019;19:45;192;85;107
30/08/2019;20:00;186;81;105
30/08/2019;20:15;164;76;88
30/08/2019;20:30;148;73;75
30/08/2019;20:45;117;50;67
30/08/2019;21:00;129;61;68
30/08/2019;21:15;102;41;61
30/08/2019;21:30;70;33;37
30/08/2019;21:45;152;48;104
30/08/2019;22:00;97;26;71
30/08/2019;22:15;101;47;54
30/08/2019;22:30;101;36;65
30/08/2019;22:45;81;15;66
30/08/2019;23:00;87;15;72
30/08/2019;23:15;70;16;54
30/08/2019;23:30;66;18;48
30/08/2019;23:45;64;19;45
31/08/2019;00:00;62;19;43
31/08/2019;00:15;34;12;22
31/08/2019;00:30;40;11;29
31/08/2019;00:45;24;7;17
31/08/2019;01:00;40;13;27
31/08/2019;01:15;25;10;15
31/08/2019;01:30;15;6;9
31/08/2019;01:45;21;5;16
31/08/2019;02:00;18;3;15
31/08/2019;02:15;12;7;5
31/08/2019;02:30;9;5;4
31/08/2019;02:45;15;10;5
31/08/2019;03:00;7;1;6
31/08/2019;03:15;9;2;7
31/08/2019;03:30;10;0;10
31/08/2019;03:45;7;4;3
31/08/2019;04:00;11;8;3
31/08/2019;04:15;3;2;1
31/08/2019;04:30;5;5;0
31/08/2019;04:45;4;2;2
31/08/2019;05:00;4;3;1
31/08/2019;05:15;8;4;4
31/08/2019;05:30;12;11;1
31/08/2019;05:45;14;9;5
31/08/2019;06:00;8;7;1
31/08/2019;06:15;8;5;3
31/08/2019;06:30;20;13;7
31/08/2019;06:45;16;11;5
31/08/2019;07:00;24;15;9
31/08/2019;07:15;20;15;5
31/08/2019;07:30;34;25;9
31/08/2019;07:45;36;22;14
31/08/2019;08:00;57;32;25
31/08/2019;08:15;77;49;28
31/08/2019;08:30;78;58;20
31/08/2019;08:45;95;66;29
31/08/2019;09:00;100;67;33
31/08/2019;09:15;109;68;41
31/08/2019;09:30;166;103;63
31/08/2019;09:45;187;136;51
31/08/2019;10:00;173;95;78
31/08/2019;10:15;194;126;68
31/08/2019;10:30;212;108;104
31/08/2019;10:45;246;148;98
31/08/2019;11:00;220;130;90
31/08/2019;11:15;189;114;75
31/08/2019;11:30;224;139;85
31/08/2019;11:45;245;142;103
31/08/2019;12:00;253;133;120
31/08/2019;12:15;229;101;128
31/08/2019;12:30;220;96;124
31/08/2019;12:45;192;91;101
31/08/2019;13:00;195;96;99
31/08/2019;13:15;224;103;121
31/08/2019;13:30;242;105;137
31/08/2019;13:45;250;92;158
31/08/2019;14:00;211;111;100
31/08/2019;14:15;237;101;136
31/08/2019;14:30;242;110;132
31/08/2019;14:45;276;135;141
31/08/2019;15:00;226;98;128
31/08/2019;15:15;204;91;113
31/08/2019;15:30;228;112;116
31/08/2019;15:45;198;107;91
31/08/2019;16:00;236;117;119
31/08/2019;16:15;208;103;105
31/08/2019;16:30;247;116;131
31/08/2019;16:45;222;115;107
31/08/2019;17:00;247;126;121
31/08/2019;17:15;239;121;118
31/08/2019;17:30;256;149;107
31/08/2019;17:45;243;118;125
31/08/2019;18:00;243;126;117
31/08/2019;18:15;221;90;131
31/08/2019;18:30;231;112;119
31/08/2019;18:45;243;110;133
31/08/2019;19:00;200;102;98
31/08/2019;19:15;189;100;89
31/08/2019;19:30;166;77;89
31/08/2019;19:45;124;64;60
31/08/2019;20:00;152;69;83
31/08/2019;20:15;155;76;79
31/08/2019;20:30;137;63;74
31/08/2019;20:45;139;68;71
31/08/2019;21:00;130;56;74
31/08/2019;21:15;110;49;61
31/08/2019;21:30;96;40;56
31/08/2019;21:45;99;42;57
31/08/2019;22:00;87;44;43
31/08/2019;22:15;87;39;48
31/08/2019;22:30;92;39;53
31/08/2019;22:45;70;13;57
31/08/2019;23:00;68;21;47
31/08/2019;23:15;56;12;44
31/08/2019;23:30;52;21;31
31/08/2019;23:45;50;8;42
01/09/2019;00:00;44;19;25
01/09/2019;00:15;33;15;18
01/09/2019;00:30;41;17;24
01/09/2019;00:45;31;12;19
01/09/2019;01:00;41;14;27
01/09/2019;01:15;39;11;28
01/09/2019;01:30;19;4;15
01/09/2019;01:45;31;12;19
01/09/2019;02:00;26;9;17
01/09/2019;02:15;13;4;9
01/09/2019;02:30;25;11;14
01/09/2019;02:45;24;13;11
01/09/2019;03:00;25;12;13
01/09/2019;03:15;13;5;8
01/09/2019;03:30;13;5;8
01/09/2019;03:45;9;6;3
01/09/2019;04:00;11;11;0
01/09/2019;04:15;11;8;3
01/09/2019;04:30;0;0;0
01/09/2019;04:45;5;3;2
01/09/2019;05:00;1;1;0
01/09/2019;05:15;12;10;2
01/09/2019;05:30;5;2;3
01/09/2019;05:45;17;17;0
01/09/2019;06:00;11;7;4
01/09/2019;06:15;10;9;1
01/09/2019;06:30;11;6;5
01/09/2019;06:45;20;16;4
01/09/2019;07:00;9;7;2
01/09/2019;07:15;15;11;4
01/09/2019;07:30;17;13;4
01/09/2019;07:45;16;11;5
01/09/2019;08:00;30;22;8
01/09/2019;08:15;27;13;14
01/09/2019;08:30;28;11;17
01/09/2019;08:45;50;35;15
01/09/2019;09:00;49;35;14
01/09/2019;09:15;49;26;23
01/09/2019;09:30;87;44;43
01/09/2019;09:45;103;47;56
01/09/2019;10:00;60;43;17
01/09/2019;10:15;81;58;23
01/09/2019;10:30;78;56;22
01/09/2019;10:45;76;48;28
01/09/2019;11:00;79;51;28
01/09/2019;11:15;72;35;37
01/09/2019;11:30;60;32;28
01/09/2019;11:45;93;46;47
01/09/2019;12:00;91;59;32
01/09/2019;12:15;101;44;57
01/09/2019;12:30;96;52;44
01/09/2019;12:45;91;44;47
01/09/2019;13:00;87;40;47
01/09/2019;13:15;106;65;41
01/09/2019;13:30;87;56;31
01/09/2019;13:45;103;58;45
01/09/2019;14:00;114;37;77
01/09/2019;14:15;82;48;34
01/09/2019;14:30;112;62;50
01/09/2019;14:45;112;55;57
01/09/2019;15:00;156;87;69
01/09/2019;15:15;103;59;44
01/09/2019;15:30;155;78;77
01/09/2019;15:45;145;86;59
01/09/2019;16:00;145;72;73
01/09/2019;16:15;114;58;56
01/09/2019;16:30;114;61;53
01/09/2019;16:45;168;85;83
01/09/2019;17:00;125;63;62
01/09/2019;17:15;158;96;62
01/09/2019;17:30;170;97;73
01/09/2019;17:45;139;54;85
01/09/2019;18:00;136;55;81
01/09/2019;18:15;100;40;60
01/09/2019;18:30;133;61;72
01/09/2019;18:45;105;44;61
01/09/2019;19:00;133;49;84
01/09/2019;19:15;119;62;57
01/09/2019;19:30;112;40;72
01/09/2019;19:45;104;48;56
01/09/2019;20:00;83;23;60
01/09/2019;20:15;86;23;63
01/09/2019;20:30;48;22;26
01/09/2019;20:45;37;18;19
01/09/2019;21:00;40;13;27
01/09/2019;21:15;56;11;45
01/09/2019;21:30;39;13;26
01/09/2019;21:45;27;17;10
01/09/2019;22:00;34;16;18
01/09/2019;22:15;28;11;17
01/09/2019;22:30;14;5;9
01/09/2019;22:45;27;10;17
01/09/2019;23:00;18;8;10
01/09/2019;23:15;17;8;9
01/09/2019;23:30;24;12;12
01/09/2019;23:45;7;3;4
02/09/2019;00:00;9;5;4
02/09/2019;00:15;11;1;10
02/09/2019;00:30;2;1;1
02/09/2019;00:45;7;5;2
02/09/2019;01:00;3;1;2
02/09/2019;01:15;2;1;1
02/09/2019;01:30;8;5;3
02/09/2019;01:45;1;0;1
02/09/2019;02:00;3;2;1
02/09/2019;02:15;3;1;2
02/09/2019;02:30;1;1;0
02/09/2019;02:45;1;1;0
02/09/2019;03:00;1;1;0
02/09/2019;03:15;0;0;0
02/09/2019;03:30;1;1;0
02/09/2019;03:45;0;0;0
02/09/2019;04:00;0;0;0
02/09/2019;04:15;0;0;0
02/09/2019;04:30;3;3;0
02/09/2019;04:45;4;3;1
02/09/2019;05:00;2;2;0
02/09/2019;05:15;10;5;5
02/09/2019;05:30;19;12;7
02/09/2019;05:45;32;27;5
02/09/2019;06:00;26;18;8
02/09/2019;06:15;39;27;12
02/09/2019;06:30;56;36;20
02/09/2019;06:45;80;54;26
02/09/2019;07:00;67;44;23
02/09/2019;07:15;103;69;34
02/09/2019;07:30;136;86;50
02/09/2019;07:45;163;95;68
02/09/2019;08:00;127;84;43
02/09/2019;08:15;140;73;67
02/09/2019;08:30;146;85;61
02/09/2019;08:45;186;118;68
02/09/2019;09:00;143;92;51
02/09/2019;09:15;171;97;74
02/09/2019;09:30;138;80;58
02/09/2019;09:45;147;93;54
02/09/2019;10:00;112;73;39
02/09/2019;10:15;103;54;49
02/09/2019;10:30;122;69;53
02/09/2019;10:45;146;84;62
02/09/2019;11:00;121;71;50
02/09/2019;11:15;145;74;71
02/09/2019;11:30;134;73;61
02/09/2019;11:45;150;73;77
02/09/2019;12:00;142;65;77
02/09/2019;12:15;137;64;73
02/09/2019;12:30;165;77;88
02/09/2019;12:45;145;63;82
02/09/2019;13:00;198;102;96
02/09/2019;13:15;148;73;75
02/09/2019;13:30;161;80;81
02/09/2019;13:45;183;109;74
02/09/2019;14:00;143;80;63
02/09/2019;14:15;205;118;87
02/09/2019;14:30;176;94;82
02/09/2019;14:45;181;95;86
02/09/2019;15:00;195;112;83
02/09/2019;15:15;178;84;94
02/09/2019;15:30;219;125;94
02/09/2019;15:45;190;102;88
02/09/2019;16:00;196;77;119
02/09/2019;16:15;220;106;114
02/09/2019;16:30;229;108;121
02/09/2019;16:45;236;116;120
02/09/2019;17:00;212;93;119
02/09/2019;17:15;223;100;123
02/09/2019;17:30;248;108;140
02/09/2019;17:45;265;104;161
02/09/2019;18:00;248;103;145
02/09/2019;18:15;179;94;85
02/09/2019;18:30;198;79;119
02/09/2019;18:45;168;75;93
02/09/2019;19:00;145;60;85
02/09/2019;19:15;145;65;80
02/09/2019;19:30;140;57;83
02/09/2019;19:45;132;51;81
02/09/2019;20:00;125;57;68
02/09/2019;20:15;121;51;70
02/09/2019;20:30;83;31;52
02/09/2019;20:45;71;28;43
02/09/2019;21:00;70;32;38
02/09/2019;21:15;59;22;37
02/09/2019;21:30;61;20;41
02/09/2019;21:45;48;24;24
02/09/2019;22:00;60;33;27
02/09/2019;22:15;45;21;24
02/09/2019;22:30;38;17;21
02/09/2019;22:45;48;15;33
02/09/2019;23:00;38;15;23
02/09/2019;23:15;24;13;11
02/09/2019;23:30;13;4;9
02/09/2019;23:45;23;6;17
03/09/2019;00:00;22;5;17
03/09/2019;00:15;21;13;8
03/09/2019;00:30;11;6;5
03/09/2019;00:45;10;3;7
03/09/2019;01:00;8;2;6
03/09/2019;01:15;8;4;4
03/09/2019;01:30;11;4;7
03/09/2019;01:45;8;4;4
03/09/2019;02:00;2;2;0
03/09/2019;02:15;2;2;0
03/09/2019;02:30;4;3;1
03/09/2019;02:45;3;3;0
03/09/2019;03:00;3;1;2
03/09/2019;03:15;1;1;0
03/09/2019;03:30;2;1;1
03/09/2019;03:45;3;2;1
03/09/2019;04:00;1;1;0
03/09/2019;04:15;5;4;1
03/09/2019;04:30;6;6;0
03/09/2019;04:45;1;0;1
03/09/2019;05:00;4;3;1
03/09/2019;05:15;4;3;1
03/09/2019;05:30;29;20;9
03/09/2019;05:45;39;27;12
03/09/2019;06:00;36;24;12
03/09/2019;06:15;48;33;15
03/09/2019;06:30;63;45;18
03/09/2019;06:45;87;60;27
03/09/2019;07:00;87;59;28
03/09/2019;07:15;106;61;45
03/09/2019;07:30;172;92;80
03/09/2019;07:45;260;171;89
03/09/2019;08:00;187;117;70
03/09/2019;08:15;200;123;77
03/09/2019;08:30;250;152;98
03/09/2019;08:45;253;158;95
03/09/2019;09:00;158;94;64
03/09/2019;09:15;189;122;67
03/09/2019;09:30;208;134;74
03/09/2019;09:45;191;122;69
03/09/2019;10:00;186;110;76
03/09/2019;10:15;182;98;84
03/09/2019;10:30;175;113;62
03/09/2019;10:45;240;152;88
03/09/2019;11:00;195;105;90
03/09/2019;11:15;197;109;88
03/09/2019;11:30;216;110;106
03/09/2019;11:45;220;112;108
03/09/2019;12:00;227;104;123
03/09/2019;12:15;237;114;123
03/09/2019;12:30;252;124;128
03/09/2019;12:45;223;103;120
03/09/2019;13:00;230;113;117
03/09/2019;13:15;232;127;105
03/09/2019;13:30;196;93;103
03/09/2019;13:45;224;120;104
03/09/2019;14:00;233;107;126
03/09/2019;14:15;271;141;130
03/09/2019;14:30;244;132;112
03/09/2019;14:45;230;113;117
03/09/2019;15:00;268;134;134
03/09/2019;15:15;256;128;128
03/09/2019;15:30;262;139;123
03/09/2019;15:45;317;155;162
03/09/2019;16:00;299;163;136
03/09/2019;16:15;312;141;171
03/09/2019;16:30;297;139;158
03/09/2019;16:45;327;157;170
03/09/2019;17:00;339;151;188
03/09/2019;17:15;339;175;164
03/09/2019;17:30;349;165;184
03/09/2019;17:45;332;136;196
03/09/2019;18:00;292;128;164
03/09/2019;18:15;291;130;161
03/09/2019;18:30;320;144;176
03/09/2019;18:45;267;120;147
03/09/2019;19:00;253;118;135
03/09/2019;19:15;240;103;137
03/09/2019;19:30;163;79;84
03/09/2019;19:45;204;82;122
03/09/2019;20:00;200;91;109
03/09/2019;20:15;130;52;78
03/09/2019;20:30;146;68;78
03/09/2019;20:45;126;52;74
03/09/2019;21:00;93;41;52
03/09/2019;21:15;94;43;51
03/09/2019;21:30;84;30;54
03/09/2019;21:45;87;35;52
03/09/2019;22:00;93;37;56
03/09/2019;22:15;80;31;49
03/09/2019;22:30;64;26;38
03/09/2019;22:45;68;15;53
03/09/2019;23:00;44;17;27
03/09/2019;23:15;37;15;22
03/09/2019;23:30;46;19;27
03/09/2019;23:45;35;13;22
04/09/2019;00:00;31;18;13
04/09/2019;00:15;19;5;14
04/09/2019;00:30;19;7;12
04/09/2019;00:45;8;1;7
04/09/2019;01:00;13;3;10
04/09/2019;01:15;7;3;4
04/09/2019;01:30;10;7;3
04/09/2019;01:45;5;2;3
04/09/2019;02:00;5;3;2
04/09/2019;02:15;7;5;2
04/09/2019;02:30;5;3;2
04/09/2019;02:45;3;1;2
04/09/2019;03:00;4;3;1
04/09/2019;03:15;1;0;1
04/09/2019;03:30;1;0;1
04/09/2019;03:45;3;3;0
04/09/2019;04:00;4;0;4
04/09/2019;04:15;1;1;0
04/09/2019;04:30;1;1;0
04/09/2019;04:45;6;2;4
04/09/2019;05:00;2;1;1
04/09/2019;05:15;4;2;2
04/09/2019;05:30;28;20;8
04/09/2019;05:45;37;31;6
04/09/2019;06:00;31;16;15
04/09/2019;06:15;49;28;21
04/09/2019;06:30;59;36;23
04/09/2019;06:45;90;70;20
04/09/2019;07:00;101;57;44
04/09/2019;07:15;100;55;45
04/09/2019;07:30;177;109;68
04/09/2019;07:45;268;152;116
04/09/2019;08:00;216;130;86
04/09/2019;08:15;193;110;83
04/09/2019;08:30;225;139;86
04/09/2019;08:45;236;143;93
04/09/2019;09:00;177;115;62
04/09/2019;09:15;173;122;51
04/09/2019;09:30;200;120;80
04/09/2019;09:45;193;130;63
04/09/2019;10:00;165;92;73
04/09/2019;10:15;212;109;103
04/09/2019;10:30;196;105;91
04/09/2019;10:45;171;104;67
04/09/2019;11:00;174;79;95
04/09/2019;11:15;185;88;97
04/09/2019;11:30;195;104;91
04/09/2019;11:45;220;94;126
04/09/2019;12:00;201;91;110
04/09/2019;12:15;244;107;137
04/09/2019;12:30;288;151;137
04/09/2019;12:45;226;104;122
04/09/2019;13:00;235;103;132
04/09/2019;13:15;236;83;153
04/09/2019;13:30;249;128;121
04/09/2019;13:45;253;143;110
04/09/2019;14:00;309;134;175
04/09/2019;14:15;256;121;135
04/09/2019;14:30;243;124;119
04/09/2019;14:45;261;141;120
04/09/2019;15:00;266;120;146
04/09/2019;15:15;254;139;115
04/09/2019;15:30;315;165;150
04/09/2019;15:45;259;123;136
04/09/2019;16:00;302;154;148
04/09/2019;16:15;338;164;174
04/09/2019;16:30;318;144;174
04/09/2019;16:45;319;148;171
04/09/2019;17:00;362;172;190
04/09/2019;17:15;303;133;170
04/09/2019;17:30;336;160;176
04/09/2019;17:45;341;162;179
04/09/2019;18:00;375;182;193
04/09/2019;18:15;341;166;175
04/09/2019;18:30;290;139;151
04/09/2019;18:45;317;165;152
04/09/2019;19:00;265;117;148
04/09/2019;19:15;240;108;132
04/09/2019;19:30;187;95;92
04/09/2019;19:45;230;109;121
04/09/2019;20:00;170;76;94
04/09/2019;20:15;168;83;85
04/09/2019;20:30;156;63;93
04/09/2019;20:45;117;52;65
04/09/2019;21:00;116;49;67
04/09/2019;21:15;95;44;51
04/09/2019;21:30;77;37;40
04/09/2019;21:45;96;41;55
04/09/2019;22:00;85;38;47
04/09/2019;22:15;97;37;60
04/09/2019;22:30;59;22;37
04/09/2019;22:45;56;14;42
04/09/2019;23:00;75;30;45
04/09/2019;23:15;43;14;29
04/09/2019;23:30;38;14;24
04/09/2019;23:45;27;3;24
05/09/2019;00:00;27;7;20
05/09/2019;00:15;19;8;11
05/09/2019;00:30;20;2;18
05/09/2019;00:45;13;1;12
05/09/2019;01:00;14;4;10
05/09/2019;01:15;20;3;17
05/09/2019;01:30;10;5;5
05/09/2019;01:45;15;4;11
05/09/2019;02:00;8;3;5
05/09/2019;02:15;6;2;4
05/09/2019;02:30;7;1;6
05/09/2019;02:45;1;1;0
05/09/2019;03:00;1;0;1
05/09/2019;03:15;2;2;0
05/09/2019;03:30;0;0;0
05/09/2019;03:45;2;2;0
05/09/2019;04:00;3;1;2
05/09/2019;04:15;2;1;1
05/09/2019;04:30;2;2;0
05/09/2019;04:45;6;5;1
05/09/2019;05:00;0;0;0
05/09/2019;05:15;11;7;4
05/09/2019;05:30;28;18;10
05/09/2019;05:45;49;37;12
05/09/2019;06:00;26;13;13
05/09/2019;06:15;37;27;10
05/09/2019;06:30;63;39;24
05/09/2019;06:45;87;55;32
05/09/2019;07:00;82;50;32
05/09/2019;07:15;88;49;39
05/09/2019;07:30;142;102;40
05/09/2019;07:45;227;138;89
05/09/2019;08:00;184;94;90
05/09/2019;08:15;197;107;90
05/09/2019;08:30;216;134;82
05/09/2019;08:45;199;124;75
05/09/2019;09:00;188;127;61
05/09/2019;09:15;173;105;68
05/09/2019;09:30;179;112;67
05/09/2019;09:45;177;101;76
05/09/2019;10:00;190;118;72
05/09/2019;10:15;187;101;86
05/09/2019;10:30;182;110;72
05/09/2019;10:45;192;96;96
05/09/2019;11:00;164;89;75
05/09/2019;11:15;143;70;73
05/09/2019;11:30;139;81;58
05/09/2019;11:45;117;52;65
05/09/2019;12:00;153;77;76
05/09/2019;12:15;149;72;77
05/09/2019;12:30;137;77;60
05/09/2019;12:45;130;54;76
05/09/2019;13:00;126;60;66
05/09/2019;13:15;125;61;64
05/09/2019;13:30;134;61;73
05/09/2019;13:45;159;39;120
05/09/2019;14:00;129;58;71
05/09/2019;14:15;81;30;51
05/09/2019;14:30;104;50;54
05/09/2019;14:45;90;50;40
05/09/2019;15:00;122;57;65
05/09/2019;15:15;119;54;65
05/09/2019;15:30;152;64;88
05/09/2019;15:45;116;59;57
05/09/2019;16:00;182;101;81
05/09/2019;16:15;156;62;94
05/09/2019;16:30;195;116;79
05/09/2019;16:45;200;126;74
05/09/2019;17:00;253;128;125
05/09/2019;17:15;187;98;89
05/09/2019;17:30;211;79;132
05/09/2019;17:45;289;158;131
05/09/2019;18:00;220;100;120
05/09/2019;18:15;180;71;109
05/09/2019;18:30;153;68;85
05/09/2019;18:45;177;78;99
05/09/2019;19:00;143;68;75
05/09/2019;19:15;150;73;77
05/09/2019;19:30;134;67;67
05/09/2019;19:45;127;55;72
05/09/2019;20:00;99;53;46
05/09/2019;20:15;77;33;44
05/09/2019;20:30;83;29;54
05/09/2019;20:45;62;41;21
05/09/2019;21:00;66;28;38
05/09/2019;21:15;63;30;33
05/09/2019;21:30;42;25;17
05/09/2019;21:45;53;15;38
05/09/2019;22:00;73;29;44
05/09/2019;22:15;51;16;35
05/09/2019;22:30;56;26;30
05/09/2019;22:45;48;9;39
05/09/2019;23:00;36;12;24
05/09/2019;23:15;29;10;19
05/09/2019;23:30;36;13;23
05/09/2019;23:45;27;7;20
06/09/2019;00:00;16;8;8
06/09/2019;00:15;15;4;11
06/09/2019;00:30;21;7;14
06/09/2019;00:45;9;2;7
06/09/2019;01:00;11;4;7
06/09/2019;01:15;8;2;6
06/09/2019;01:30;13;1;12
06/09/2019;01:45;2;0;2
06/09/2019;02:00;7;1;6
06/09/2019;02:15;2;1;1
06/09/2019;02:30;3;3;0
06/09/2019;02:45;3;0;3
06/09/2019;03:00;1;1;0
06/09/2019;03:15;4;3;1
06/09/2019;03:30;4;2;2
06/09/2019;03:45;1;1;0
06/09/2019;04:00;4;4;0
06/09/2019;04:15;2;2;0
06/09/2019;04:30;0;0;0
06/09/2019;04:45;5;2;3
06/09/2019;05:00;2;2;0
06/09/2019;05:15;7;1;6
06/09/2019;05:30;16;11;5
06/09/2019;05:45;31;24;7
06/09/2019;06:00;23;11;12
06/09/2019;06:15;27;15;12
06/09/2019;06:30;62;41;21
06/09/2019;06:45;66;47;19
06/09/2019;07:00;72;44;28
06/09/2019;07:15;78;43;35
06/09/2019;07:30;133;77;56
06/09/2019;07:45;194;139;55
06/09/2019;08:00;152;92;60
06/09/2019;08:15;164;97;67
06/09/2019;08:30;186;108;78
06/09/2019;08:45;192;130;62
06/09/2019;09:00;158;97;61
06/09/2019;09:15;165;117;48
06/09/2019;09:30;178;115;63
06/09/2019;09:45;181;116;65
06/09/2019;10:00;128;80;48
06/09/2019;10:15;169;104;65
06/09/2019;10:30;163;102;61
06/09/2019;10:45;198;124;74
06/09/2019;11:00;163;90;73
06/09/2019;11:15;174;85;89
06/09/2019;11:30;173;103;70
06/09/2019;11:45;166;88;78
06/09/2019;12:00;183;91;92
06/09/2019;12:15;191;69;122
06/09/2019;12:30;213;100;113
06/09/2019;12:45;223;103;120
06/09/2019;13:00;187;92;95
06/09/2019;13:15;181;88;93
06/09/2019;13:30;177;80;97
06/09/2019;13:45;181;83;98
06/09/2019;14:00;192;102;90
06/09/2019;14:15;207;115;92
06/09/2019;14:30;207;91;116
06/09/2019;14:45;203;108;95
06/09/2019;15:00;185;106;79
06/09/2019;15:15;217;108;109
06/09/2019;15:30;192;92;100
06/09/2019;15:45;212;111;101
06/09/2019;16:00;186;100;86
06/09/2019;16:15;243;110;133
06/09/2019;16:30;222;131;91
06/09/2019;16:45;223;106;117
06/09/2019;17:00;220;103;117
06/09/2019;17:15;215;97;118
06/09/2019;17:30;180;79;101
06/09/2019;17:45;171;69;102
06/09/2019;18:00;195;75;120
06/09/2019;18:15;154;72;82
06/09/2019;18:30;179;72;107
06/09/2019;18:45;168;77;91
06/09/2019;19:00;128;65;63
06/09/2019;19:15;132;60;72
06/09/2019;19:30;133;71;62
06/09/2019;19:45;113;53;60
06/09/2019;20:00;112;35;77
06/09/2019;20:15;91;37;54
06/09/2019;20:30;80;38;42
06/09/2019;20:45;52;18;34
06/09/2019;21:00;60;29;31
06/09/2019;21:15;52;28;24
06/09/2019;21:30;63;25;38
06/09/2019;21:45;57;23;34
06/09/2019;22:00;47;24;23
06/09/2019;22:15;46;18;28
06/09/2019;22:30;60;24;36
06/09/2019;22:45;45;13;32
06/09/2019;23:00;43;21;22
06/09/2019;23:15;42;16;26
06/09/2019;23:30;32;18;14
06/09/2019;23:45;34;9;25
07/09/2019;00:00;38;14;24
07/09/2019;00:15;47;18;29
07/09/2019;00:30;60;14;46
07/09/2019;00:45;24;1;23
07/09/2019;01:00;20;6;14
07/09/2019;01:15;28;8;20
07/09/2019;01:30;18;2;16
07/09/2019;01:45;12;3;9
07/09/2019;02:00;28;5;23
07/09/2019;02:15;13;4;9
07/09/2019;02:30;16;6;10
07/09/2019;02:45;15;6;9
07/09/2019;03:00;13;4;9
07/09/2019;03:15;19;6;13
07/09/2019;03:30;8;2;6
07/09/2019;03:45;4;3;1
07/09/2019;04:00;1;0;1
07/09/2019;04:15;5;5;0
07/09/2019;04:30;3;3;0
07/09/2019;04:45;2;1;1
07/09/2019;05:00;5;3;2
07/09/2019;05:15;5;1;4
07/09/2019;05:30;11;6;5
07/09/2019;05:45;9;5;4
07/09/2019;06:00;6;3;3
07/09/2019;06:15;14;11;3
07/09/2019;06:30;23;14;9
07/09/2019;06:45;27;17;10
07/09/2019;07:00;29;7;22
07/09/2019;07:15;30;10;20
07/09/2019;07:30;38;13;25
07/09/2019;07:45;55;23;32
07/09/2019;08:00;53;13;40
07/09/2019;08:15;86;24;62
07/09/2019;08:30;96;30;66
07/09/2019;08:45;113;50;63
07/09/2019;09:00;78;34;44
07/09/2019;09:15;103;64;39
07/09/2019;09:30;140;84;56
07/09/2019;09:45;148;91;57
07/09/2019;10:00;123;55;68
07/09/2019;10:15;176;97;79
07/09/2019;10:30;171;110;61
07/09/2019;10:45;185;113;72
07/09/2019;11:00;181;98;83
07/09/2019;11:15;151;82;69
07/09/2019;11:30;195;117;78
07/09/2019;11:45;180;107;73
07/09/2019;12:00;189;126;63
07/09/2019;12:15;167;104;63
07/09/2019;12:30;192;99;93
07/09/2019;12:45;187;107;80
07/09/2019;13:00;191;116;75
07/09/2019;13:15;219;116;103
07/09/2019;13:30;209;114;95
07/09/2019;13:45;192;96;96
07/09/2019;14:00;206;100;106
07/09/2019;14:15;202;83;119
07/09/2019;14:30;224;91;133
07/09/2019;14:45;170;91;79
07/09/2019;15:00;224;104;120
07/09/2019;15:15;236;107;129
07/09/2019;15:30;205;84;121
07/09/2019;15:45;224;115;109
07/09/2019;16:00;177;76;101
07/09/2019;16:15;202;60;142
07/09/2019;16:30;180;76;104
07/09/2019;16:45;182;53;129
07/09/2019;17:00;154;47;107
07/09/2019;17:15;173;32;141
07/09/2019;17:30;233;70;163
07/09/2019;17:45;179;73;106
07/09/2019;18:00;156;65;91
07/09/2019;18:15;163;51;112
07/09/2019;18:30;155;53;102
07/09/2019;18:45;125;54;71
07/09/2019;19:00;118;59;59
07/09/2019;19:15;111;41;70
07/09/2019;19:30;101;56;45
07/09/2019;19:45;91;49;42
07/09/2019;20:00;72;35;37
07/09/2019;20:15;78;33;45
07/09/2019;20:30;57;24;33
07/09/2019;20:45;47;22;25
07/09/2019;21:00;69;34;35
07/09/2019;21:15;73;40;33
07/09/2019;21:30;52;20;32
07/09/2019;21:45;58;37;21
07/09/2019;22:00;35;18;17
07/09/2019;22:15;21;10;11
07/09/2019;22:30;29;10;19
07/09/2019;22:45;35;16;19
07/09/2019;23:00;29;10;19
07/09/2019;23:15;47;14;33
07/09/2019;23:30;34;17;17
07/09/2019;23:45;28;13;15
08/09/2019;00:00;44;13;31
08/09/2019;00:15;19;5;14
08/09/2019;00:30;39;17;22
08/09/2019;00:45;34;12;22
08/09/2019;01:00;20;5;15
08/09/2019;01:15;19;7;12
08/09/2019;01:30;21;7;14
08/09/2019;01:45;12;2;10
08/09/2019;02:00;21;6;15
08/09/2019;02:15;13;6;7
08/09/2019;02:30;19;4;15
08/09/2019;02:45;11;2;9
08/09/2019;03:00;10;4;6
08/09/2019;03:15;8;2;6
08/09/2019;03:30;8;3;5
08/09/2019;03:45;9;2;7
08/09/2019;04:00;4;0;4
08/09/2019;04:15;2;0;2
08/09/2019;04:30;3;0;3
08/09/2019;04:45;3;1;2
08/09/2019;05:00;8;5;3
08/09/2019;05:15;6;5;1
08/09/2019;05:30;2;1;1
08/09/2019;05:45;13;6;7
08/09/2019;06:00;7;5;2
08/09/2019;06:15;8;6;2
08/09/2019;06:30;9;6;3
08/09/2019;06:45;8;7;1
08/09/2019;07:00;8;4;4
08/09/2019;07:15;3;0;3
08/09/2019;07:30;6;5;1
08/09/2019;07:45;6;4;2
08/09/2019;08:00;3;3;0
08/09/2019;08:15;6;1;5
08/09/2019;08:30;13;7;6
08/09/2019;08:45;24;9;15
08/09/2019;09:00;18;8;10
08/09/2019;09:15;19;8;11
08/09/2019;09:30;13;10;3
08/09/2019;09:45;40;22;18
08/09/2019;10:00;13;9;4
08/09/2019;10:15;25;12;13
08/09/2019;10:30;27;15;12
08/09/2019;10:45;23;15;8
08/09/2019;11:00;30;19;11
08/09/2019;11:15;24;16;8
08/09/2019;11:30;44;14;30
08/09/2019;11:45;22;10;12
08/09/2019;12:00;25;8;17
08/09/2019;12:15;32;15;17
08/09/2019;12:30;27;10;17
08/09/2019;12:45;41;21;20
08/09/2019;13:00;44;17;27
08/09/2019;13:15;35;11;24
08/09/2019;13:30;35;9;26
08/09/2019;13:45;39;17;22
08/09/2019;14:00;49;27;22
08/09/2019;14:15;85;37;48
08/09/2019;14:30;46;26;20
08/09/2019;14:45;53;22;31
08/09/2019;15:00;47;21;26
08/09/2019;15:15;42;21;21
08/09/2019;15:30;40;18;22
08/09/2019;15:45;48;28;20
08/09/2019;16:00;38;20;18
08/09/2019;16:15;37;22;15
08/09/2019;16:30;34;19;15
08/09/2019;16:45;37;16;21
08/09/2019;17:00;44;25;19
08/09/2019;17:15;44;21;23
08/09/2019;17:30;52;35;17
08/09/2019;17:45;51;20;31
08/09/2019;18:00;38;22;16
08/09/2019;18:15;39;15;24
08/09/2019;18:30;41;19;22
08/09/2019;18:45;31;15;16
08/09/2019;19:00;56;23;33
08/09/2019;19:15;31;13;18
08/09/2019;19:30;44;24;20
08/09/2019;19:45;37;11;26
08/09/2019;20:00;34;12;22
08/09/2019;20:15;31;14;17
08/09/2019;20:30;21;12;9
08/09/2019;20:45;22;5;17
08/09/2019;21:00;21;9;12
08/09/2019;21:15;14;7;7
08/09/2019;21:30;21;11;10
08/09/2019;21:45;17;5;12
08/09/2019;22:00;16;9;7
08/09/2019;22:15;24;15;9
08/09/2019;22:30;17;7;10
08/09/2019;22:45;20;16;4
08/09/2019;23:00;22;13;9
08/09/2019;23:15;11;4;7
08/09/2019;23:30;12;3;9
08/09/2019;23:45;15;5;10
09/09/2019;00:00;5;1;4
09/09/2019;00:15;10;8;2
09/09/2019;00:30;4;0;4
09/09/2019;00:45;4;3;1
09/09/2019;01:00;8;2;6
09/09/2019;01:15;1;0;1
09/09/2019;01:30;3;0;3
09/09/2019;01:45;5;3;2
09/09/2019;02:00;5;2;3
09/09/2019;02:15;4;3;1
09/09/2019;02:30;0;0;0
09/09/2019;02:45;1;0;1
09/09/2019;03:00;0;0;0
09/09/2019;03:15;0;0;0
09/09/2019;03:30;1;1;0
09/09/2019;03:45;0;0;0
09/09/2019;04:00;1;1;0
09/09/2019;04:15;1;1;0
09/09/2019;04:30;4;3;1
09/09/2019;04:45;1;0;1
09/09/2019;05:00;4;3;1
09/09/2019;05:15;2;0;2
09/09/2019;05:30;12;8;4
09/09/2019;05:45;27;19;8
09/09/2019;06:00;19;11;8
09/09/2019;06:15;35;27;8
09/09/2019;06:30;49;29;20
09/09/2019;06:45;73;53;20
09/09/2019;07:00;72;50;22
09/09/2019;07:15;97;52;45
09/09/2019;07:30;109;67;42
09/09/2019;07:45;194;103;91
09/09/2019;08:00;148;97;51
09/09/2019;08:15;127;67;60
09/09/2019;08:30;136;66;70
09/09/2019;08:45;193;117;76
09/09/2019;09:00;112;74;38
09/09/2019;09:15;110;73;37
09/09/2019;09:30;112;64;48
09/09/2019;09:45;164;109;55
09/09/2019;10:00;128;60;68
09/09/2019;10:15;132;87;45
09/09/2019;10:30;140;86;54
09/09/2019;10:45;152;94;58
09/09/2019;11:00;122;69;53
09/09/2019;11:15;165;95;70
09/09/2019;11:30;169;91;78
09/09/2019;11:45;178;101;77
09/09/2019;12:00;149;81;68
09/09/2019;12:15;178;67;111
09/09/2019;12:30;196;112;84
09/09/2019;12:45;170;84;86
09/09/2019;13:00;165;83;82
09/09/2019;13:15;189;99;90
09/09/2019;13:30;179;95;84
09/09/2019;13:45;179;109;70
09/09/2019;14:00;180;92;88
09/09/2019;14:15;176;103;73
09/09/2019;14:30;177;96;81
09/09/2019;14:45;243;127;116
09/09/2019;15:00;206;105;101
09/09/2019;15:15;187;93;94
09/09/2019;15:30;178;89;89
09/09/2019;15:45;248;147;101
09/09/2019;16:00;187;85;102
09/09/2019;16:15;255;130;125
09/09/2019;16:30;239;132;107
09/09/2019;16:45;327;157;170
09/09/2019;17:00;243;91;152
09/09/2019;17:15;284;129;155
09/09/2019;17:30;254;108;146
09/09/2019;17:45;284;127;157
09/09/2019;18:00;262;110;152
09/09/2019;18:15;234;106;128
09/09/2019;18:30;204;95;109
09/09/2019;18:45;245;117;128
09/09/2019;19:00;181;70;111
09/09/2019;19:15;203;96;107
09/09/2019;19:30;151;79;72
09/09/2019;19:45;150;61;89
09/09/2019;20:00;144;56;88
09/09/2019;20:15;159;66;93
09/09/2019;20:30;95;44;51
09/09/2019;20:45;106;55;51
09/09/2019;21:00;78;37;41
09/09/2019;21:15;83;31;52
09/09/2019;21:30;89;50;39
09/09/2019;21:45;59;28;31
09/09/2019;22:00;53;14;39
09/09/2019;22:15;64;29;35
09/09/2019;22:30;54;15;39
09/09/2019;22:45;56;15;41
09/09/2019;23:00;47;8;39
09/09/2019;23:15;23;13;10
09/09/2019;23:30;29;11;18
09/09/2019;23:45;41;8;33
10/09/2019;00:00;22;3;19
10/09/2019;00:15;16;4;12
10/09/2019;00:30;14;1;13
10/09/2019;00:45;8;3;5
10/09/2019;01:00;5;2;3
10/09/2019;01:15;16;3;13
10/09/2019;01:30;4;2;2
10/09/2019;01:45;4;2;2
10/09/2019;02:00;2;0;2
10/09/2019;02:15;7;2;5
10/09/2019;02:30;8;5;3
10/09/2019;02:45;6;5;1
10/09/2019;03:00;0;0;0
10/09/2019;03:15;4;1;3
10/09/2019;03:30;0;0;0
10/09/2019;03:45;1;0;1
10/09/2019;04:00;4;2;2
10/09/2019;04:15;1;0;1
10/09/2019;04:30;4;2;2
10/09/2019;04:45;5;3;2
10/09/2019;05:00;5;4;1
10/09/2019;05:15;6;4;2
10/09/2019;05:30;19;17;2
10/09/2019;05:45;39;33;6
10/09/2019;06:00;26;20;6
10/09/2019;06:15;54;34;20
10/09/2019;06:30;73;48;25
10/09/2019;06:45;89;63;26
10/09/2019;07:00;83;51;32
10/09/2019;07:15;103;66;37
10/09/2019;07:30;176;103;73
10/09/2019;07:45;235;144;91
10/09/2019;08:00;190;113;77
10/09/2019;08:15;206;131;75
10/09/2019;08:30;247;121;126
10/09/2019;08:45;286;176;110
10/09/2019;09:00;175;114;61
10/09/2019;09:15;165;108;57
10/09/2019;09:30;182;112;70
10/09/2019;09:45;214;129;85
10/09/2019;10:00;164;90;74
10/09/2019;10:15;232;150;82
10/09/2019;10:30;163;102;61
10/09/2019;10:45;205;112;93
10/09/2019;11:00;185;112;73
10/09/2019;11:15;194;104;90
10/09/2019;11:30;202;106;96
10/09/2019;11:45;204;84;120
10/09/2019;12:00;240;111;129
10/09/2019;12:15;223;108;115
10/09/2019;12:30;219;97;122
10/09/2019;12:45;240;124;116
10/09/2019;13:00;195;97;98
10/09/2019;13:15;216;92;124
10/09/2019;13:30;235;102;133
10/09/2019;13:45;222;125;97
10/09/2019;14:00;204;108;96
10/09/2019;14:15;251;119;132
10/09/2019;14:30;257;144;113
10/09/2019;14:45;275;158;117
10/09/2019;15:00;280;138;142
10/09/2019;15:15;244;114;130
10/09/2019;15:30;254;135;119
10/09/2019;15:45;299;151;148
10/09/2019;16:00;277;133;144
10/09/2019;16:15;284;136;148
10/09/2019;16:30;272;125;147
10/09/2019;16:45;352;183;169
10/09/2019;17:00;374;159;215
10/09/2019;17:15;313;156;157
10/09/2019;17:30;315;160;155
10/09/2019;17:45;325;138;187
10/09/2019;18:00;305;133;172
10/09/2019;18:15;309;135;174
10/09/2019;18:30;266;100;166
10/09/2019;18:45;282;125;157
10/09/2019;19:00;236;90;146
10/09/2019;19:15;239;101;138
10/09/2019;19:30;213;100;113
10/09/2019;19:45;186;90;96
10/09/2019;20:00;180;75;105
10/09/2019;20:15;162;61;101
10/09/2019;20:30;91;23;68
10/09/2019;20:45;103;52;51
10/09/2019;21:00;84;33;51
10/09/2019;21:15;102;43;59
10/09/2019;21:30;77;22;55
10/09/2019;21:45;70;26;44
10/09/2019;22:00;81;36;45
10/09/2019;22:15;61;22;39
10/09/2019;22:30;68;23;45
10/09/2019;22:45;54;12;42
10/09/2019;23:00;34;11;23
10/09/2019;23:15;49;17;32
10/09/2019;23:30;31;19;12
10/09/2019;23:45;25;7;18
11/09/2019;00:00;17;7;10
11/09/2019;00:15;10;1;9
11/09/2019;00:30;13;4;9
11/09/2019;00:45;7;3;4
11/09/2019;01:00;10;5;5
11/09/2019;01:15;10;4;6
11/09/2019;01:30;15;4;11
11/09/2019;01:45;2;1;1
11/09/2019;02:00;7;4;3
11/09/2019;02:15;7;4;3
11/09/2019;02:30;1;0;1
11/09/2019;02:45;4;0;4
11/09/2019;03:00;4;1;3
11/09/2019;03:15;3;1;2
11/09/2019;03:30;3;3;0
11/09/2019;03:45;2;0;2
11/09/2019;04:00;1;1;0
11/09/2019;04:15;1;1;0
11/09/2019;04:30;2;0;2
11/09/2019;04:45;7;5;2
11/09/2019;05:00;4;3;1
11/09/2019;05:15;4;1;3
11/09/2019;05:30;22;16;6
11/09/2019;05:45;33;27;6
11/09/2019;06:00;29;21;8
11/09/2019;06:15;55;43;12
11/09/2019;06:30;72;46;26
11/09/2019;06:45;105;71;34
11/09/2019;07:00;104;56;48
11/09/2019;07:15;158;86;72
11/09/2019;07:30;194;125;69
11/09/2019;07:45;312;177;135
11/09/2019;08:00;275;142;133
11/09/2019;08:15;314;147;167
11/09/2019;08:30;259;154;105
11/09/2019;08:45;304;208;96
11/09/2019;09:00;317;226;91
11/09/2019;09:15;436;338;98
11/09/2019;09:30;172;98;74
11/09/2019;09:45;247;168;79
11/09/2019;10:00;190;105;85
11/09/2019;10:15;177;107;70
11/09/2019;10:30;172;90;82
11/09/2019;10:45;172;108;64
11/09/2019;11:00;209;95;114
11/09/2019;11:15;210;115;95
11/09/2019;11:30;203;107;96
11/09/2019;11:45;256;127;129
11/09/2019;12:00;244;85;159
11/09/2019;12:15;425;134;291
11/09/2019;12:30;278;110;168
11/09/2019;12:45;291;133;158
11/09/2019;13:00;417;178;239
11/09/2019;13:15;256;114;142
11/09/2019;13:30;234;116;118
11/09/2019;13:45;265;127;138
11/09/2019;14:00;233;132;101
11/09/2019;14:15;266;137;129
11/09/2019;14:30;245;122;123
11/09/2019;14:45;296;160;136
11/09/2019;15:00;288;137;151
11/09/2019;15:15;283;138;145
11/09/2019;15:30;273;133;140
11/09/2019;15:45;309;144;165
11/09/2019;16:00;331;152;179
11/09/2019;16:15;314;161;153
11/09/2019;16:30;329;133;196
11/09/2019;16:45;351;175;176
11/09/2019;17:00;337;161;176
11/09/2019;17:15;406;191;215
11/09/2019;17:30;340;171;169
11/09/2019;17:45;384;173;211
11/09/2019;18:00;328;153;175
11/09/2019;18:15;317;155;162
11/09/2019;18:30;302;152;150
11/09/2019;18:45;246;103;143
11/09/2019;19:00;230;90;140
11/09/2019;19:15;213;115;98
11/09/2019;19:30;166;76;90
11/09/2019;19:45;176;79;97
11/09/2019;20:00;152;63;89
11/09/2019;20:15;166;77;89
11/09/2019;20:30;111;39;72
11/09/2019;20:45;104;42;62
11/09/2019;21:00;103;42;61
11/09/2019;21:15;90;33;57
11/09/2019;21:30;75;35;40
11/09/2019;21:45;78;37;41
11/09/2019;22:00;87;31;56
11/09/2019;22:15;88;30;58
11/09/2019;22:30;64;29;35
11/09/2019;22:45;48;17;31
11/09/2019;23:00;48;14;34
11/09/2019;23:15;45;16;29
11/09/2019;23:30;28;10;18
11/09/2019;23:45;40;11;29
12/09/2019;00:00;39;19;20
12/09/2019;00:15;23;4;19
12/09/2019;00:30;8;3;5
12/09/2019;00:45;13;2;11
12/09/2019;01:00;13;2;11
12/09/2019;01:15;13;7;6
12/09/2019;01:30;3;1;2
12/09/2019;01:45;6;1;5
12/09/2019;02:00;6;2;4
12/09/2019;02:15;2;2;0
12/09/2019;02:30;4;3;1
12/09/2019;02:45;4;2;2
12/09/2019;03:00;3;0;3
12/09/2019;03:15;5;3;2
12/09/2019;03:30;0;0;0
12/09/2019;03:45;5;4;1
12/09/2019;04:00;1;1;0
12/09/2019;04:15;0;0;0
12/09/2019;04:30;1;1;0
12/09/2019;04:45;4;2;2
12/09/2019;05:00;4;3;1
12/09/2019;05:15;7;5;2
12/09/2019;05:30;18;14;4
12/09/2019;05:45;36;27;9
12/09/2019;06:00;25;14;11
12/09/2019;06:15;46;34;12
12/09/2019;06:30;68;40;28
12/09/2019;06:45;106;75;31
12/09/2019;07:00;132;81;51
12/09/2019;07:15;308;213;95
12/09/2019;07:30;549;362;187
12/09/2019;07:45;301;180;121
12/09/2019;08:00;240;143;97
12/09/2019;08:15;258;137;121
12/09/2019;08:30;262;153;109
12/09/2019;08:45;278;173;105
12/09/2019;09:00;185;116;69
12/09/2019;09:15;274;191;83
12/09/2019;09:30;217;119;98
12/09/2019;09:45;213;117;96
12/09/2019;10:00;153;91;62
12/09/2019;10:15;188;112;76
12/09/2019;10:30;194;94;100
12/09/2019;10:45;206;124;82
12/09/2019;11:00;197;83;114
12/09/2019;11:15;173;86;87
12/09/2019;11:30;186;93;93
12/09/2019;11:45;218;103;115
12/09/2019;12:00;216;106;110
12/09/2019;12:15;217;121;96
12/09/2019;12:30;246;125;121
12/09/2019;12:45;262;119;143
12/09/2019;13:00;489;181;308
12/09/2019;13:15;319;137;182
12/09/2019;13:30;271;116;155
12/09/2019;13:45;282;149;133
12/09/2019;14:00;258;112;146
12/09/2019;14:15;340;174;166
12/09/2019;14:30;291;155;136
12/09/2019;14:45;299;147;152
12/09/2019;15:00;266;129;137
12/09/2019;15:15;310;182;128
12/09/2019;15:30;367;147;220
12/09/2019;15:45;409;223;186
12/09/2019;16:00;314;167;147
12/09/2019;16:15;345;175;170
12/09/2019;16:30;386;183;203
12/09/2019;16:45;345;167;178
12/09/2019;17:00;367;158;209
12/09/2019;17:15;398;156;242
12/09/2019;17:30;381;171;210
12/09/2019;17:45;352;149;203
12/09/2019;18:00;345;136;209
12/09/2019;18:15;327;156;171
12/09/2019;18:30;280;139;141
12/09/2019;18:45;327;166;161
12/09/2019;19:00;261;115;146
12/09/2019;19:15;250;116;134
12/09/2019;19:30;226;109;117
12/09/2019;19:45;220;91;129
12/09/2019;20:00;178;70;108
12/09/2019;20:15;158;66;92
12/09/2019;20:30;113;45;68
12/09/2019;20:45;132;64;68
12/09/2019;21:00;87;38;49
12/09/2019;21:15;100;41;59
12/09/2019;21:30;89;41;48
12/09/2019;21:45;97;32;65
12/09/2019;22:00;84;33;51
12/09/2019;22:15;77;28;49
12/09/2019;22:30;72;22;50
12/09/2019;22:45;67;27;40
12/09/2019;23:00;47;15;32
12/09/2019;23:15;68;18;50
12/09/2019;23:30;30;9;21
12/09/2019;23:45;36;10;26
13/09/2019;00:00;26;7;19
13/09/2019;00:15;29;4;25
13/09/2019;00:30;11;4;7
13/09/2019;00:45;7;3;4
13/09/2019;01:00;19;3;16
13/09/2019;01:15;13;3;10
13/09/2019;01:30;9;2;7
13/09/2019;01:45;11;3;8
13/09/2019;02:00;8;3;5
13/09/2019;02:15;6;2;4
13/09/2019;02:30;3;0;3
13/09/2019;02:45;3;2;1
13/09/2019;03:00;2;1;1
13/09/2019;03:15;4;0;4
13/09/2019;03:30;2;2;0
13/09/2019;03:45;5;2;3
13/09/2019;04:00;1;1;0
13/09/2019;04:15;3;3;0
13/09/2019;04:30;0;0;0
13/09/2019;04:45;3;1;2
13/09/2019;05:00;4;3;1
13/09/2019;05:15;13;7;6
13/09/2019;05:30;18;15;3
13/09/2019;05:45;29;22;7
13/09/2019;06:00;22;13;9
13/09/2019;06:15;36;27;9
13/09/2019;06:30;66;44;22
13/09/2019;06:45;102;65;37
13/09/2019;07:00;100;52;48
13/09/2019;07:15;250;155;95
13/09/2019;07:30;466;268;198
13/09/2019;07:45;307;201;106
13/09/2019;08:00;219;136;83
13/09/2019;08:15;193;122;71
13/09/2019;08:30;244;157;87
13/09/2019;08:45;252;157;95
13/09/2019;09:00;246;186;60
13/09/2019;09:15;312;226;86
13/09/2019;09:30;238;134;104
13/09/2019;09:45;206;137;69
13/09/2019;10:00;236;120;116
13/09/2019;10:15;204;109;95
13/09/2019;10:30;225;136;89
13/09/2019;10:45;238;149;89
13/09/2019;11:00;253;117;136
13/09/2019;11:15;291;150;141
13/09/2019;11:30;260;139;121
13/09/2019;11:45;257;140;117
13/09/2019;12:00;263;123;140
13/09/2019;12:15;352;152;200
13/09/2019;12:30;331;166;165
13/09/2019;12:45;306;154;152
13/09/2019;13:00;562;149;413
13/09/2019;13:15;332;150;182
13/09/2019;13:30;269;118;151
13/09/2019;13:45;279;150;129
13/09/2019;14:00;259;132;127
13/09/2019;14:15;270;141;129
13/09/2019;14:30;272;147;125
13/09/2019;14:45;271;136;135
13/09/2019;15:00;244;131;113
13/09/2019;15:15;291;159;132
13/09/2019;15:30;293;163;130
13/09/2019;15:45;306;153;153
13/09/2019;16:00;274;133;141
13/09/2019;16:15;310;147;163
13/09/2019;16:30;303;166;137
13/09/2019;16:45;350;171;179
13/09/2019;17:00;267;102;165
13/09/2019;17:15;308;147;161
13/09/2019;17:30;257;107;150
13/09/2019;17:45;345;163;182
13/09/2019;18:00;267;110;157
13/09/2019;18:15;255;113;142
13/09/2019;18:30;230;87;143
13/09/2019;18:45;271;134;137
13/09/2019;19:00;238;114;124
13/09/2019;19:15;224;103;121
13/09/2019;19:30;220;111;109
13/09/2019;19:45;202;105;97
13/09/2019;20:00;197;102;95
13/09/2019;20:15;186;67;119
13/09/2019;20:30;153;72;81
13/09/2019;20:45;165;85;80
13/09/2019;21:00;96;40;56
13/09/2019;21:15;115;42;73
13/09/2019;21:30;104;48;56
13/09/2019;21:45;94;49;45
13/09/2019;22:00;129;64;65
13/09/2019;22:15;79;29;50
13/09/2019;22:30;86;40;46
13/09/2019;22:45;68;27;41
13/09/2019;23:00;64;23;41
13/09/2019;23:15;76;21;55
13/09/2019;23:30;57;21;36
13/09/2019;23:45;60;15;45
14/09/2019;00:00;50;16;34
14/09/2019;00:15;48;10;38
14/09/2019;00:30;54;17;37
14/09/2019;00:45;35;6;29
14/09/2019;01:00;32;5;27
14/09/2019;01:15;36;5;31
14/09/2019;01:30;23;9;14
14/09/2019;01:45;12;5;7
14/09/2019;02:00;22;12;10
14/09/2019;02:15;11;8;3
14/09/2019;02:30;15;5;10
14/09/2019;02:45;9;0;9
14/09/2019;03:00;14;4;10
14/09/2019;03:15;9;1;8
14/09/2019;03:30;14;3;11
14/09/2019;03:45;10;0;10
14/09/2019;04:00;10;5;5
14/09/2019;04:15;7;2;5
14/09/2019;04:30;3;3;0
14/09/2019;04:45;6;5;1
14/09/2019;05:00;1;0;1
14/09/2019;05:15;9;5;4
14/09/2019;05:30;11;7;4
14/09/2019;05:45;16;10;6
14/09/2019;06:00;10;4;6
14/09/2019;06:15;13;12;1
14/09/2019;06:30;23;9;14
14/09/2019;06:45;22;17;5
14/09/2019;07:00;14;6;8
14/09/2019;07:15;38;24;14
14/09/2019;07:30;42;27;15
14/09/2019;07:45;40;18;22
14/09/2019;08:00;47;27;20
14/09/2019;08:15;72;43;29
14/09/2019;08:30;90;49;41
14/09/2019;08:45;117;75;42
14/09/2019;09:00;94;53;41
14/09/2019;09:15;134;81;53
14/09/2019;09:30;165;104;61
14/09/2019;09:45;206;139;67
14/09/2019;10:00;188;121;67
14/09/2019;10:15;212;138;74
14/09/2019;10:30;217;132;85
14/09/2019;10:45;252;148;104
14/09/2019;11:00;272;162;110
14/09/2019;11:15;268;161;107
14/09/2019;11:30;228;128;100
14/09/2019;11:45;290;182;108
14/09/2019;12:00;228;101;127
14/09/2019;12:15;230;119;111
14/09/2019;12:30;291;154;137
14/09/2019;12:45;280;133;147
14/09/2019;13:00;260;131;129
14/09/2019;13:15;240;101;139
14/09/2019;13:30;261;123;138
14/09/2019;13:45;267;135;132
14/09/2019;14:00;260;110;150
14/09/2019;14:15;302;146;156
14/09/2019;14:30;249;104;145
14/09/2019;14:45;250;104;146
14/09/2019;15:00;267;120;147
14/09/2019;15:15;268;119;149
14/09/2019;15:30;250;103;147
14/09/2019;15:45;226;101;125
14/09/2019;16:00;245;124;121
14/09/2019;16:15;263;103;160
14/09/2019;16:30;243;119;124
14/09/2019;16:45;245;135;110
14/09/2019;17:00;245;108;137
14/09/2019;17:15;228;97;131
14/09/2019;17:30;250;126;124
14/09/2019;17:45;307;161;146
14/09/2019;18:00;251;144;107
14/09/2019;18:15;242;124;118
14/09/2019;18:30;219;115;104
14/09/2019;18:45;210;111;99
14/09/2019;19:00;160;79;81
14/09/2019;19:15;217;96;121
14/09/2019;19:30;152;63;89
14/09/2019;19:45;156;91;65
14/09/2019;20:00;139;75;64
14/09/2019;20:15;137;72;65
14/09/2019;20:30;128;53;75
14/09/2019;20:45;112;41;71
14/09/2019;21:00;91;49;42
14/09/2019;21:15;123;65;58
14/09/2019;21:30;99;37;62
14/09/2019;21:45;90;57;33
14/09/2019;22:00;77;31;46
14/09/2019;22:15;69;30;39
14/09/2019;22:30;59;22;37
14/09/2019;22:45;48;16;32
14/09/2019;23:00;73;33;40
14/09/2019;23:15;58;21;37
14/09/2019;23:30;55;17;38
14/09/2019;23:45;52;19;33
15/09/2019;00:00;48;17;31
15/09/2019;00:15;45;17;28
15/09/2019;00:30;48;15;33
15/09/2019;00:45;45;16;29
15/09/2019;01:00;29;11;18
15/09/2019;01:15;28;7;21
15/09/2019;01:30;29;19;10
15/09/2019;01:45;29;7;22
15/09/2019;02:00;23;8;15
15/09/2019;02:15;21;12;9
15/09/2019;02:30;17;4;13
15/09/2019;02:45;12;6;6
15/09/2019;03:00;14;5;9
15/09/2019;03:15;19;7;12
15/09/2019;03:30;13;7;6
15/09/2019;03:45;3;0;3
15/09/2019;04:00;9;5;4
15/09/2019;04:15;7;3;4
15/09/2019;04:30;6;4;2
15/09/2019;04:45;9;4;5
15/09/2019;05:00;8;5;3
15/09/2019;05:15;7;3;4
15/09/2019;05:30;7;5;2
15/09/2019;05:45;7;4;3
15/09/2019;06:00;7;6;1
15/09/2019;06:15;11;10;1
15/09/2019;06:30;16;11;5
15/09/2019;06:45;12;5;7
15/09/2019;07:00;14;9;5
15/09/2019;07:15;21;15;6
15/09/2019;07:30;17;11;6
15/09/2019;07:45;19;17;2
15/09/2019;08:00;25;10;15
15/09/2019;08:15;35;17;18
15/09/2019;08:30;24;15;9
15/09/2019;08:45;45;23;22
15/09/2019;09:00;58;26;32
15/09/2019;09:15;85;45;40
15/09/2019;09:30;107;50;57
15/09/2019;09:45;106;61;45
15/09/2019;10:00;108;49;59
15/09/2019;10:15;110;64;46
15/09/2019;10:30;112;59;53
15/09/2019;10:45;132;66;66
15/09/2019;11:00;120;65;55
15/09/2019;11:15;173;87;86
15/09/2019;11:30;163;91;72
15/09/2019;11:45;172;91;81
15/09/2019;12:00;146;74;72
15/09/2019;12:15;181;89;92
15/09/2019;12:30;163;77;86
15/09/2019;12:45;200;98;102
15/09/2019;13:00;142;64;78
15/09/2019;13:15;229;124;105
15/09/2019;13:30;137;60;77
15/09/2019;13:45;207;85;122
15/09/2019;14:00;238;118;120
15/09/2019;14:15;211;99;112
15/09/2019;14:30;244;135;109
15/09/2019;14:45;205;101;104
15/09/2019;15:00;239;106;133
15/09/2019;15:15;234;118;116
15/09/2019;15:30;242;139;103
15/09/2019;15:45;253;117;136
15/09/2019;16:00;206;115;91
15/09/2019;16:15;219;112;107
15/09/2019;16:30;219;141;78
15/09/2019;16:45;233;129;104
15/09/2019;17:00;261;126;135
15/09/2019;17:15;247;130;117
15/09/2019;17:30;259;134;125
15/09/2019;17:45;210;93;117
15/09/2019;18:00;195;89;106
15/09/2019;18:15;199;110;89
15/09/2019;18:30;184;93;91
15/09/2019;18:45;191;86;105
15/09/2019;19:00;177;99;78
15/09/2019;19:15;155;74;81
15/09/2019;19:30;132;62;70
15/09/2019;19:45;105;45;60
15/09/2019;20:00;118;54;64
15/09/2019;20:15;107;54;53
15/09/2019;20:30;94;47;47
15/09/2019;20:45;90;42;48
15/09/2019;21:00;61;21;40
15/09/2019;21:15;44;20;24
15/09/2019;21:30;47;15;32
15/09/2019;21:45;40;14;26
15/09/2019;22:00;37;13;24
15/09/2019;22:15;43;21;22
15/09/2019;22:30;44;24;20
15/09/2019;22:45;35;19;16
15/09/2019;23:00;27;2;25
15/09/2019;23:15;18;7;11
15/09/2019;23:30;17;9;8
15/09/2019;23:45;15;7;8
16/09/2019;00:00;15;2;13
16/09/2019;00:15;11;1;10
16/09/2019;00:30;5;1;4
16/09/2019;00:45;7;3;4
16/09/2019;01:00;3;0;3
16/09/2019;01:15;2;0;2
16/09/2019;01:30;11;0;11
16/09/2019;01:45;7;4;3
16/09/2019;02:00;5;3;2
16/09/2019;02:15;7;3;4
16/09/2019;02:30;2;1;1
16/09/2019;02:45;3;2;1
16/09/2019;03:00;5;2;3
16/09/2019;03:15;1;1;0
16/09/2019;03:30;2;0;2
16/09/2019;03:45;0;0;0
16/09/2019;04:00;2;2;0
16/09/2019;04:15;1;1;0
16/09/2019;04:30;2;2;0
16/09/2019;04:45;6;4;2
16/09/2019;05:00;0;0;0
16/09/2019;05:15;9;3;6
16/09/2019;05:30;31;18;13
16/09/2019;05:45;33;28;5
16/09/2019;06:00;33;22;11
16/09/2019;06:15;50;37;13
16/09/2019;06:30;57;35;22
16/09/2019;06:45;74;46;28
16/09/2019;07:00;138;82;56
16/09/2019;07:15;279;180;99
16/09/2019;07:30;544;365;179
16/09/2019;07:45;323;211;112
16/09/2019;08:00;216;124;92
16/09/2019;08:15;244;145;99
16/09/2019;08:30;255;144;111
16/09/2019;08:45;277;178;99
16/09/2019;09:00;244;160;84
16/09/2019;09:15;276;176;100
16/09/2019;09:30;198;122;76
16/09/2019;09:45;176;111;65
16/09/2019;10:00;147;76;71
16/09/2019;10:15;172;104;68
16/09/2019;10:30;169;94;75
16/09/2019;10:45;189;108;81
16/09/2019;11:00;203;105;98
16/09/2019;11:15;228;110;118
16/09/2019;11:30;206;118;88
16/09/2019;11:45;220;111;109
16/09/2019;12:00;213;93;120
16/09/2019;12:15;264;107;157
16/09/2019;12:30;229;102;127
16/09/2019;12:45;262;129;133
16/09/2019;13:00;478;139;339
16/09/2019;13:15;309;149;160
16/09/2019;13:30;205;107;98
16/09/2019;13:45;347;192;155
16/09/2019;14:00;239;118;121
16/09/2019;14:15;257;126;131
16/09/2019;14:30;259;119;140
16/09/2019;14:45;261;127;134
16/09/2019;15:00;267;139;128
16/09/2019;15:15;328;177;151
16/09/2019;15:30;520;236;284
16/09/2019;15:45;433;236;197
16/09/2019;16:00;305;148;157
16/09/2019;16:15;350;165;185
16/09/2019;16:30;345;170;175
16/09/2019;16:45;336;134;202
16/09/2019;17:00;369;167;202
16/09/2019;17:15;402;206;196
16/09/2019;17:30;352;169;183
16/09/2019;17:45;280;115;165
16/09/2019;18:00;346;157;189
16/09/2019;18:15;318;140;178
16/09/2019;18:30;276;123;153
16/09/2019;18:45;325;144;181
16/09/2019;19:00;264;96;168
16/09/2019;19:15;275;132;143
16/09/2019;19:30;192;100;92
16/09/2019;19:45;221;96;125
16/09/2019;20:00;175;68;107
16/09/2019;20:15;196;77;119
16/09/2019;20:30;122;57;65
16/09/2019;20:45;114;46;68
16/09/2019;21:00;83;40;43
16/09/2019;21:15;91;44;47
16/09/2019;21:30;88;29;59
16/09/2019;21:45;84;26;58
16/09/2019;22:00;83;43;40
16/09/2019;22:15;79;25;54
16/09/2019;22:30;58;24;34
16/09/2019;22:45;43;23;20
16/09/2019;23:00;47;24;23
16/09/2019;23:15;34;12;22
16/09/2019;23:30;32;6;26
16/09/2019;23:45;17;6;11
17/09/2019;00:00;21;10;11
17/09/2019;00:15;11;2;9
17/09/2019;00:30;6;1;5
17/09/2019;00:45;7;1;6
17/09/2019;01:00;14;3;11
17/09/2019;01:15;5;0;5
17/09/2019;01:30;5;1;4
17/09/2019;01:45;5;2;3
17/09/2019;02:00;9;2;7
17/09/2019;02:15;4;2;2
17/09/2019;02:30;2;1;1
17/09/2019;02:45;2;1;1
17/09/2019;03:00;2;2;0
17/09/2019;03:15;1;1;0
17/09/2019;03:30;0;0;0
17/09/2019;03:45;0;0;0
17/09/2019;04:00;2;2;0
17/09/2019;04:15;2;2;0
17/09/2019;04:30;3;1;2
17/09/2019;04:45;5;4;1
17/09/2019;05:00;2;2;0
17/09/2019;05:15;12;6;6
17/09/2019;05:30;27;19;8
17/09/2019;05:45;46;38;8
17/09/2019;06:00;35;23;12
17/09/2019;06:15;51;35;16
17/09/2019;06:30;66;45;21
17/09/2019;06:45;98;69;29
17/09/2019;07:00;124;67;57
17/09/2019;07:15;300;199;101
17/09/2019;07:30;580;350;230
17/09/2019;07:45;362;225;137
17/09/2019;08:00;233;127;106
17/09/2019;08:15;268;166;102
17/09/2019;08:30;253;153;100
17/09/2019;08:45;269;168;101
17/09/2019;09:00;215;135;80
17/09/2019;09:15;292;215;77
17/09/2019;09:30;221;127;94
17/09/2019;09:45;221;126;95
17/09/2019;10:00;160;96;64
17/09/2019;10:15;200;119;81
17/09/2019;10:30;227;133;94
17/09/2019;10:45;210;110;100
17/09/2019;11:00;250;104;146
17/09/2019;11:15;244;115;129
17/09/2019;11:30;227;135;92
17/09/2019;11:45;241;130;111
17/09/2019;12:00;239;100;139
17/09/2019;12:15;280;135;145
17/09/2019;12:30;218;117;101
17/09/2019;12:45;278;118;160
17/09/2019;13:00;423;131;292
17/09/2019;13:15;325;151;174
17/09/2019;13:30;260;140;120
17/09/2019;13:45;309;177;132
17/09/2019;14:00;229;113;116
17/09/2019;14:15;216;101;115
17/09/2019;14:30;238;121;117
17/09/2019;14:45;237;107;130
17/09/2019;15:00;293;152;141
17/09/2019;15:15;281;134;147
17/09/2019;15:30;522;218;304
17/09/2019;15:45;350;166;184
17/09/2019;16:00;292;145;147
17/09/2019;16:15;316;155;161
17/09/2019;16:30;323;154;169
17/09/2019;16:45;378;186;192
17/09/2019;17:00;374;174;200
17/09/2019;17:15;426;193;233
17/09/2019;17:30;376;197;179
17/09/2019;17:45;343;141;202
17/09/2019;18:00;323;127;196
17/09/2019;18:15;346;150;196
17/09/2019;18:30;285;119;166
17/09/2019;18:45;304;138;166
17/09/2019;19:00;274;121;153
17/09/2019;19:15;296;139;157
17/09/2019;19:30;249;135;114
17/09/2019;19:45;214;112;102
17/09/2019;20:00;178;96;82
17/09/2019;20:15;167;67;100
17/09/2019;20:30;127;65;62
17/09/2019;20:45;131;62;69
17/09/2019;21:00;109;53;56
17/09/2019;21:15;91;32;59
17/09/2019;21:30;73;25;48
17/09/2019;21:45;111;29;82
17/09/2019;22:00;77;17;60
17/09/2019;22:15;66;19;47
17/09/2019;22:30;53;16;37
17/09/2019;22:45;49;20;29
17/09/2019;23:00;93;38;55
17/09/2019;23:15;32;14;18
17/09/2019;23:30;51;18;33
17/09/2019;23:45;24;5;19
18/09/2019;00:00;21;8;13
18/09/2019;00:15;21;6;15
18/09/2019;00:30;11;3;8
18/09/2019;00:45;11;6;5
18/09/2019;01:00;18;7;11
18/09/2019;01:15;6;1;5
18/09/2019;01:30;6;0;6
18/09/2019;01:45;5;3;2
18/09/2019;02:00;2;1;1
18/09/2019;02:15;2;0;2
18/09/2019;02:30;6;5;1
18/09/2019;02:45;5;4;1
18/09/2019;03:00;1;0;1
18/09/2019;03:15;0;0;0
18/09/2019;03:30;0;0;0
18/09/2019;03:45;0;0;0
18/09/2019;04:00;4;2;2
18/09/2019;04:15;6;6;0
18/09/2019;04:30;3;3;0
18/09/2019;04:45;6;4;2
18/09/2019;05:00;1;1;0
18/09/2019;05:15;8;4;4
18/09/2019;05:30;18;12;6
18/09/2019;05:45;47;31;16
18/09/2019;06:00;34;23;11
18/09/2019;06:15;56;39;17
18/09/2019;06:30;65;39;26
18/09/2019;06:45;121;74;47
18/09/2019;07:00;111;56;55
18/09/2019;07:15;308;208;100
18/09/2019;07:30;597;395;202
18/09/2019;07:45;358;229;129
18/09/2019;08:00;251;149;102
18/09/2019;08:15;280;158;122
18/09/2019;08:30;273;170;103
18/09/2019;08:45;269;163;106
18/09/2019;09:00;240;175;65
18/09/2019;09:15;248;173;75
18/09/2019;09:30;208;115;93
18/09/2019;09:45;224;127;97
18/09/2019;10:00;166;85;81
18/09/2019;10:15;179;100;79
18/09/2019;10:30;185;112;73
18/09/2019;10:45;170;92;78
18/09/2019;11:00;155;67;88
18/09/2019;11:15;208;108;100
18/09/2019;11:30;212;126;86
18/09/2019;11:45;189;84;105
18/09/2019;12:00;244;116;128
18/09/2019;12:15;247;112;135
18/09/2019;12:30;227;98;129
18/09/2019;12:45;238;127;111
18/09/2019;13:00;438;163;275
18/09/2019;13:15;317;193;124
18/09/2019;13:30;264;137;127
18/09/2019;13:45;274;138;136
18/09/2019;14:00;241;110;131
18/09/2019;14:15;263;123;140
18/09/2019;14:30;257;146;111
18/09/2019;14:45;260;138;122
18/09/2019;15:00;317;144;173
18/09/2019;15:15;280;136;144
18/09/2019;15:30;356;112;244
18/09/2019;15:45;365;192;173
18/09/2019;16:00;273;125;148
18/09/2019;16:15;319;176;143
18/09/2019;16:30;269;121;148
18/09/2019;16:45;354;165;189
18/09/2019;17:00;352;162;190
18/09/2019;17:15;368;185;183
18/09/2019;17:30;356;173;183
18/09/2019;17:45;322;128;194
18/09/2019;18:00;321;121;200
18/09/2019;18:15;355;167;188
18/09/2019;18:30;250;114;136
18/09/2019;18:45;253;129;124
18/09/2019;19:00;262;132;130
18/09/2019;19:15;211;95;116
18/09/2019;19:30;207;92;115
18/09/2019;19:45;188;85;103
18/09/2019;20:00;171;90;81
18/09/2019;20:15;166;78;88
18/09/2019;20:30;111;39;72
18/09/2019;20:45;107;35;72
18/09/2019;21:00;104;33;71
18/09/2019;21:15;81;33;48
18/09/2019;21:30;101;45;56
18/09/2019;21:45;79;34;45
18/09/2019;22:00;72;30;42
18/09/2019;22:15;79;37;42
18/09/2019;22:30;65;33;32
18/09/2019;22:45;66;24;42
18/09/2019;23:00;60;21;39
18/09/2019;23:15;47;15;32
18/09/2019;23:30;34;14;20
18/09/2019;23:45;35;14;21
19/09/2019;00:00;27;10;17
19/09/2019;00:15;25;8;17
19/09/2019;00:30;22;4;18
19/09/2019;00:45;15;2;13
19/09/2019;01:00;14;3;11
19/09/2019;01:15;10;5;5
19/09/2019;01:30;3;0;3
19/09/2019;01:45;6;1;5
19/09/2019;02:00;2;1;1
19/09/2019;02:15;1;0;1
19/09/2019;02:30;0;0;0
19/09/2019;02:45;2;0;2
19/09/2019;03:00;4;3;1
19/09/2019;03:15;1;0;1
19/09/2019;03:30;2;1;1
19/09/2019;03:45;2;2;0
19/09/2019;04:00;0;0;0
19/09/2019;04:15;2;1;1
19/09/2019;04:30;4;3;1
19/09/2019;04:45;3;2;1
19/09/2019;05:00;2;2;0
19/09/2019;05:15;11;5;6
19/09/2019;05:30;18;12;6
19/09/2019;05:45;35;27;8
19/09/2019;06:00;33;24;9
19/09/2019;06:15;52;32;20
19/09/2019;06:30;75;50;25
19/09/2019;06:45;87;57;30
19/09/2019;07:00;105;50;55
19/09/2019;07:15;301;207;94
19/09/2019;07:30;598;386;212
19/09/2019;07:45;315;199;116
19/09/2019;08:00;226;128;98
19/09/2019;08:15;205;116;89
19/09/2019;08:30;239;136;103
19/09/2019;08:45;255;163;92
19/09/2019;09:00;187;113;74
19/09/2019;09:15;265;183;82
19/09/2019;09:30;178;97;81
19/09/2019;09:45;190;122;68
19/09/2019;10:00;180;105;75
19/09/2019;10:15;172;109;63
19/09/2019;10:30;165;92;73
19/09/2019;10:45;199;123;76
19/09/2019;11:00;196;119;77
19/09/2019;11:15;202;99;103
19/09/2019;11:30;208;116;92
19/09/2019;11:45;182;78;104
19/09/2019;12:00;211;90;121
19/09/2019;12:15;212;115;97
19/09/2019;12:30;217;108;109
19/09/2019;12:45;263;145;118
19/09/2019;13:00;425;123;302
19/09/2019;13:15;290;139;151
19/09/2019;13:30;228;109;119
19/09/2019;13:45;285;149;136
19/09/2019;14:00;236;126;110
19/09/2019;14:15;247;114;133
19/09/2019;14:30;226;119;107
19/09/2019;14:45;243;115;128
19/09/2019;15:00;257;127;130
19/09/2019;15:15;262;128;134
19/09/2019;15:30;528;244;284
19/09/2019;15:45;366;169;197
19/09/2019;16:00;339;171;168
19/09/2019;16:15;327;168;159
19/09/2019;16:30;266;131;135
19/09/2019;16:45;366;183;183
19/09/2019;17:00;395;180;215
19/09/2019;17:15;389;162;227
19/09/2019;17:30;318;155;163
19/09/2019;17:45;339;193;146
19/09/2019;18:00;347;180;167
19/09/2019;18:15;261;118;143
19/09/2019;18:30;274;128;146
19/09/2019;18:45;316;157;159
19/09/2019;19:00;227;104;123
19/09/2019;19:15;256;114;142
19/09/2019;19:30;156;70;86
19/09/2019;19:45;213;90;123
19/09/2019;20:00;174;63;111
19/09/2019;20:15;128;65;63
19/09/2019;20:30;136;50;86
19/09/2019;20:45;118;64;54
19/09/2019;21:00;109;45;64
19/09/2019;21:15;103;37;66
19/09/2019;21:30;93;24;69
19/09/2019;21:45;87;35;52
19/09/2019;22:00;71;20;51
19/09/2019;22:15;87;33;54
19/09/2019;22:30;70;26;44
19/09/2019;22:45;58;17;41
19/09/2019;23:00;37;12;25
19/09/2019;23:15;45;10;35
19/09/2019;23:30;31;9;22
19/09/2019;23:45;31;12;19
20/09/2019;00:00;33;8;25
20/09/2019;00:15;23;3;20
20/09/2019;00:30;23;8;15
20/09/2019;00:45;24;8;16
20/09/2019;01:00;15;3;12
20/09/2019;01:15;4;2;2
20/09/2019;01:30;11;6;5
20/09/2019;01:45;9;4;5
20/09/2019;02:00;12;3;9
20/09/2019;02:15;8;3;5
20/09/2019;02:30;0;0;0
20/09/2019;02:45;4;0;4
20/09/2019;03:00;3;1;2
20/09/2019;03:15;3;3;0
20/09/2019;03:30;2;1;1
20/09/2019;03:45;0;0;0
20/09/2019;04:00;0;0;0
20/09/2019;04:15;2;0;2
20/09/2019;04:30;3;1;2
20/09/2019;04:45;3;2;1
20/09/2019;05:00;4;0;4
20/09/2019;05:15;12;6;6
20/09/2019;05:30;11;8;3
20/09/2019;05:45;32;27;5
20/09/2019;06:00;23;16;7
20/09/2019;06:15;47;29;18
20/09/2019;06:30;53;37;16
20/09/2019;06:45;95;61;34
20/09/2019;07:00;102;46;56
20/09/2019;07:15;257;166;91
20/09/2019;07:30;562;359;203
20/09/2019;07:45;313;191;122
20/09/2019;08:00;206;129;77
20/09/2019;08:15;220;132;88
20/09/2019;08:30;249;144;105
20/09/2019;08:45;267;167;100
20/09/2019;09:00;220;132;88
20/09/2019;09:15;241;170;71
20/09/2019;09:30;188;131;57
20/09/2019;09:45;206;137;69
20/09/2019;10:00;203;123;80
20/09/2019;10:15;203;101;102
20/09/2019;10:30;195;119;76
20/09/2019;10:45;204;131;73
20/09/2019;11:00;254;131;123
20/09/2019;11:15;228;132;96
20/09/2019;11:30;38;32;6
20/09/2019;11:45;124;93;31
20/09/2019;12:00;251;133;118
20/09/2019;12:15;313;180;133
20/09/2019;12:30;314;164;150
20/09/2019;12:45;339;159;180
20/09/2019;13:00;460;121;339
20/09/2019;13:15;319;108;211
20/09/2019;13:30;315;143;172
20/09/2019;13:45;332;156;176
20/09/2019;14:00;315;152;163
20/09/2019;14:15;298;133;165
20/09/2019;14:30;281;126;155
20/09/2019;14:45;257;115;142
20/09/2019;15:00;246;127;119
20/09/2019;15:15;252;139;113
20/09/2019;15:30;254;128;126
20/09/2019;15:45;268;119;149
20/09/2019;16:00;276;140;136
20/09/2019;16:15;292;156;136
20/09/2019;16:30;295;150;145
20/09/2019;16:45;305;147;158
20/09/2019;17:00;275;140;135
20/09/2019;17:15;277;143;134
20/09/2019;17:30;259;142;117
20/09/2019;17:45;290;141;149
20/09/2019;18:00;295;113;182
20/09/2019;18:15;261;129;132
20/09/2019;18:30;246;124;122
20/09/2019;18:45;279;145;134
20/09/2019;19:00;230;115;115
20/09/2019;19:15;251;134;117
20/09/2019;19:30;188;93;95
20/09/2019;19:45;166;86;80
20/09/2019;20:00;174;80;94
20/09/2019;20:15;144;49;95
20/09/2019;20:30;125;52;73
20/09/2019;20:45;117;52;65
20/09/2019;21:00;109;59;50
20/09/2019;21:15;92;36;56
20/09/2019;21:30;103;43;60
20/09/2019;21:45;85;32;53
20/09/2019;22:00;77;23;54
20/09/2019;22:15;81;24;57
20/09/2019;22:30;78;21;57
20/09/2019;22:45;76;30;46
20/09/2019;23:00;86;18;68
20/09/2019;23:15;47;14;33
20/09/2019;23:30;88;17;71
20/09/2019;23:45;53;17;36
21/09/2019;00:00;70;21;49
21/09/2019;00:15;48;10;38
21/09/2019;00:30;42;6;36
21/09/2019;00:45;28;5;23
21/09/2019;01:00;34;7;27
21/09/2019;01:15;37;8;29
21/09/2019;01:30;31;9;22
21/09/2019;01:45;17;6;11
21/09/2019;02:00;23;11;12
21/09/2019;02:15;15;7;8
21/09/2019;02:30;14;9;5
21/09/2019;02:45;13;7;6
21/09/2019;03:00;12;4;8
21/09/2019;03:15;8;3;5
21/09/2019;03:30;8;1;7
21/09/2019;03:45;3;2;1
21/09/2019;04:00;10;3;7
21/09/2019;04:15;9;5;4
21/09/2019;04:30;11;6;5
21/09/2019;04:45;10;4;6
21/09/2019;05:00;3;2;1
21/09/2019;05:15;4;4;0
21/09/2019;05:30;18;5;13
21/09/2019;05:45;9;8;1
21/09/2019;06:00;12;11;1
21/09/2019;06:15;11;9;2
21/09/2019;06:30;15;10;5
21/09/2019;06:45;24;16;8
21/09/2019;07:00;20;13;7
21/09/2019;07:15;30;14;16
21/09/2019;07:30;34;20;14
21/09/2019;07:45;38;25;13
21/09/2019;08:00;35;21;14
21/09/2019;08:15;57;30;27
21/09/2019;08:30;79;47;32
21/09/2019;08:45;103;64;39
21/09/2019;09:00;88;50;38
21/09/2019;09:15;145;84;61
21/09/2019;09:30;140;98;42
21/09/2019;09:45;170;112;58
21/09/2019;10:00;177;102;75
21/09/2019;10:15;209;125;84
21/09/2019;10:30;205;126;79
21/09/2019;10:45;232;149;83
21/09/2019;11:00;190;121;69
21/09/2019;11:15;260;158;102
21/09/2019;11:30;246;147;99
21/09/2019;11:45;253;152;101
21/09/2019;12:00;199;97;102
21/09/2019;12:15;249;145;104
21/09/2019;12:30;257;150;107
21/09/2019;12:45;246;121;125
21/09/2019;13:00;255;123;132
21/09/2019;13:15;213;111;102
21/09/2019;13:30;237;131;106
21/09/2019;13:45;262;130;132
21/09/2019;14:00;274;153;121
21/09/2019;14:15;211;79;132
21/09/2019;14:30;220;101;119
21/09/2019;14:45;279;149;130
21/09/2019;15:00;257;108;149
21/09/2019;15:15;248;127;121
21/09/2019;15:30;198;100;98
21/09/2019;15:45;250;119;131
21/09/2019;16:00;252;121;131
21/09/2019;16:15;249;125;124
21/09/2019;16:30;232;109;123
21/09/2019;16:45;222;123;99
21/09/2019;17:00;243;109;134
21/09/2019;17:15;203;94;109
21/09/2019;17:30;261;112;149
21/09/2019;17:45;229;122;107
21/09/2019;18:00;211;87;124
21/09/2019;18:15;206;107;99
21/09/2019;18:30;188;86;102
21/09/2019;18:45;196;93;103
21/09/2019;19:00;180;82;98
21/09/2019;19:15;197;129;68
21/09/2019;19:30;162;88;74
21/09/2019;19:45;129;60;69
21/09/2019;20:00;141;79;62
21/09/2019;20:15;106;53;53
21/09/2019;20:30;95;50;45
21/09/2019;20:45;95;42;53
21/09/2019;21:00;84;31;53
21/09/2019;21:15;96;37;59
21/09/2019;21:30;100;32;68
21/09/2019;21:45;86;30;56
21/09/2019;22:00;74;25;49
21/09/2019;22:15;68;22;46
21/09/2019;22:30;56;16;40
21/09/2019;22:45;45;13;32
21/09/2019;23:00;55;8;47
21/09/2019;23:15;45;12;33
21/09/2019;23:30;47;21;26
21/09/2019;23:45;37;11;26
22/09/2019;00:00;45;14;31
22/09/2019;00:15;57;22;35
22/09/2019;00:30;25;5;20
22/09/2019;00:45;44;12;32
22/09/2019;01:00;26;3;23
22/09/2019;01:15;28;6;22
22/09/2019;01:30;40;15;25
22/09/2019;01:45;35;11;24
22/09/2019;02:00;23;6;17
22/09/2019;02:15;9;4;5
22/09/2019;02:30;12;5;7
22/09/2019;02:45;19;8;11
22/09/2019;03:00;25;18;7
22/09/2019;03:15;15;4;11
22/09/2019;03:30;11;4;7
22/09/2019;03:45;13;3;10
22/09/2019;04:00;5;4;1
22/09/2019;04:15;1;1;0
22/09/2019;04:30;4;0;4
22/09/2019;04:45;5;3;2
22/09/2019;05:00;1;1;0
22/09/2019;05:15;4;0;4
22/09/2019;05:30;6;3;3
22/09/2019;05:45;9;3;6
22/09/2019;06:00;7;5;2
22/09/2019;06:15;8;5;3
22/09/2019;06:30;10;6;4
22/09/2019;06:45;16;8;8
22/09/2019;07:00;10;4;6
22/09/2019;07:15;8;6;2
22/09/2019;07:30;12;8;4
22/09/2019;07:45;18;14;4
22/09/2019;08:00;15;11;4
22/09/2019;08:15;30;17;13
22/09/2019;08:30;46;22;24
22/09/2019;08:45;36;15;21
22/09/2019;09:00;28;19;9
22/09/2019;09:15;63;35;28
22/09/2019;09:30;66;37;29
22/09/2019;09:45;138;67;71
22/09/2019;10:00;68;35;33
22/09/2019;10:15;85;51;34
22/09/2019;10:30;78;47;31
22/09/2019;10:45;109;51;58
22/09/2019;11:00;134;68;66
22/09/2019;11:15;101;59;42
22/09/2019;11:30;136;56;80
22/09/2019;11:45;141;74;67
22/09/2019;12:00;141;75;66
22/09/2019;12:15;125;59;66
22/09/2019;12:30;118;47;71
22/09/2019;12:45;116;52;64
22/09/2019;13:00;119;60;59
22/09/2019;13:15;150;66;84
22/09/2019;13:30;117;52;65
22/09/2019;13:45;155;77;78
22/09/2019;14:00;137;76;61
22/09/2019;14:15;186;104;82
22/09/2019;14:30;152;86;66
22/09/2019;14:45;156;84;72
22/09/2019;15:00;190;94;96
22/09/2019;15:15;164;91;73
22/09/2019;15:30;152;81;71
22/09/2019;15:45;163;90;73
22/09/2019;16:00;130;70;60
22/09/2019;16:15;174;98;76
22/09/2019;16:30;175;84;91
22/09/2019;16:45;155;83;72
22/09/2019;17:00;164;71;93
22/09/2019;17:15;193;95;98
22/09/2019;17:30;150;74;76
22/09/2019;17:45;145;80;65
22/09/2019;18:00;191;88;103
22/09/2019;18:15;139;64;75
22/09/2019;18:30;170;78;92
22/09/2019;18:45;131;74;57
22/09/2019;19:00;140;54;86
22/09/2019;19:15;103;50;53
22/09/2019;19:30;126;66;60
22/09/2019;19:45;100;43;57
22/09/2019;20:00;94;44;50
22/09/2019;20:15;73;29;44
22/09/2019;20:30;54;19;35
22/09/2019;20:45;51;22;29
22/09/2019;21:00;42;17;25
22/09/2019;21:15;43;20;23
22/09/2019;21:30;34;18;16
22/09/2019;21:45;39;16;23
22/09/2019;22:00;37;13;24
22/09/2019;22:15;42;14;28
22/09/2019;22:30;30;9;21
22/09/2019;22:45;22;6;16
22/09/2019;23:00;20;7;13
22/09/2019;23:15;16;2;14
22/09/2019;23:30;13;4;9
22/09/2019;23:45;8;4;4
23/09/2019;00:00;19;7;12
23/09/2019;00:15;7;3;4
23/09/2019;00:30;5;3;2
23/09/2019;00:45;5;1;4
23/09/2019;01:00;5;3;2
23/09/2019;01:15;1;0;1
23/09/2019;01:30;2;0;2
23/09/2019;01:45;3;1;2
23/09/2019;02:00;0;0;0
23/09/2019;02:15;1;0;1
23/09/2019;02:30;2;2;0
23/09/2019;02:45;2;2;0
23/09/2019;03:00;1;1;0
23/09/2019;03:15;0;0;0
23/09/2019;03:30;5;1;4
23/09/2019;03:45;0;0;0
23/09/2019;04:00;1;1;0
23/09/2019;04:15;0;0;0
23/09/2019;04:30;2;2;0
23/09/2019;04:45;5;3;2
23/09/2019;05:00;2;1;1
23/09/2019;05:15;6;3;3
23/09/2019;05:30;24;17;7
23/09/2019;05:45;21;17;4
23/09/2019;06:00;25;10;15
23/09/2019;06:15;39;27;12
23/09/2019;06:30;48;33;15
23/09/2019;06:45;73;42;31
23/09/2019;07:00;84;45;39
23/09/2019;07:15;151;99;52
23/09/2019;07:30;431;292;139
23/09/2019;07:45;218;143;75
23/09/2019;08:00;158;89;69
23/09/2019;08:15;170;99;71
23/09/2019;08:30;161;95;66
23/09/2019;08:45;161;97;64
23/09/2019;09:00;115;79;36
23/09/2019;09:15;110;59;51
23/09/2019;09:30;95;63;32
23/09/2019;09:45;114;64;50
23/09/2019;10:00;55;27;28
23/09/2019;10:15;39;20;19
23/09/2019;10:30;50;25;25
23/09/2019;10:45;61;36;25
23/09/2019;11:00;68;28;40
23/09/2019;11:15;77;24;53
23/09/2019;11:30;83;35;48
23/09/2019;11:45;63;31;32
23/09/2019;12:00;54;26;28
23/09/2019;12:15;88;35;53
23/09/2019;12:30;84;37;47
23/09/2019;12:45;98;54;44
23/09/2019;13:00;224;67;157
23/09/2019;13:15;130;60;70
23/09/2019;13:30;131;57;74
23/09/2019;13:45;148;88;60
23/09/2019;14:00;115;49;66
23/09/2019;14:15;128;71;57
23/09/2019;14:30;121;64;57
23/09/2019;14:45;170;89;81
23/09/2019;15:00;110;58;52
23/09/2019;15:15;175;100;75
23/09/2019;15:30;329;153;176
23/09/2019;15:45;220;116;104
23/09/2019;16:00;213;127;86
23/09/2019;16:15;225;109;116
23/09/2019;16:30;226;118;108
23/09/2019;16:45;255;144;111
23/09/2019;17:00;234;104;130
23/09/2019;17:15;305;162;143
23/09/2019;17:30;244;127;117
23/09/2019;17:45;245;115;130
23/09/2019;18:00;211;92;119
23/09/2019;18:15;216;99;117
23/09/2019;18:30;271;166;105
23/09/2019;18:45;219;80;139
23/09/2019;19:00;160;67;93
23/09/2019;19:15;190;85;105
23/09/2019;19:30;151;68;83
23/09/2019;19:45;133;70;63
23/09/2019;20:00;141;72;69
23/09/2019;20:15;123;51;72
23/09/2019;20:30;81;30;51
23/09/2019;20:45;73;45;28
23/09/2019;21:00;53;24;29
23/09/2019;21:15;79;32;47
23/09/2019;21:30;76;37;39
23/09/2019;21:45;55;19;36
23/09/2019;22:00;50;15;35
23/09/2019;22:15;58;28;30
23/09/2019;22:30;53;19;34
23/09/2019;22:45;55;19;36
23/09/2019;23:00;47;15;32
23/09/2019;23:15;22;6;16
23/09/2019;23:30;19;7;12
23/09/2019;23:45;24;7;17
24/09/2019;00:00;14;8;6
24/09/2019;00:15;16;4;12
24/09/2019;00:30;11;4;7
24/09/2019;00:45;9;2;7
24/09/2019;01:00;8;2;6
24/09/2019;01:15;11;1;10
24/09/2019;01:30;5;1;4
24/09/2019;01:45;3;1;2
24/09/2019;02:00;6;0;6
24/09/2019;02:15;1;0;1
24/09/2019;02:30;6;4;2
24/09/2019;02:45;4;3;1
24/09/2019;03:00;1;0;1
24/09/2019;03:15;3;0;3
24/09/2019;03:30;0;0;0
24/09/2019;03:45;3;1;2
24/09/2019;04:00;0;0;0
24/09/2019;04:15;0;0;0
24/09/2019;04:30;2;2;0
24/09/2019;04:45;1;0;1
24/09/2019;05:00;2;0;2
24/09/2019;05:15;6;5;1
24/09/2019;05:30;22;14;8
24/09/2019;05:45;36;32;4
24/09/2019;06:00;32;19;13
24/09/2019;06:15;43;27;16
24/09/2019;06:30;71;42;29
24/09/2019;06:45;106;72;34
24/09/2019;07:00;85;52;33
24/09/2019;07:15;247;177;70
24/09/2019;07:30;496;310;186
24/09/2019;07:45;314;210;104
24/09/2019;08:00;206;120;86
24/09/2019;08:15;267;157;110
24/09/2019;08:30;233;144;89
24/09/2019;08:45;268;175;93
24/09/2019;09:00;214;147;67
24/09/2019;09:15;247;149;98
24/09/2019;09:30;186;104;82
24/09/2019;09:45;189;100;89
24/09/2019;10:00;130;62;68
24/09/2019;10:15;196;99;97
24/09/2019;10:30;154;86;68
24/09/2019;10:45;166;92;74
24/09/2019;11:00;186;86;100
24/09/2019;11:15;194;96;98
24/09/2019;11:30;152;77;75
24/09/2019;11:45;193;94;99
24/09/2019;12:00;181;87;94
24/09/2019;12:15;214;110;104
24/09/2019;12:30;179;83;96
24/09/2019;12:45;201;77;124
24/09/2019;13:00;355;109;246
24/09/2019;13:15;254;111;143
24/09/2019;13:30;200;98;102
24/09/2019;13:45;252;142;110
24/09/2019;14:00;213;107;106
24/09/2019;14:15;217;112;105
24/09/2019;14:30;176;82;94
24/09/2019;14:45;209;116;93
24/09/2019;15:00;216;107;109
24/09/2019;15:15;222;109;113
24/09/2019;15:30;353;142;211
24/09/2019;15:45;259;127;132
24/09/2019;16:00;274;132;142
24/09/2019;16:15;265;129;136
24/09/2019;16:30;257;124;133
24/09/2019;16:45;295;147;148
24/09/2019;17:00;336;135;201
24/09/2019;17:15;295;139;156
24/09/2019;17:30;266;141;125
24/09/2019;17:45;259;127;132
24/09/2019;18:00;257;83;174
24/09/2019;18:15;227;95;132
24/09/2019;18:30;186;95;91
24/09/2019;18:45;244;100;144
24/09/2019;19:00;178;71;107
24/09/2019;19:15;185;81;104
24/09/2019;19:30;180;88;92
24/09/2019;19:45;163;69;94
24/09/2019;20:00;111;46;65
24/09/2019;20:15;99;41;58
24/09/2019;20:30;89;29;60
24/09/2019;20:45;84;32;52
24/09/2019;21:00;86;46;40
24/09/2019;21:15;62;33;29
24/09/2019;21:30;54;25;29
24/09/2019;21:45;79;28;51
24/09/2019;22:00;73;23;50
24/09/2019;22:15;60;24;36
24/09/2019;22:30;53;18;35
24/09/2019;22:45;34;15;19
24/09/2019;23:00;31;11;20
24/09/2019;23:15;37;9;28
24/09/2019;23:30;23;10;13
24/09/2019;23:45;18;5;13
25/09/2019;00:00;23;10;13
25/09/2019;00:15;15;5;10
25/09/2019;00:30;12;3;9
25/09/2019;00:45;9;3;6
25/09/2019;01:00;7;2;5
25/09/2019;01:15;5;2;3
25/09/2019;01:30;4;0;4
25/09/2019;01:45;7;4;3
25/09/2019;02:00;4;2;2
25/09/2019;02:15;2;0;2
25/09/2019;02:30;7;1;6
25/09/2019;02:45;2;0;2
25/09/2019;03:00;3;3;0
25/09/2019;03:15;3;0;3
25/09/2019;03:30;1;1;0
25/09/2019;03:45;0;0;0
25/09/2019;04:00;2;1;1
25/09/2019;04:15;0;0;0
25/09/2019;04:30;5;4;1
25/09/2019;04:45;2;1;1
25/09/2019;05:00;0;0;0
25/09/2019;05:15;13;5;8
25/09/2019;05:30;29;21;8
25/09/2019;05:45;33;29;4
25/09/2019;06:00;26;15;11
25/09/2019;06:15;45;30;15
25/09/2019;06:30;67;40;27
25/09/2019;06:45;97;66;31
25/09/2019;07:00;100;55;45
25/09/2019;07:15;230;158;72
25/09/2019;07:30;499;313;186
25/09/2019;07:45;306;198;108
25/09/2019;08:00;224;122;102
25/09/2019;08:15;238;157;81
25/09/2019;08:30;258;154;104
25/09/2019;08:45;228;151;77
25/09/2019;09:00;188;106;82
25/09/2019;09:15;220;154;66
25/09/2019;09:30;168;113;55
25/09/2019;09:45;178;104;74
25/09/2019;10:00;145;88;57
25/09/2019;10:15;134;74;60
25/09/2019;10:30;152;78;74
25/09/2019;10:45;163;92;71
25/09/2019;11:00;196;107;89
25/09/2019;11:15;156;79;77
25/09/2019;11:30;153;74;79
25/09/2019;11:45;167;86;81
25/09/2019;12:00;177;85;92
25/09/2019;12:15;249;96;153
25/09/2019;12:30;186;68;118
25/09/2019;12:45;179;79;100
25/09/2019;13:00;347;129;218
25/09/2019;13:15;214;109;105
25/09/2019;13:30;179;78;101
25/09/2019;13:45;204;121;83
25/09/2019;14:00;201;80;121
25/09/2019;14:15;198;112;86
25/09/2019;14:30;156;79;77
25/09/2019;14:45;204;119;85
25/09/2019;15:00;213;118;95
25/09/2019;15:15;241;142;99
25/09/2019;15:30;323;99;224
25/09/2019;15:45;244;109;135
25/09/2019;16:00;213;105;108
25/09/2019;16:15;255;127;128
25/09/2019;16:30;248;134;114
25/09/2019;16:45;277;137;140
25/09/2019;17:00;281;124;157
25/09/2019;17:15;255;132;123
25/09/2019;17:30;258;125;133
25/09/2019;17:45;322;134;188
25/09/2019;18:00;259;116;143
25/09/2019;18:15;234;110;124
25/09/2019;18:30;212;100;112
25/09/2019;18:45;237;106;131
25/09/2019;19:00;184;100;84
25/09/2019;19:15;190;98;92
25/09/2019;19:30;132;64;68
25/09/2019;19:45;139;64;75
25/09/2019;20:00;137;69;68
25/09/2019;20:15;137;65;72
25/09/2019;20:30;98;46;52
25/09/2019;20:45;89;33;56
25/09/2019;21:00;92;40;52
25/09/2019;21:15;84;28;56
25/09/2019;21:30;83;35;48
25/09/2019;21:45;68;25;43
25/09/2019;22:00;72;17;55
25/09/2019;22:15;63;14;49
25/09/2019;22:30;67;27;40
25/09/2019;22:45;63;17;46
25/09/2019;23:00;48;20;28
25/09/2019;23:15;50;9;41
25/09/2019;23:30;54;21;33
25/09/2019;23:45;30;8;22
26/09/2019;00:00;32;16;16
26/09/2019;00:15;20;5;15
26/09/2019;00:30;14;1;13
26/09/2019;00:45;11;0;11
26/09/2019;01:00;20;2;18
26/09/2019;01:15;24;6;18
26/09/2019;01:30;11;2;9
26/09/2019;01:45;6;0;6
26/09/2019;02:00;5;2;3
26/09/2019;02:15;1;0;1
26/09/2019;02:30;5;3;2
26/09/2019;02:45;5;0;5
26/09/2019;03:00;1;0;1
26/09/2019;03:15;3;2;1
26/09/2019;03:30;2;1;1
26/09/2019;03:45;0;0;0
26/09/2019;04:00;1;0;1
26/09/2019;04:15;1;1;0
26/09/2019;04:30;5;4;1
26/09/2019;04:45;2;1;1
26/09/2019;05:00;4;4;0
26/09/2019;05:15;5;2;3
26/09/2019;05:30;22;15;7
26/09/2019;05:45;33;29;4
26/09/2019;06:00;34;22;12
26/09/2019;06:15;35;21;14
26/09/2019;06:30;60;37;23
26/09/2019;06:45;74;49;25
26/09/2019;07:00;86;53;33
26/09/2019;07:15;198;137;61
26/09/2019;07:30;444;263;181
26/09/2019;07:45;239;146;93
26/09/2019;08:00;175;103;72
26/09/2019;08:15;205;124;81
26/09/2019;08:30;186;110;76
26/09/2019;08:45;202;125;77
26/09/2019;09:00;135;87;48
26/09/2019;09:15;153;91;62
26/09/2019;09:30;126;84;42
26/09/2019;09:45;127;86;41
26/09/2019;10:00;82;42;40
26/09/2019;10:15;132;73;59
26/09/2019;10:30;116;63;53
26/09/2019;10:45;94;54;40
26/09/2019;11:00;117;67;50
26/09/2019;11:15;125;69;56
26/09/2019;11:30;108;58;50
26/09/2019;11:45;143;79;64
26/09/2019;12:00;119;61;58
26/09/2019;12:15;136;64;72
26/09/2019;12:30;168;68;100
26/09/2019;12:45;163;71;92
26/09/2019;13:00;306;86;220
26/09/2019;13:15;178;88;90
26/09/2019;13:30;158;78;80
26/09/2019;13:45;191;103;88
26/09/2019;14:00;134;60;74
26/09/2019;14:15;145;77;68
26/09/2019;14:30;170;88;82
26/09/2019;14:45;155;79;76
26/09/2019;15:00;170;99;71
26/09/2019;15:15;197;101;96
26/09/2019;15:30;324;161;163
26/09/2019;15:45;293;172;121
26/09/2019;16:00;207;109;98
26/09/2019;16:15;259;137;122
26/09/2019;16:30;227;103;124
26/09/2019;16:45;277;150;127
26/09/2019;17:00;245;107;138
26/09/2019;17:15;315;130;185
26/09/2019;17:30;279;143;136
26/09/2019;17:45;279;152;127
26/09/2019;18:00;252;104;148
26/09/2019;18:15;230;117;113
26/09/2019;18:30;237;113;124
26/09/2019;18:45;236;114;122
26/09/2019;19:00;158;69;89
26/09/2019;19:15;174;106;68
26/09/2019;19:30;144;70;74
26/09/2019;19:45;159;79;80
26/09/2019;20:00;154;86;68
26/09/2019;20:15;113;58;55
26/09/2019;20:30;82;35;47
26/09/2019;20:45;88;47;41
26/09/2019;21:00;69;19;50
26/09/2019;21:15;70;42;28
26/09/2019;21:30;86;37;49
26/09/2019;21:45;59;22;37
26/09/2019;22:00;87;35;52
26/09/2019;22:15;76;28;48
26/09/2019;22:30;67;21;46
26/09/2019;22:45;55;15;40
26/09/2019;23:00;58;12;46
26/09/2019;23:15;45;13;32
26/09/2019;23:30;44;11;33
26/09/2019;23:45;45;14;31
27/09/2019;00:00;29;6;23
27/09/2019;00:15;17;7;10
27/09/2019;00:30;29;5;24
27/09/2019;00:45;15;6;9
27/09/2019;01:00;17;3;14
27/09/2019;01:15;16;5;11
27/09/2019;01:30;11;3;8
27/09/2019;01:45;7;2;5
27/09/2019;02:00;6;1;5
27/09/2019;02:15;4;3;1
27/09/2019;02:30;7;3;4
27/09/2019;02:45;1;0;1
27/09/2019;03:00;2;1;1
27/09/2019;03:15;0;0;0
27/09/2019;03:30;4;3;1
27/09/2019;03:45;2;1;1
27/09/2019;04:00;2;2;0
27/09/2019;04:15;0;0;0
27/09/2019;04:30;5;4;1
27/09/2019;04:45;1;0;1
27/09/2019;05:00;1;1;0
27/09/2019;05:15;12;7;5
27/09/2019;05:30;21;11;10
27/09/2019;05:45;38;32;6
27/09/2019;06:00;24;13;11
27/09/2019;06:15;29;21;8
27/09/2019;06:30;62;42;20
27/09/2019;06:45;82;56;26
27/09/2019;07:00;99;55;44
27/09/2019;07:15;220;150;70
27/09/2019;07:30;486;284;202
27/09/2019;07:45;250;153;97
27/09/2019;08:00;200;124;76
27/09/2019;08:15;226;137;89
27/09/2019;08:30;226;139;87
27/09/2019;08:45;247;142;105
27/09/2019;09:00;208;135;73
27/09/2019;09:15;203;142;61
27/09/2019;09:30;180;119;61
27/09/2019;09:45;187;107;80
27/09/2019;10:00;137;79;58
27/09/2019;10:15;187;122;65
27/09/2019;10:30;179;106;73
27/09/2019;10:45;183;112;71
27/09/2019;11:00;192;108;84
27/09/2019;11:15;211;123;88
27/09/2019;11:30;193;103;90
27/09/2019;11:45;195;98;97
27/09/2019;12:00;199;79;120
27/09/2019;12:15;298;141;157
27/09/2019;12:30;251;122;129
27/09/2019;12:45;256;118;138
27/09/2019;13:00;426;147;279
27/09/2019;13:15;267;134;133
27/09/2019;13:30;260;123;137
27/09/2019;13:45;244;106;138
27/09/2019;14:00;246;119;127
27/09/2019;14:15;257;146;111
27/09/2019;14:30;218;115;103
27/09/2019;14:45;236;113;123
27/09/2019;15:00;297;161;136
27/09/2019;15:15;272;160;112
27/09/2019;15:30;277;146;131
27/09/2019;15:45;303;147;156
27/09/2019;16:00;251;123;128
27/09/2019;16:15;258;136;122
27/09/2019;16:30;233;93;140
27/09/2019;16:45;321;156;165
27/09/2019;17:00;277;122;155
27/09/2019;17:15;262;116;146
27/09/2019;17:30;280;140;140
27/09/2019;17:45;238;136;102
27/09/2019;18:00;232;114;118
27/09/2019;18:15;244;102;142
27/09/2019;18:30;223;120;103
27/09/2019;18:45;229;117;112
27/09/2019;19:00;199;85;114
27/09/2019;19:15;197;83;114
27/09/2019;19:30;148;70;78
27/09/2019;19:45;125;65;60
27/09/2019;20:00;138;69;69
27/09/2019;20:15;124;54;70
27/09/2019;20:30;113;50;63
27/09/2019;20:45;92;51;41
27/09/2019;21:00;84;40;44
27/09/2019;21:15;88;39;49
27/09/2019;21:30;84;31;53
27/09/2019;21:45;77;33;44
27/09/2019;22:00;65;18;47
27/09/2019;22:15;80;22;58
27/09/2019;22:30;56;19;37
27/09/2019;22:45;62;19;43
27/09/2019;23:00;58;24;34
27/09/2019;23:15;64;15;49
27/09/2019;23:30;54;17;37
27/09/2019;23:45;62;9;53
28/09/2019;00:00;43;11;32
28/09/2019;00:15;38;13;25
28/09/2019;00:30;29;10;19
28/09/2019;00:45;31;8;23
28/09/2019;01:00;23;5;18
28/09/2019;01:15;17;2;15
28/09/2019;01:30;27;5;22
28/09/2019;01:45;13;3;10
28/09/2019;02:00;23;9;14
28/09/2019;02:15;16;6;10
28/09/2019;02:30;7;3;4
28/09/2019;02:45;8;1;7
28/09/2019;03:00;6;2;4
28/09/2019;03:15;7;2;5
28/09/2019;03:30;5;3;2
28/09/2019;03:45;4;4;0
28/09/2019;04:00;1;1;0
28/09/2019;04:15;5;3;2
28/09/2019;04:30;3;1;2
28/09/2019;04:45;8;6;2
28/09/2019;05:00;0;0;0
28/09/2019;05:15;5;3;2
28/09/2019;05:30;6;4;2
28/09/2019;05:45;16;9;7
28/09/2019;06:00;8;5;3
28/09/2019;06:15;14;10;4
28/09/2019;06:30;21;17;4
28/09/2019;06:45;18;13;5
28/09/2019;07:00;6;5;1
28/09/2019;07:15;16;10;6
28/09/2019;07:30;35;26;9
28/09/2019;07:45;41;20;21
28/09/2019;08:00;50;28;22
28/09/2019;08:15;42;27;15
28/09/2019;08:30;71;40;31
28/09/2019;08:45;88;51;37
28/09/2019;09:00;79;49;30
28/09/2019;09:15;116;67;49
28/09/2019;09:30;118;79;39
28/09/2019;09:45;172;119;53
28/09/2019;10:00;145;89;56
28/09/2019;10:15;146;87;59
28/09/2019;10:30;137;86;51
28/09/2019;10:45;195;113;82
28/09/2019;11:00;176;78;98
28/09/2019;11:15;187;103;84
28/09/2019;11:30;182;115;67
28/09/2019;11:45;235;139;96
28/09/2019;12:00;182;99;83
28/09/2019;12:15;198;116;82
28/09/2019;12:30;174;110;64
28/09/2019;12:45;217;116;101
28/09/2019;13:00;210;114;96
28/09/2019;13:15;220;138;82
28/09/2019;13:30;182;105;77
28/09/2019;13:45;213;95;118
28/09/2019;14:00;203;114;89
28/09/2019;14:15;219;116;103
28/09/2019;14:30;194;110;84
28/09/2019;14:45;220;107;113
28/09/2019;15:00;231;125;106
28/09/2019;15:15;220;129;91
28/09/2019;15:30;189;93;96
28/09/2019;15:45;205;100;105
28/09/2019;16:00;194;90;104
28/09/2019;16:15;200;107;93
28/09/2019;16:30;212;94;118
28/09/2019;16:45;238;130;108
28/09/2019;17:00;230;86;144
28/09/2019;17:15;192;74;118
28/09/2019;17:30;227;100;127
28/09/2019;17:45;226;114;112
28/09/2019;18:00;211;73;138
28/09/2019;18:15;213;107;106
28/09/2019;18:30;165;85;80
28/09/2019;18:45;174;88;86
28/09/2019;19:00;148;69;79
28/09/2019;19:15;166;89;77
28/09/2019;19:30;132;71;61
28/09/2019;19:45;147;72;75
28/09/2019;20:00;95;40;55
28/09/2019;20:15;125;58;67
28/09/2019;20:30;114;45;69
28/09/2019;20:45;89;45;44
28/09/2019;21:00;70;36;34
28/09/2019;21:15;82;39;43
28/09/2019;21:30;76;34;42
28/09/2019;21:45;56;23;33
28/09/2019;22:00;59;35;24
28/09/2019;22:15;55;14;41
28/09/2019;22:30;60;21;39
28/09/2019;22:45;43;15;28
28/09/2019;23:00;64;28;36
28/09/2019;23:15;56;21;35
28/09/2019;23:30;47;17;30
28/09/2019;23:45;38;9;29
29/09/2019;00:00;59;23;36
29/09/2019;00:15;43;14;29
29/09/2019;00:30;51;9;42
29/09/2019;00:45;27;6;21
29/09/2019;01:00;31;8;23
29/09/2019;01:15;32;10;22
29/09/2019;01:30;35;11;24
29/09/2019;01:45;27;5;22
29/09/2019;02:00;21;6;15
29/09/2019;02:15;15;2;13
29/09/2019;02:30;12;2;10
29/09/2019;02:45;29;2;27
29/09/2019;03:00;17;4;13
29/09/2019;03:15;16;4;12
29/09/2019;03:30;20;6;14
29/09/2019;03:45;5;1;4
29/09/2019;04:00;7;5;2
29/09/2019;04:15;6;2;4
29/09/2019;04:30;5;2;3
29/09/2019;04:45;6;2;4
29/09/2019;05:00;0;0;0
29/09/2019;05:15;4;2;2
29/09/2019;05:30;5;2;3
29/09/2019;05:45;15;9;6
29/09/2019;06:00;7;6;1
29/09/2019;06:15;9;6;3
29/09/2019;06:30;10;7;3
29/09/2019;06:45;15;9;6
29/09/2019;07:00;10;6;4
29/09/2019;07:15;8;7;1
29/09/2019;07:30;22;13;9
29/09/2019;07:45;17;9;8
29/09/2019;08:00;14;9;5
29/09/2019;08:15;29;15;14
29/09/2019;08:30;24;13;11
29/09/2019;08:45;42;29;13
29/09/2019;09:00;53;27;26
29/09/2019;09:15;44;25;19
29/09/2019;09:30;73;43;30
29/09/2019;09:45;124;87;37
29/09/2019;10:00;102;58;44
29/09/2019;10:15;113;68;45
29/09/2019;10:30;108;55;53
29/09/2019;10:45;177;109;68
29/09/2019;11:00;118;65;53
29/09/2019;11:15;142;60;82
29/09/2019;11:30;154;84;70
29/09/2019;11:45;157;80;77
29/09/2019;12:00;136;61;75
29/09/2019;12:15;192;90;102
29/09/2019;12:30;175;96;79
29/09/2019;12:45;165;97;68
29/09/2019;13:00;157;91;66
29/09/2019;13:15;160;90;70
29/09/2019;13:30;176;107;69
29/09/2019;13:45;228;122;106
29/09/2019;14:00;179;92;87
29/09/2019;14:15;188;116;72
29/09/2019;14:30;207;98;109
29/09/2019;14:45;221;133;88
29/09/2019;15:00;266;126;140
29/09/2019;15:15;238;120;118
29/09/2019;15:30;201;91;110
29/09/2019;15:45;238;130;108
29/09/2019;16:00;223;100;123
29/09/2019;16:15;211;101;110
29/09/2019;16:30;219;87;132
29/09/2019;16:45;214;102;112
29/09/2019;17:00;216;112;104
29/09/2019;17:15;184;97;87
29/09/2019;17:30;136;60;76
29/09/2019;17:45;228;122;106
29/09/2019;18:00;180;74;106
29/09/2019;18:15;155;71;84
29/09/2019;18:30;190;100;90
29/09/2019;18:45;159;80;79
29/09/2019;19:00;167;90;77
29/09/2019;19:15;128;56;72
29/09/2019;19:30;102;53;49
29/09/2019;19:45;89;33;56
29/09/2019;20:00;100;42;58
29/09/2019;20:15;80;24;56
29/09/2019;20:30;76;37;39
29/09/2019;20:45;56;25;31
29/09/2019;21:00;44;21;23
29/09/2019;21:15;40;12;28
29/09/2019;21:30;38;21;17
29/09/2019;21:45;39;19;20
29/09/2019;22:00;37;14;23
29/09/2019;22:15;49;23;26
29/09/2019;22:30;30;14;16
29/09/2019;22:45;38;9;29
29/09/2019;23:00;18;10;8
29/09/2019;23:15;23;10;13
29/09/2019;23:30;18;9;9
29/09/2019;23:45;14;7;7
30/09/2019;00:00;9;1;8
30/09/2019;00:15;14;7;7
30/09/2019;00:30;6;1;5
30/09/2019;00:45;8;3;5
30/09/2019;01:00;10;5;5
30/09/2019;01:15;8;1;7
30/09/2019;01:30;3;3;0
30/09/2019;01:45;11;5;6
30/09/2019;02:00;3;2;1
30/09/2019;02:15;3;3;0
30/09/2019;02:30;1;1;0
30/09/2019;02:45;0;0;0
30/09/2019;03:00;1;1;0
30/09/2019;03:15;2;1;1
30/09/2019;03:30;0;0;0
30/09/2019;03:45;2;1;1
30/09/2019;04:00;3;1;2
30/09/2019;04:15;1;1;0
30/09/2019;04:30;5;5;0
30/09/2019;04:45;4;2;2
30/09/2019;05:00;5;3;2
30/09/2019;05:15;9;6;3
30/09/2019;05:30;26;18;8
30/09/2019;05:45;32;25;7
30/09/2019;06:00;28;17;11
30/09/2019;06:15;37;25;12
30/09/2019;06:30;68;46;22
30/09/2019;06:45;87;57;30
30/09/2019;07:00;104;59;45
30/09/2019;07:15;255;177;78
30/09/2019;07:30;555;376;179
30/09/2019;07:45;299;185;114
30/09/2019;08:00;204;122;82
30/09/2019;08:15;219;129;90
30/09/2019;08:30;234;130;104
30/09/2019;08:45;265;170;95
30/09/2019;09:00;211;111;100
30/09/2019;09:15;243;164;79
30/09/2019;09:30;210;117;93
30/09/2019;09:45;158;99;59
30/09/2019;10:00;135;77;58
30/09/2019;10:15;160;82;78
30/09/2019;10:30;138;63;75
30/09/2019;10:45;188;125;63
30/09/2019;11:00;182;88;94
30/09/2019;11:15;181;95;86
30/09/2019;11:30;178;86;92
30/09/2019;11:45;160;84;76
30/09/2019;12:00;201;104;97
30/09/2019;12:15;191;91;100
30/09/2019;12:30;210;90;120
30/09/2019;12:45;210;117;93
30/09/2019;13:00;376;122;254
30/09/2019;13:15;228;91;137
30/09/2019;13:30;195;123;72
30/09/2019;13:45;274;178;96
30/09/2019;14:00;248;132;116
30/09/2019;14:15;217;109;108
30/09/2019;14:30;197;102;95
30/09/2019;14:45;223;109;114
30/09/2019;15:00;215;105;110
30/09/2019;15:15;269;125;144
30/09/2019;15:30;382;174;208
30/09/2019;15:45;326;183;143
30/09/2019;16:00;263;130;133
30/09/2019;16:15;329;157;172
30/09/2019;16:30;302;141;161
30/09/2019;16:45;335;162;173
30/09/2019;17:00;307;146;161
30/09/2019;17:15;350;169;181
30/09/2019;17:30;298;114;184
30/09/2019;17:45;348;164;184
30/09/2019;18:00;268;107;161
30/09/2019;18:15;275;134;141
30/09/2019;18:30;263;123;140
30/09/2019;18:45;247;123;124
30/09/2019;19:00;220;100;120
30/09/2019;19:15;221;103;118
30/09/2019;19:30;180;88;92
30/09/2019;19:45;153;71;82
30/09/2019;20:00;149;81;68
30/09/2019;20:15;144;69;75
30/09/2019;20:30;114;48;66
30/09/2019;20:45;108;45;63
30/09/2019;21:00;89;34;55
30/09/2019;21:15;98;35;63
30/09/2019;21:30;91;37;54
30/09/2019;21:45;73;28;45
30/09/2019;22:00;61;25;36
30/09/2019;22:15;79;28;51
30/09/2019;22:30;70;31;39
30/09/2019;22:45;53;22;31
30/09/2019;23:00;67;24;43
30/09/2019;23:15;41;6;35
30/09/2019;23:30;34;10;24
30/09/2019;23:45;17;8;9
01/10/2019;00:00;21;6;15
01/10/2019;00:15;15;4;11
01/10/2019;00:30;19;6;13
01/10/2019;00:45;12;1;11
01/10/2019;01:00;13;3;10
01/10/2019;01:15;4;3;1
01/10/2019;01:30;9;1;8
01/10/2019;01:45;6;4;2
01/10/2019;02:00;2;2;0
01/10/2019;02:15;6;2;4
01/10/2019;02:30;0;0;0
01/10/2019;02:45;2;1;1
01/10/2019;03:00;0;0;0
01/10/2019;03:15;0;0;0
01/10/2019;03:30;2;1;1
01/10/2019;03:45;1;0;1
01/10/2019;04:00;3;1;2
01/10/2019;04:15;2;2;0
01/10/2019;04:30;4;3;1
01/10/2019;04:45;4;4;0
01/10/2019;05:00;1;0;1
01/10/2019;05:15;8;6;2
01/10/2019;05:30;14;10;4
01/10/2019;05:45;40;28;12
01/10/2019;06:00;26;16;10
01/10/2019;06:15;44;32;12
01/10/2019;06:30;78;42;36
01/10/2019;06:45;87;59;28
01/10/2019;07:00;102;53;49
01/10/2019;07:15;264;189;75
01/10/2019;07:30;595;391;204
01/10/2019;07:45;430;306;124
01/10/2019;08:00;254;136;118
01/10/2019;08:15;225;130;95
01/10/2019;08:30;261;170;91
01/10/2019;08:45;307;194;113
01/10/2019;09:00;217;151;66
01/10/2019;09:15;300;221;79
01/10/2019;09:30;284;205;79
01/10/2019;09:45;230;126;104
01/10/2019;10:00;203;114;89
01/10/2019;10:15;203;113;90
01/10/2019;10:30;175;99;76
01/10/2019;10:45;199;112;87
01/10/2019;11:00;269;123;146
01/10/2019;11:15;345;152;193
01/10/2019;11:30;252;135;117
01/10/2019;11:45;231;115;116
01/10/2019;12:00;225;95;130
01/10/2019;12:15;267;100;167
01/10/2019;12:30;291;113;178
01/10/2019;12:45;236;103;133
01/10/2019;13:00;427;130;297
01/10/2019;13:15;230;99;131
01/10/2019;13:30;250;121;129
01/10/2019;13:45;330;194;136
01/10/2019;14:00;251;139;112
01/10/2019;14:15;225;105;120
01/10/2019;14:30;249;113;136
01/10/2019;14:45;320;169;151
01/10/2019;15:00;274;137;137
01/10/2019;15:15;271;127;144
01/10/2019;15:30;420;200;220
01/10/2019;15:45;337;162;175
01/10/2019;16:00;329;150;179
01/10/2019;16:15;352;162;190
01/10/2019;16:30;301;148;153
01/10/2019;16:45;343;155;188
01/10/2019;17:00;351;167;184
01/10/2019;17:15;424;208;216
01/10/2019;17:30;364;173;191
01/10/2019;17:45;426;188;238
01/10/2019;18:00;351;141;210
01/10/2019;18:15;325;112;213
01/10/2019;18:30;277;108;169
01/10/2019;18:45;303;125;178
01/10/2019;19:00;203;91;112
01/10/2019;19:15;231;114;117
01/10/2019;19:30;170;84;86
01/10/2019;19:45;168;72;96
01/10/2019;20:00;143;71;72
01/10/2019;20:15;106;43;63
01/10/2019;20:30;128;63;65
01/10/2019;20:45;83;43;40
01/10/2019;21:00;108;45;63
01/10/2019;21:15;99;54;45
01/10/2019;21:30;78;35;43
01/10/2019;21:45;86;33;53
01/10/2019;22:00;75;37;38
01/10/2019;22:15;66;22;44
01/10/2019;22:30;43;10;33
01/10/2019;22:45;55;23;32
01/10/2019;23:00;43;20;23
01/10/2019;23:15;46;7;39
01/10/2019;23:30;19;8;11
01/10/2019;23:45;20;8;12
02/10/2019;00:00;31;9;22
02/10/2019;00:15;16;5;11
02/10/2019;00:30;13;3;10
02/10/2019;00:45;11;3;8
02/10/2019;01:00;11;3;8
02/10/2019;01:15;14;2;12
02/10/2019;01:30;4;0;4
02/10/2019;01:45;12;1;11
02/10/2019;02:00;7;2;5
02/10/2019;02:15;2;0;2
02/10/2019;02:30;1;1;0
02/10/2019;02:45;0;0;0
02/10/2019;03:00;5;2;3
02/10/2019;03:15;0;0;0
02/10/2019;03:30;1;1;0
02/10/2019;03:45;5;1;4
02/10/2019;04:00;3;3;0
02/10/2019;04:15;1;0;1
02/10/2019;04:30;2;2;0
02/10/2019;04:45;6;4;2
02/10/2019;05:00;1;1;0
02/10/2019;05:15;1;1;0
02/10/2019;05:30;16;11;5
02/10/2019;05:45;32;22;10
02/10/2019;06:00;30;19;11
02/10/2019;06:15;43;31;12
02/10/2019;06:30;55;33;22
02/10/2019;06:45;70;48;22
02/10/2019;07:00;100;62;38
02/10/2019;07:15;202;124;78
02/10/2019;07:30;456;270;186
02/10/2019;07:45;425;317;108
02/10/2019;08:00;217;133;84
02/10/2019;08:15;226;135;91
02/10/2019;08:30;234;153;81
02/10/2019;08:45;297;209;88
02/10/2019;09:00;174;117;57
02/10/2019;09:15;159;108;51
02/10/2019;09:30;187;126;61
02/10/2019;09:45;180;98;82
02/10/2019;10:00;128;52;76
02/10/2019;10:15;149;88;61
02/10/2019;10:30;120;62;58
02/10/2019;10:45;156;87;69
02/10/2019;11:00;177;93;84
02/10/2019;11:15;249;102;147
02/10/2019;11:30;179;99;80
02/10/2019;11:45;169;68;101
02/10/2019;12:00;181;77;104
02/10/2019;12:15;234;106;128
02/10/2019;12:30;187;84;103
02/10/2019;12:45;202;91;111
02/10/2019;13:00;352;160;192
02/10/2019;13:15;229;109;120
02/10/2019;13:30;198;109;89
02/10/2019;13:45;286;192;94
02/10/2019;14:00;192;101;91
02/10/2019;14:15;181;84;97
02/10/2019;14:30;190;91;99
02/10/2019;14:45;230;137;93
02/10/2019;15:00;211;114;97
02/10/2019;15:15;227;122;105
02/10/2019;15:30;361;135;226
02/10/2019;15:45;281;135;146
02/10/2019;16:00;240;94;146
02/10/2019;16:15;247;103;144
02/10/2019;16:30;216;109;107
02/10/2019;16:45;216;96;120
02/10/2019;17:00;235;108;127
02/10/2019;17:15;306;130;176
02/10/2019;17:30;239;101;138
02/10/2019;17:45;255;114;141
02/10/2019;18:00;205;74;131
02/10/2019;18:15;209;90;119
02/10/2019;18:30;208;93;115
02/10/2019;18:45;199;88;111
02/10/2019;19:00;198;90;108
02/10/2019;19:15;119;53;66
02/10/2019;19:30;147;74;73
02/10/2019;19:45;132;51;81
02/10/2019;20:00;153;85;68
02/10/2019;20:15;132;65;67
02/10/2019;20:30;92;42;50
02/10/2019;20:45;96;48;48
02/10/2019;21:00;68;38;30
02/10/2019;21:15;73;41;32
02/10/2019;21:30;72;29;43
02/10/2019;21:45;63;38;25
02/10/2019;22:00;74;36;38
02/10/2019;22:15;66;25;41
02/10/2019;22:30;51;13;38
02/10/2019;22:45;63;16;47
02/10/2019;23:00;79;29;50
02/10/2019;23:15;30;10;20
02/10/2019;23:30;26;6;20
02/10/2019;23:45;36;15;21
03/10/2019;00:00;33;9;24
03/10/2019;00:15;40;12;28
03/10/2019;00:30;27;4;23
03/10/2019;00:45;33;11;22
03/10/2019;01:00;31;7;24
03/10/2019;01:15;39;11;28
03/10/2019;01:30;28;11;17
03/10/2019;01:45;19;5;14
03/10/2019;02:00;24;6;18
03/10/2019;02:15;10;2;8
03/10/2019;02:30;13;4;9
03/10/2019;02:45;13;4;9
03/10/2019;03:00;12;4;8
03/10/2019;03:15;19;10;9
03/10/2019;03:30;10;2;8
03/10/2019;03:45;8;0;8
03/10/2019;04:00;3;1;2
03/10/2019;04:15;4;2;2
03/10/2019;04:30;2;0;2
03/10/2019;04:45;5;2;3
03/10/2019;05:00;1;0;1
03/10/2019;05:15;1;1;0
03/10/2019;05:30;5;3;2
03/10/2019;05:45;26;21;5
03/10/2019;06:00;16;14;2
03/10/2019;06:15;12;9;3
03/10/2019;06:30;11;9;2
03/10/2019;06:45;42;34;8
03/10/2019;07:00;24;22;2
03/10/2019;07:15;14;12;2
03/10/2019;07:30;31;26;5
03/10/2019;07:45;43;39;4
03/10/2019;08:00;44;34;10
03/10/2019;08:15;39;19;20
03/10/2019;08:30;38;29;9
03/10/2019;08:45;56;31;25
03/10/2019;09:00;44;28;16
03/10/2019;09:15;62;36;26
03/10/2019;09:30;57;33;24
03/10/2019;09:45;74;27;47
03/10/2019;10:00;67;37;30
03/10/2019;10:15;94;56;38
03/10/2019;10:30;96;62;34
03/10/2019;10:45;74;49;25
03/10/2019;11:00;85;43;42
03/10/2019;11:15;103;56;47
03/10/2019;11:30;107;64;43
03/10/2019;11:45;120;68;52
03/10/2019;12:00;113;69;44
03/10/2019;12:15;109;60;49
03/10/2019;12:30;103;50;53
03/10/2019;12:45;134;82;52
03/10/2019;13:00;102;66;36
03/10/2019;13:15;135;68;67
03/10/2019;13:30;94;49;45
03/10/2019;13:45;160;90;70
03/10/2019;14:00;146;71;75
03/10/2019;14:15;134;79;55
03/10/2019;14:30;165;84;81
03/10/2019;14:45;156;78;78
03/10/2019;15:00;183;100;83
03/10/2019;15:15;160;86;74
03/10/2019;15:30;154;80;74
03/10/2019;15:45;147;92;55
03/10/2019;16:00;149;71;78
03/10/2019;16:15;178;91;87
03/10/2019;16:30;144;62;82
03/10/2019;16:45;182;75;107
03/10/2019;17:00;175;86;89
03/10/2019;17:15;196;85;111
03/10/2019;17:30;189;78;111
03/10/2019;17:45;172;86;86
03/10/2019;18:00;134;66;68
03/10/2019;18:15;142;46;96
03/10/2019;18:30;142;83;59
03/10/2019;18:45;168;56;112
03/10/2019;19:00;148;67;81
03/10/2019;19:15;116;58;58
03/10/2019;19:30;101;63;38
03/10/2019;19:45;108;55;53
03/10/2019;20:00;104;39;65
03/10/2019;20:15;60;25;35
03/10/2019;20:30;79;42;37
03/10/2019;20:45;79;45;34
03/10/2019;21:00;40;23;17
03/10/2019;21:15;50;31;19
03/10/2019;21:30;63;21;42
03/10/2019;21:45;47;12;35
03/10/2019;22:00;54;25;29
03/10/2019;22:15;47;19;28
03/10/2019;22:30;52;20;32
03/10/2019;22:45;39;11;28
03/10/2019;23:00;30;13;17
03/10/2019;23:15;43;5;38
03/10/2019;23:30;42;7;35
03/10/2019;23:45;42;12;30
04/10/2019;00:00;17;2;15
04/10/2019;00:15;31;13;18
04/10/2019;00:30;9;3;6
04/10/2019;00:45;24;9;15
04/10/2019;01:00;22;2;20
04/10/2019;01:15;8;1;7
04/10/2019;01:30;16;5;11
04/10/2019;01:45;15;9;6
04/10/2019;02:00;8;1;7
04/10/2019;02:15;4;2;2
04/10/2019;02:30;3;0;3
04/10/2019;02:45;1;0;1
04/10/2019;03:00;6;3;3
04/10/2019;03:15;3;0;3
04/10/2019;03:30;6;0;6
04/10/2019;03:45;5;0;5
04/10/2019;04:00;2;1;1
04/10/2019;04:15;3;2;1
04/10/2019;04:30;2;1;1
04/10/2019;04:45;2;1;1
04/10/2019;05:00;0;0;0
04/10/2019;05:15;5;4;1
04/10/2019;05:30;14;9;5
04/10/2019;05:45;30;22;8
04/10/2019;06:00;25;23;2
04/10/2019;06:15;26;20;6
04/10/2019;06:30;46;33;13
04/10/2019;06:45;60;38;22
04/10/2019;07:00;43;26;17
04/10/2019;07:15;60;40;20
04/10/2019;07:30;119;79;40
04/10/2019;07:45;189;142;47
04/10/2019;08:00;137;94;43
04/10/2019;08:15;136;96;40
04/10/2019;08:30;158;102;56
04/10/2019;08:45;176;122;54
04/10/2019;09:00;140;93;47
04/10/2019;09:15;122;82;40
04/10/2019;09:30;172;118;54
04/10/2019;09:45;175;102;73
04/10/2019;10:00;153;90;63
04/10/2019;10:15;177;97;80
04/10/2019;10:30;183;97;86
04/10/2019;10:45;169;105;64
04/10/2019;11:00;148;85;63
04/10/2019;11:15;152;94;58
04/10/2019;11:30;176;91;85
04/10/2019;11:45;155;66;89
04/10/2019;12:00;162;76;86
04/10/2019;12:15;134;55;79
04/10/2019;12:30;158;48;110
04/10/2019;12:45;146;52;94
04/10/2019;13:00;157;56;101
04/10/2019;13:15;150;65;85
04/10/2019;13:30;142;66;76
04/10/2019;13:45;134;66;68
04/10/2019;14:00;139;57;82
04/10/2019;14:15;156;76;80
04/10/2019;14:30;155;70;85
04/10/2019;14:45;139;59;80
04/10/2019;15:00;148;75;73
04/10/2019;15:15;124;43;81
04/10/2019;15:30;133;64;69
04/10/2019;15:45;137;69;68
04/10/2019;16:00;157;68;89
04/10/2019;16:15;163;96;67
04/10/2019;16:30;164;82;82
04/10/2019;16:45;162;75;87
04/10/2019;17:00;165;67;98
04/10/2019;17:15;175;68;107
04/10/2019;17:30;163;75;88
04/10/2019;17:45;151;64;87
04/10/2019;18:00;139;70;69
04/10/2019;18:15;150;53;97
04/10/2019;18:30;143;71;72
04/10/2019;18:45;160;87;73
04/10/2019;19:00;132;50;82
04/10/2019;19:15;119;69;50
04/10/2019;19:30;104;54;50
04/10/2019;19:45;110;54;56
04/10/2019;20:00;81;42;39
04/10/2019;20:15;94;43;51
04/10/2019;20:30;77;43;34
04/10/2019;20:45;71;35;36
04/10/2019;21:00;73;31;42
04/10/2019;21:15;71;31;40
04/10/2019;21:30;45;18;27
04/10/2019;21:45;45;24;21
04/10/2019;22:00;60;32;28
04/10/2019;22:15;40;13;27
04/10/2019;22:30;49;14;35
04/10/2019;22:45;49;20;29
04/10/2019;23:00;47;8;39
04/10/2019;23:15;34;10;24
04/10/2019;23:30;33;11;22
04/10/2019;23:45;55;15;40
05/10/2019;00:00;32;5;27
05/10/2019;00:15;36;12;24
05/10/2019;00:30;41;5;36
05/10/2019;00:45;32;10;22
05/10/2019;01:00;18;9;9
05/10/2019;01:15;15;2;13
05/10/2019;01:30;14;2;12
05/10/2019;01:45;19;8;11
05/10/2019;02:00;16;3;13
05/10/2019;02:15;7;3;4
05/10/2019;02:30;12;3;9
05/10/2019;02:45;9;2;7
05/10/2019;03:00;10;6;4
05/10/2019;03:15;10;2;8
05/10/2019;03:30;5;1;4
05/10/2019;03:45;7;3;4
05/10/2019;04:00;6;4;2
05/10/2019;04:15;5;3;2
05/10/2019;04:30;6;5;1
05/10/2019;04:45;3;2;1
05/10/2019;05:00;0;0;0
05/10/2019;05:15;5;3;2
05/10/2019;05:30;8;2;6
05/10/2019;05:45;14;9;5
05/10/2019;06:00;9;7;2
05/10/2019;06:15;6;4;2
05/10/2019;06:30;8;6;2
05/10/2019;06:45;18;10;8
05/10/2019;07:00;17;9;8
05/10/2019;07:15;9;7;2
05/10/2019;07:30;21;16;5
05/10/2019;07:45;36;24;12
05/10/2019;08:00;32;24;8
05/10/2019;08:15;35;25;10
05/10/2019;08:30;45;29;16
05/10/2019;08:45;68;46;22
05/10/2019;09:00;67;39;28
05/10/2019;09:15;69;41;28
05/10/2019;09:30;98;66;32
05/10/2019;09:45;111;75;36
05/10/2019;10:00;105;68;37
05/10/2019;10:15;109;64;45
05/10/2019;10:30;90;56;34
05/10/2019;10:45;127;84;43
05/10/2019;11:00;149;90;59
05/10/2019;11:15;139;80;59
05/10/2019;11:30;133;75;58
05/10/2019;11:45;119;69;50
05/10/2019;12:00;123;56;67
05/10/2019;12:15;132;76;56
05/10/2019;12:30;133;74;59
05/10/2019;12:45;145;93;52
05/10/2019;13:00;99;51;48
05/10/2019;13:15;129;66;63
05/10/2019;13:30;100;52;48
05/10/2019;13:45;137;50;87
05/10/2019;14:00;106;56;50
05/10/2019;14:15;96;41;55
05/10/2019;14:30;101;45;56
05/10/2019;14:45;108;50;58
05/10/2019;15:00;105;36;69
05/10/2019;15:15;93;40;53
05/10/2019;15:30;125;58;67
05/10/2019;15:45;95;45;50
05/10/2019;16:00;74;40;34
05/10/2019;16:15;104;46;58
05/10/2019;16:30;99;36;63
05/10/2019;16:45;109;55;54
05/10/2019;17:00;104;50;54
05/10/2019;17:15;120;61;59
05/10/2019;17:30;111;52;59
05/10/2019;17:45;97;44;53
05/10/2019;18:00;94;40;54
05/10/2019;18:15;76;30;46
05/10/2019;18:30;81;37;44
05/10/2019;18:45;92;40;52
05/10/2019;19:00;74;38;36
05/10/2019;19:15;93;45;48
05/10/2019;19:30;76;41;35
05/10/2019;19:45;65;44;21
05/10/2019;20:00;52;19;33
05/10/2019;20:15;59;22;37
05/10/2019;20:30;47;26;21
05/10/2019;20:45;42;21;21
05/10/2019;21:00;50;28;22
05/10/2019;21:15;39;15;24
05/10/2019;21:30;49;18;31
05/10/2019;21:45;41;25;16
05/10/2019;22:00;38;17;21
05/10/2019;22:15;34;16;18
05/10/2019;22:30;31;14;17
05/10/2019;22:45;35;15;20
05/10/2019;23:00;38;22;16
05/10/2019;23:15;40;13;27
05/10/2019;23:30;39;17;22
05/10/2019;23:45;38;20;18
06/10/2019;00:00;26;6;20
06/10/2019;00:15;27;12;15
06/10/2019;00:30;30;7;23
06/10/2019;00:45;17;1;16
06/10/2019;01:00;23;8;15
06/10/2019;01:15;25;3;22
06/10/2019;01:30;17;4;13
06/10/2019;01:45;12;3;9
06/10/2019;02:00;17;10;7
06/10/2019;02:15;23;4;19
06/10/2019;02:30;8;3;5
06/10/2019;02:45;19;7;12
06/10/2019;03:00;7;4;3
06/10/2019;03:15;7;0;7
06/10/2019;03:30;10;1;9
06/10/2019;03:45;3;3;0
06/10/2019;04:00;5;5;0
06/10/2019;04:15;5;2;3
06/10/2019;04:30;8;4;4
06/10/2019;04:45;6;5;1
06/10/2019;05:00;4;1;3
06/10/2019;05:15;5;2;3
06/10/2019;05:30;4;2;2
06/10/2019;05:45;10;5;5
06/10/2019;06:00;9;6;3
06/10/2019;06:15;5;4;1
06/10/2019;06:30;3;1;2
06/10/2019;06:45;15;14;1
06/10/2019;07:00;8;2;6
06/10/2019;07:15;13;8;5
06/10/2019;07:30;17;15;2
06/10/2019;07:45;21;11;10
06/10/2019;08:00;17;8;9
06/10/2019;08:15;14;9;5
06/10/2019;08:30;15;4;11
06/10/2019;08:45;34;21;13
06/10/2019;09:00;23;13;10
06/10/2019;09:15;32;16;16
06/10/2019;09:30;38;17;21
06/10/2019;09:45;64;37;27
06/10/2019;10:00;30;14;16
06/10/2019;10:15;39;19;20
06/10/2019;10:30;44;22;22
06/10/2019;10:45;65;37;28
06/10/2019;11:00;70;42;28
06/10/2019;11:15;67;37;30
06/10/2019;11:30;79;35;44
06/10/2019;11:45;76;38;38
06/10/2019;12:00;55;29;26
06/10/2019;12:15;61;14;47
06/10/2019;12:30;50;21;29
06/10/2019;12:45;91;48;43
06/10/2019;13:00;89;45;44
06/10/2019;13:15;65;26;39
06/10/2019;13:30;95;42;53
06/10/2019;13:45;78;37;41
06/10/2019;14:00;65;33;32
06/10/2019;14:15;87;41;46
06/10/2019;14:30;69;34;35
06/10/2019;14:45;112;57;55
06/10/2019;15:00;83;50;33
06/10/2019;15:15;88;51;37
06/10/2019;15:30;79;45;34
06/10/2019;15:45;76;41;35
06/10/2019;16:00;97;48;49
06/10/2019;16:15;65;33;32
06/10/2019;16:30;66;34;32
06/10/2019;16:45;92;45;47
06/10/2019;17:00;77;33;44
06/10/2019;17:15;79;34;45
06/10/2019;17:30;90;38;52
06/10/2019;17:45;78;34;44
06/10/2019;18:00;81;34;47
06/10/2019;18:15;78;31;47
06/10/2019;18:30;63;26;37
06/10/2019;18:45;71;31;40
06/10/2019;19:00;60;30;30
06/10/2019;19:15;66;32;34
06/10/2019;19:30;47;16;31
06/10/2019;19:45;48;26;22
06/10/2019;20:00;62;31;31
06/10/2019;20:15;30;14;16
06/10/2019;20:30;17;12;5
06/10/2019;20:45;22;15;7
06/10/2019;21:00;18;12;6
06/10/2019;21:15;22;9;13
06/10/2019;21:30;31;16;15
06/10/2019;21:45;12;3;9
06/10/2019;22:00;34;15;19
06/10/2019;22:15;16;9;7
06/10/2019;22:30;26;8;18
06/10/2019;22:45;17;6;11
06/10/2019;23:00;17;5;12
06/10/2019;23:15;10;5;5
06/10/2019;23:30;6;2;4
06/10/2019;23:45;2;1;1
07/10/2019;00:00;6;2;4
07/10/2019;00:15;7;4;3
07/10/2019;00:30;5;4;1
07/10/2019;00:45;7;5;2
07/10/2019;01:00;4;1;3
07/10/2019;01:15;3;1;2
07/10/2019;01:30;1;1;0
07/10/2019;01:45;5;4;1
07/10/2019;02:00;1;0;1
07/10/2019;02:15;0;0;0
07/10/2019;02:30;0;0;0
07/10/2019;02:45;0;0;0
07/10/2019;03:00;0;0;0
07/10/2019;03:15;2;1;1
07/10/2019;03:30;0;0;0
07/10/2019;03:45;2;1;1
07/10/2019;04:00;1;1;0
07/10/2019;04:15;1;0;1
07/10/2019;04:30;4;4;0
07/10/2019;04:45;6;5;1
07/10/2019;05:00;2;2;0
07/10/2019;05:15;5;4;1
07/10/2019;05:30;20;16;4
07/10/2019;05:45;35;24;11
07/10/2019;06:00;30;19;11
07/10/2019;06:15;31;21;10
07/10/2019;06:30;66;46;20
07/10/2019;06:45;84;53;31
07/10/2019;07:00;101;54;47
07/10/2019;07:15;210;143;67
07/10/2019;07:30;554;376;178
07/10/2019;07:45;387;284;103
07/10/2019;08:00;196;127;69
07/10/2019;08:15;213;120;93
07/10/2019;08:30;241;139;102
07/10/2019;08:45;239;149;90
07/10/2019;09:00;190;123;67
07/10/2019;09:15;227;140;87
07/10/2019;09:30;281;205;76
07/10/2019;09:45;201;124;77
07/10/2019;10:00;151;77;74
07/10/2019;10:15;162;77;85
07/10/2019;10:30;142;81;61
07/10/2019;10:45;161;83;78
07/10/2019;11:00;160;72;88
07/10/2019;11:15;221;126;95
07/10/2019;11:30;184;99;85
07/10/2019;11:45;151;73;78
07/10/2019;12:00;178;83;95
07/10/2019;12:15;206;84;122
07/10/2019;12:30;210;103;107
07/10/2019;12:45;225;131;94
07/10/2019;13:00;436;110;326
07/10/2019;13:15;238;99;139
07/10/2019;13:30;243;141;102
07/10/2019;13:45;291;179;112
07/10/2019;14:00;223;113;110
07/10/2019;14:15;205;117;88
07/10/2019;14:30;229;125;104
07/10/2019;14:45;214;98;116
07/10/2019;15:00;225;101;124
07/10/2019;15:15;269;122;147
07/10/2019;15:30;474;202;272
07/10/2019;15:45;378;152;226
07/10/2019;16:00;291;135;156
07/10/2019;16:15;310;157;153
07/10/2019;16:30;278;130;148
07/10/2019;16:45;316;151;165
07/10/2019;17:00;284;141;143
07/10/2019;17:15;440;182;258
07/10/2019;17:30;269;102;167
07/10/2019;17:45;314;134;180
07/10/2019;18:00;258;115;143
07/10/2019;18:15;282;124;158
07/10/2019;18:30;284;120;164
07/10/2019;18:45;268;131;137
07/10/2019;19:00;222;76;146
07/10/2019;19:15;204;99;105
07/10/2019;19:30;165;72;93
07/10/2019;19:45;133;60;73
07/10/2019;20:00;148;75;73
07/10/2019;20:15;147;65;82
07/10/2019;20:30;121;51;70
07/10/2019;20:45;99;46;53
07/10/2019;21:00;97;37;60
07/10/2019;21:15;90;38;52
07/10/2019;21:30;73;30;43
07/10/2019;21:45;81;32;49
07/10/2019;22:00;67;29;38
07/10/2019;22:15;80;40;40
07/10/2019;22:30;67;17;50
07/10/2019;22:45;49;13;36
07/10/2019;23:00;47;12;35
07/10/2019;23:15;30;10;20
07/10/2019;23:30;23;6;17
07/10/2019;23:45;31;12;19
08/10/2019;00:00;30;6;24
08/10/2019;00:15;22;8;14
08/10/2019;00:30;10;5;5
08/10/2019;00:45;12;6;6
08/10/2019;01:00;14;3;11
08/10/2019;01:15;4;3;1
08/10/2019;01:30;5;3;2
08/10/2019;01:45;8;2;6
08/10/2019;02:00;3;0;3
08/10/2019;02:15;2;1;1
08/10/2019;02:30;10;7;3
08/10/2019;02:45;2;1;1
08/10/2019;03:00;1;0;1
08/10/2019;03:15;4;3;1
08/10/2019;03:30;1;1;0
08/10/2019;03:45;2;0;2
08/10/2019;04:00;5;4;1
08/10/2019;04:15;5;3;2
08/10/2019;04:30;1;1;0
08/10/2019;04:45;2;1;1
08/10/2019;05:00;5;5;0
08/10/2019;05:15;10;7;3
08/10/2019;05:30;24;22;2
08/10/2019;05:45;32;28;4
08/10/2019;06:00;35;24;11
08/10/2019;06:15;40;26;14
08/10/2019;06:30;68;45;23
08/10/2019;06:45;86;53;33
08/10/2019;07:00;108;66;42
08/10/2019;07:15;247;164;83
08/10/2019;07:30;591;385;206
08/10/2019;07:45;468;352;116
08/10/2019;08:00;228;144;84
08/10/2019;08:15;216;127;89
08/10/2019;08:30;254;153;101
08/10/2019;08:45;261;171;90
08/10/2019;09:00;206;135;71
08/10/2019;09:15;262;188;74
08/10/2019;09:30;325;223;102
08/10/2019;09:45;192;126;66
08/10/2019;10:00;110;60;50
08/10/2019;10:15;152;94;58
08/10/2019;10:30;160;77;83
08/10/2019;10:45;161;87;74
08/10/2019;11:00;225;99;126
08/10/2019;11:15;289;158;131
08/10/2019;11:30;211;117;94
08/10/2019;11:45;224;117;107
08/10/2019;12:00;190;66;124
08/10/2019;12:15;224;72;152
08/10/2019;12:30;234;94;140
08/10/2019;12:45;244;88;156
08/10/2019;13:00;383;114;269
08/10/2019;13:15;234;114;120
08/10/2019;13:30;212;103;109
08/10/2019;13:45;325;212;113
08/10/2019;14:00;212;110;102
08/10/2019;14:15;186;91;95
08/10/2019;14:30;188;79;109
08/10/2019;14:45;220;102;118
08/10/2019;15:00;205;97;108
08/10/2019;15:15;254;121;133
08/10/2019;15:30;455;181;274
08/10/2019;15:45;316;147;169
08/10/2019;16:00;288;133;155
08/10/2019;16:15;283;147;136
08/10/2019;16:30;274;136;138
08/10/2019;16:45;309;162;147
08/10/2019;17:00;326;151;175
08/10/2019;17:15;382;156;226
08/10/2019;17:30;335;130;205
08/10/2019;17:45;299;132;167
08/10/2019;18:00;277;124;153
08/10/2019;18:15;314;142;172
08/10/2019;18:30;261;128;133
08/10/2019;18:45;325;147;178
08/10/2019;19:00;246;87;159
08/10/2019;19:15;251;120;131
08/10/2019;19:30;162;68;94
08/10/2019;19:45;167;84;83
08/10/2019;20:00;131;59;72
08/10/2019;20:15;148;51;97
08/10/2019;20:30;109;35;74
08/10/2019;20:45;99;43;56
08/10/2019;21:00;99;34;65
08/10/2019;21:15;124;40;84
08/10/2019;21:30;88;28;60
08/10/2019;21:45;101;32;69
08/10/2019;22:00;85;31;54
08/10/2019;22:15;89;38;51
08/10/2019;22:30;67;20;47
08/10/2019;22:45;45;14;31
08/10/2019;23:00;40;13;27
08/10/2019;23:15;48;16;32
08/10/2019;23:30;39;20;19
08/10/2019;23:45;20;7;13
09/10/2019;00:00;27;14;13
09/10/2019;00:15;12;3;9
09/10/2019;00:30;22;5;17
09/10/2019;00:45;10;5;5
09/10/2019;01:00;12;2;10
09/10/2019;01:15;8;2;6
09/10/2019;01:30;7;1;6
09/10/2019;01:45;8;1;7
09/10/2019;02:00;4;1;3
09/10/2019;02:15;1;1;0
09/10/2019;02:30;5;2;3
09/10/2019;02:45;1;0;1
09/10/2019;03:00;2;0;2
09/10/2019;03:15;3;2;1
09/10/2019;03:30;0;0;0
09/10/2019;03:45;1;0;1
09/10/2019;04:00;2;2;0
09/10/2019;04:15;3;2;1
09/10/2019;04:30;4;4;0
09/10/2019;04:45;5;3;2
09/10/2019;05:00;1;1;0
09/10/2019;05:15;2;1;1
09/10/2019;05:30;17;11;6
09/10/2019;05:45;32;19;13
09/10/2019;06:00;15;11;4
09/10/2019;06:15;30;19;11
09/10/2019;06:30;42;33;9
09/10/2019;06:45;68;47;21
09/10/2019;07:00;56;32;24
09/10/2019;07:15;139;94;45
09/10/2019;07:30;294;173;121
09/10/2019;07:45;287;230;57
09/10/2019;08:00;155;101;54
09/10/2019;08:15;163;93;70
09/10/2019;08:30;127;73;54
09/10/2019;08:45;147;98;49
09/10/2019;09:00;93;57;36
09/10/2019;09:15;123;76;47
09/10/2019;09:30;164;115;49
09/10/2019;09:45;97;56;41
09/10/2019;10:00;67;40;27
09/10/2019;10:15;61;22;39
09/10/2019;10:30;70;44;26
09/10/2019;10:45;65;40;25
09/10/2019;11:00;80;26;54
09/10/2019;11:15;115;40;75
09/10/2019;11:30;67;36;31
09/10/2019;11:45;58;30;28
09/10/2019;12:00;79;32;47
09/10/2019;12:15;117;46;71
09/10/2019;12:30;91;46;45
09/10/2019;12:45;120;53;67
09/10/2019;13:00;214;68;146
09/10/2019;13:15;134;66;68
09/10/2019;13:30;121;59;62
09/10/2019;13:45;168;115;53
09/10/2019;14:00;111;31;80
09/10/2019;14:15;84;36;48
09/10/2019;14:30;79;32;47
09/10/2019;14:45;93;38;55
09/10/2019;15:00;93;52;41
09/10/2019;15:15;102;53;49
09/10/2019;15:30;264;89;175
09/10/2019;15:45;152;61;91
09/10/2019;16:00;108;50;58
09/10/2019;16:15;145;70;75
09/10/2019;16:30;143;56;87
09/10/2019;16:45;181;98;83
09/10/2019;17:00;150;75;75
09/10/2019;17:15;255;124;131
09/10/2019;17:30;198;91;107
09/10/2019;17:45;179;86;93
09/10/2019;18:00;198;96;102
09/10/2019;18:15;138;70;68
09/10/2019;18:30;124;54;70
09/10/2019;18:45;205;86;119
09/10/2019;19:00;151;55;96
09/10/2019;19:15;133;64;69
09/10/2019;19:30;90;42;48
09/10/2019;19:45;128;60;68
09/10/2019;20:00;127;65;62
09/10/2019;20:15;109;45;64
09/10/2019;20:30;75;30;45
09/10/2019;20:45;68;30;38
09/10/2019;21:00;58;18;40
09/10/2019;21:15;64;30;34
09/10/2019;21:30;66;30;36
09/10/2019;21:45;56;23;33
09/10/2019;22:00;47;20;27
09/10/2019;22:15;45;19;26
09/10/2019;22:30;50;19;31
09/10/2019;22:45;39;15;24
09/10/2019;23:00;35;18;17
09/10/2019;23:15;29;10;19
09/10/2019;23:30;26;13;13
09/10/2019;23:45;16;8;8
10/10/2019;00:00;25;12;13
10/10/2019;00:15;20;7;13
10/10/2019;00:30;14;7;7
10/10/2019;00:45;6;3;3
10/10/2019;01:00;11;3;8
10/10/2019;01:15;12;0;12
10/10/2019;01:30;7;1;6
10/10/2019;01:45;14;6;8
10/10/2019;02:00;6;3;3
10/10/2019;02:15;2;1;1
10/10/2019;02:30;4;1;3
10/10/2019;02:45;5;3;2
10/10/2019;03:00;1;1;0
10/10/2019;03:15;1;0;1
10/10/2019;03:30;1;1;0
10/10/2019;03:45;0;0;0
10/10/2019;04:00;1;1;0
10/10/2019;04:15;3;1;2
10/10/2019;04:30;2;1;1
10/10/2019;04:45;4;4;0
10/10/2019;05:00;0;0;0
10/10/2019;05:15;8;5;3
10/10/2019;05:30;16;12;4
10/10/2019;05:45;34;25;9
10/10/2019;06:00;33;19;14
10/10/2019;06:15;36;28;8
10/10/2019;06:30;61;40;21
10/10/2019;06:45;81;53;28
10/10/2019;07:00;103;57;46
10/10/2019;07:15;224;147;77
10/10/2019;07:30;531;326;205
10/10/2019;07:45;402;303;99
10/10/2019;08:00;215;136;79
10/10/2019;08:15;231;137;94
10/10/2019;08:30;223;125;98
10/10/2019;08:45;251;173;78
10/10/2019;09:00;181;124;57
10/10/2019;09:15;239;164;75
10/10/2019;09:30;252;181;71
10/10/2019;09:45;161;99;62
10/10/2019;10:00;146;75;71
10/10/2019;10:15;135;85;50
10/10/2019;10:30;147;101;46
10/10/2019;10:45;157;73;84
10/10/2019;11:00;172;83;89
10/10/2019;11:15;243;127;116
10/10/2019;11:30;185;88;97
10/10/2019;11:45;173;87;86
10/10/2019;12:00;164;70;94
10/10/2019;12:15;226;120;106
10/10/2019;12:30;184;70;114
10/10/2019;12:45;221;97;124
10/10/2019;13:00;375;102;273
10/10/2019;13:15;247;115;132
10/10/2019;13:30;192;80;112
10/10/2019;13:45;326;197;129
10/10/2019;14:00;216;97;119
10/10/2019;14:15;176;88;88
10/10/2019;14:30;176;106;70
10/10/2019;14:45;201;93;108
10/10/2019;15:00;225;120;105
10/10/2019;15:15;237;132;105
10/10/2019;15:30;448;189;259
10/10/2019;15:45;321;157;164
10/10/2019;16:00;238;103;135
10/10/2019;16:15;283;142;141
10/10/2019;16:30;288;132;156
10/10/2019;16:45;287;150;137
10/10/2019;17:00;326;115;211
10/10/2019;17:15;371;138;233
10/10/2019;17:30;272;115;157
10/10/2019;17:45;336;149;187
10/10/2019;18:00;305;129;176
10/10/2019;18:15;268;144;124
10/10/2019;18:30;245;111;134
10/10/2019;18:45;288;125;163
10/10/2019;19:00;217;86;131
10/10/2019;19:15;210;100;110
10/10/2019;19:30;161;65;96
10/10/2019;19:45;190;85;105
10/10/2019;20:00;134;61;73
10/10/2019;20:15;129;52;77
10/10/2019;20:30;134;59;75
10/10/2019;20:45;90;33;57
10/10/2019;21:00;72;35;37
10/10/2019;21:15;110;41;69
10/10/2019;21:30;83;33;50
10/10/2019;21:45;66;22;44
10/10/2019;22:00;82;31;51
10/10/2019;22:15;95;26;69
10/10/2019;22:30;82;35;47
10/10/2019;22:45;77;26;51
10/10/2019;23:00;44;16;28
10/10/2019;23:15;43;14;29
10/10/2019;23:30;43;15;28
10/10/2019;23:45;30;12;18
11/10/2019;00:00;31;19;12
11/10/2019;00:15;18;7;11
11/10/2019;00:30;25;6;19
11/10/2019;00:45;18;11;7
11/10/2019;01:00;23;3;20
11/10/2019;01:15;11;6;5
11/10/2019;01:30;9;4;5
11/10/2019;01:45;14;6;8
11/10/2019;02:00;4;1;3
11/10/2019;02:15;3;1;2
11/10/2019;02:30;1;1;0
11/10/2019;02:45;1;0;1
11/10/2019;03:00;5;1;4
11/10/2019;03:15;2;2;0
11/10/2019;03:30;6;3;3
11/10/2019;03:45;1;1;0
11/10/2019;04:00;2;1;1
11/10/2019;04:15;5;4;1
11/10/2019;04:30;5;4;1
11/10/2019;04:45;4;3;1
11/10/2019;05:00;3;3;0
11/10/2019;05:15;6;5;1
11/10/2019;05:30;16;10;6
11/10/2019;05:45;27;21;6
11/10/2019;06:00;35;25;10
11/10/2019;06:15;31;20;11
11/10/2019;06:30;70;44;26
11/10/2019;06:45;76;47;29
11/10/2019;07:00;105;56;49
11/10/2019;07:15;195;124;71
11/10/2019;07:30;564;398;166
11/10/2019;07:45;355;249;106
11/10/2019;08:00;203;127;76
11/10/2019;08:15;231;146;85
11/10/2019;08:30;233;147;86
11/10/2019;08:45;272;181;91
11/10/2019;09:00;195;131;64
11/10/2019;09:15;207;136;71
11/10/2019;09:30;242;140;102
11/10/2019;09:45;191;123;68
11/10/2019;10:00;152;83;69
11/10/2019;10:15;159;99;60
11/10/2019;10:30;206;118;88
11/10/2019;10:45;196;115;81
11/10/2019;11:00;270;101;169
11/10/2019;11:15;278;139;139
11/10/2019;11:30;203;100;103
11/10/2019;11:45;191;89;102
11/10/2019;12:00;235;111;124
11/10/2019;12:15;280;114;166
11/10/2019;12:30;279;141;138
11/10/2019;12:45;300;130;170
11/10/2019;13:00;473;189;284
11/10/2019;13:15;279;115;164
11/10/2019;13:30;274;108;166
11/10/2019;13:45;279;130;149
11/10/2019;14:00;222;103;119
11/10/2019;14:15;266;132;134
11/10/2019;14:30;248;116;132
11/10/2019;14:45;280;144;136
11/10/2019;15:00;237;135;102
11/10/2019;15:15;264;146;118
11/10/2019;15:30;286;128;158
11/10/2019;15:45;290;131;159
11/10/2019;16:00;274;125;149
11/10/2019;16:15;276;131;145
11/10/2019;16:30;270;149;121
11/10/2019;16:45;276;142;134
11/10/2019;17:00;292;117;175
11/10/2019;17:15;258;95;163
11/10/2019;17:30;269;129;140
11/10/2019;17:45;226;98;128
11/10/2019;18:00;235;103;132
11/10/2019;18:15;245;119;126
11/10/2019;18:30;186;93;93
11/10/2019;18:45;235;124;111
11/10/2019;19:00;258;103;155
11/10/2019;19:15;211;102;109
11/10/2019;19:30;156;79;77
11/10/2019;19:45;149;75;74
11/10/2019;20:00;118;59;59
11/10/2019;20:15;101;47;54
11/10/2019;20:30;104;57;47
11/10/2019;20:45;95;38;57
11/10/2019;21:00;71;42;29
11/10/2019;21:15;75;32;43
11/10/2019;21:30;78;41;37
11/10/2019;21:45;88;46;42
11/10/2019;22:00;76;37;39
11/10/2019;22:15;88;47;41
11/10/2019;22:30;64;14;50
11/10/2019;22:45;49;19;30
11/10/2019;23:00;66;23;43
11/10/2019;23:15;43;12;31
11/10/2019;23:30;48;18;30
11/10/2019;23:45;51;21;30
12/10/2019;00:00;48;10;38
12/10/2019;00:15;47;8;39
12/10/2019;00:30;30;11;19
12/10/2019;00:45;27;6;21
12/10/2019;01:00;19;6;13
12/10/2019;01:15;24;6;18
12/10/2019;01:30;29;4;25
12/10/2019;01:45;17;0;17
12/10/2019;02:00;26;8;18
12/10/2019;02:15;15;2;13
12/10/2019;02:30;13;4;9
12/10/2019;02:45;9;3;6
12/10/2019;03:00;14;4;10
12/10/2019;03:15;19;6;13
12/10/2019;03:30;5;4;1
12/10/2019;03:45;7;1;6
12/10/2019;04:00;1;1;0
12/10/2019;04:15;8;4;4
12/10/2019;04:30;2;1;1
12/10/2019;04:45;5;0;5
12/10/2019;05:00;0;0;0
12/10/2019;05:15;7;5;2
12/10/2019;05:30;9;7;2
12/10/2019;05:45;11;5;6
12/10/2019;06:00;14;10;4
12/10/2019;06:15;11;8;3
12/10/2019;06:30;19;12;7
12/10/2019;06:45;24;18;6
12/10/2019;07:00;19;10;9
12/10/2019;07:15;13;9;4
12/10/2019;07:30;34;20;14
12/10/2019;07:45;40;30;10
12/10/2019;08:00;41;25;16
12/10/2019;08:15;59;36;23
12/10/2019;08:30;65;42;23
12/10/2019;08:45;98;74;24
12/10/2019;09:00;75;48;27
12/10/2019;09:15;121;70;51
12/10/2019;09:30;130;76;54
12/10/2019;09:45;177;123;54
12/10/2019;10:00;117;57;60
12/10/2019;10:15;190;116;74
12/10/2019;10:30;168;103;65
12/10/2019;10:45;220;153;67
12/10/2019;11:00;200;114;86
12/10/2019;11:15;190;113;77
12/10/2019;11:30;211;129;82
12/10/2019;11:45;218;117;101
12/10/2019;12:00;235;140;95
12/10/2019;12:15;220;124;96
12/10/2019;12:30;205;100;105
12/10/2019;12:45;187;123;64
12/10/2019;13:00;198;102;96
12/10/2019;13:15;196;95;101
12/10/2019;13:30;205;101;104
12/10/2019;13:45;245;102;143
12/10/2019;14:00;204;109;95
12/10/2019;14:15;252;125;127
12/10/2019;14:30;238;112;126
12/10/2019;14:45;219;130;89
12/10/2019;15:00;204;97;107
12/10/2019;15:15;190;101;89
12/10/2019;15:30;218;113;105
12/10/2019;15:45;189;79;110
12/10/2019;16:00;197;81;116
12/10/2019;16:15;208;101;107
12/10/2019;16:30;196;87;109
12/10/2019;16:45;228;118;110
12/10/2019;17:00;189;81;108
12/10/2019;17:15;218;95;123
12/10/2019;17:30;188;82;106
12/10/2019;17:45;208;97;111
12/10/2019;18:00;208;95;113
12/10/2019;18:15;192;78;114
12/10/2019;18:30;178;67;111
12/10/2019;18:45;174;88;86
12/10/2019;19:00;154;73;81
12/10/2019;19:15;140;72;68
12/10/2019;19:30;116;56;60
12/10/2019;19:45;130;61;69
12/10/2019;20:00;102;51;51
12/10/2019;20:15;107;44;63
12/10/2019;20:30;68;23;45
12/10/2019;20:45;86;52;34
12/10/2019;21:00;75;26;49
12/10/2019;21:15;74;32;42
12/10/2019;21:30;54;23;31
12/10/2019;21:45;59;23;36
12/10/2019;22:00;71;27;44
12/10/2019;22:15;66;32;34
12/10/2019;22:30;63;30;33
12/10/2019;22:45;58;30;28
12/10/2019;23:00;54;16;38
12/10/2019;23:15;73;23;50
12/10/2019;23:30;43;13;30
12/10/2019;23:45;63;21;42
13/10/2019;00:00;37;15;22
13/10/2019;00:15;35;16;19
13/10/2019;00:30;31;12;19
13/10/2019;00:45;32;14;18
13/10/2019;01:00;24;11;13
13/10/2019;01:15;37;15;22
13/10/2019;01:30;24;8;16
13/10/2019;01:45;36;15;21
13/10/2019;02:00;36;8;28
13/10/2019;02:15;19;9;10
13/10/2019;02:30;22;15;7
13/10/2019;02:45;18;3;15
13/10/2019;03:00;11;5;6
13/10/2019;03:15;24;4;20
13/10/2019;03:30;17;6;11
13/10/2019;03:45;19;8;11
13/10/2019;04:00;6;2;4
13/10/2019;04:15;6;4;2
13/10/2019;04:30;5;5;0
13/10/2019;04:45;7;5;2
13/10/2019;05:00;4;1;3
13/10/2019;05:15;8;1;7
13/10/2019;05:30;2;0;2
13/10/2019;05:45;5;3;2
13/10/2019;06:00;9;3;6
13/10/2019;06:15;10;10;0
13/10/2019;06:30;7;7;0
13/10/2019;06:45;13;8;5
13/10/2019;07:00;6;2;4
13/10/2019;07:15;8;5;3
13/10/2019;07:30;13;9;4
13/10/2019;07:45;21;15;6
13/10/2019;08:00;13;5;8
13/10/2019;08:15;18;12;6
13/10/2019;08:30;25;14;11
13/10/2019;08:45;48;27;21
13/10/2019;09:00;37;16;21
13/10/2019;09:15;63;33;30
13/10/2019;09:30;64;31;33
13/10/2019;09:45;99;59;40
13/10/2019;10:00;65;41;24
13/10/2019;10:15;74;36;38
13/10/2019;10:30;104;47;57
13/10/2019;10:45;132;76;56
13/10/2019;11:00;126;74;52
13/10/2019;11:15;130;57;73
13/10/2019;11:30;151;66;85
13/10/2019;11:45;151;94;57
13/10/2019;12:00;198;97;101
13/10/2019;12:15;185;94;91
13/10/2019;12:30;203;122;81
13/10/2019;12:45;195;118;77
13/10/2019;13:00;180;102;78
13/10/2019;13:15;191;106;85
13/10/2019;13:30;253;152;101
13/10/2019;13:45;225;137;88
13/10/2019;14:00;225;120;105
13/10/2019;14:15;223;130;93
13/10/2019;14:30;231;120;111
13/10/2019;14:45;249;128;121
13/10/2019;15:00;195;107;88
13/10/2019;15:15;248;130;118
13/10/2019;15:30;272;141;131
13/10/2019;15:45;269;121;148
13/10/2019;16:00;205;71;134
13/10/2019;16:15;232;100;132
13/10/2019;16:30;253;130;123
13/10/2019;16:45;239;116;123
13/10/2019;17:00;223;94;129
13/10/2019;17:15;219;115;104
13/10/2019;17:30;211;92;119
13/10/2019;17:45;217;75;142
13/10/2019;18:00;251;114;137
13/10/2019;18:15;235;109;126
13/10/2019;18:30;153;68;85
13/10/2019;18:45;162;72;90
13/10/2019;19:00;106;41;65
13/10/2019;19:15;93;40;53
13/10/2019;19:30;102;38;64
13/10/2019;19:45;80;41;39
13/10/2019;20:00;95;46;49
13/10/2019;20:15;70;30;40
13/10/2019;20:30;72;37;35
13/10/2019;20:45;52;20;32
13/10/2019;21:00;34;13;21
13/10/2019;21:15;48;17;31
13/10/2019;21:30;38;15;23
13/10/2019;21:45;37;14;23
13/10/2019;22:00;48;19;29
13/10/2019;22:15;36;14;22
13/10/2019;22:30;49;16;33
13/10/2019;22:45;22;7;15
13/10/2019;23:00;22;8;14
13/10/2019;23:15;19;3;16
13/10/2019;23:30;19;7;12
13/10/2019;23:45;18;6;12
14/10/2019;00:00;9;2;7
14/10/2019;00:15;12;7;5
14/10/2019;00:30;12;8;4
14/10/2019;00:45;10;2;8
14/10/2019;01:00;8;4;4
14/10/2019;01:15;6;3;3
14/10/2019;01:30;4;1;3
14/10/2019;01:45;5;2;3
14/10/2019;02:00;2;2;0
14/10/2019;02:15;2;0;2
14/10/2019;02:30;2;0;2
14/10/2019;02:45;1;1;0
14/10/2019;03:00;3;3;0
14/10/2019;03:15;1;0;1
14/10/2019;03:30;0;0;0
14/10/2019;03:45;3;0;3
14/10/2019;04:00;0;0;0
14/10/2019;04:15;4;4;0
14/10/2019;04:30;3;3;0
14/10/2019;04:45;4;3;1
14/10/2019;05:00;3;3;0
14/10/2019;05:15;3;2;1
14/10/2019;05:30;19;14;5
14/10/2019;05:45;29;20;9
14/10/2019;06:00;39;29;10
14/10/2019;06:15;39;28;11
14/10/2019;06:30;54;35;19
14/10/2019;06:45;107;61;46
14/10/2019;07:00;105;62;43
14/10/2019;07:15;250;180;70
14/10/2019;07:30;553;370;183
14/10/2019;07:45;410;294;116
14/10/2019;08:00;241;142;99
14/10/2019;08:15;252;138;114
14/10/2019;08:30;220;129;91
14/10/2019;08:45;263;157;106
14/10/2019;09:00;180;111;69
14/10/2019;09:15;218;140;78
14/10/2019;09:30;277;180;97
14/10/2019;09:45;195;120;75
14/10/2019;10:00;151;76;75
14/10/2019;10:15;170;97;73
14/10/2019;10:30;138;78;60
14/10/2019;10:45;163;95;68
14/10/2019;11:00;163;82;81
14/10/2019;11:15;265;147;118
14/10/2019;11:30;192;83;109
14/10/2019;11:45;195;105;90
14/10/2019;12:00;182;94;88
14/10/2019;12:15;227;125;102
14/10/2019;12:30;227;90;137
14/10/2019;12:45;249;110;139
14/10/2019;13:00;405;99;306
14/10/2019;13:15;314;141;173
14/10/2019;13:30;263;154;109
14/10/2019;13:45;351;207;144
14/10/2019;14:00;229;121;108
14/10/2019;14:15;237;120;117
14/10/2019;14:30;227;119;108
14/10/2019;14:45;231;115;116
14/10/2019;15:00;265;132;133
14/10/2019;15:15;304;147;157
14/10/2019;15:30;457;195;262
14/10/2019;15:45;396;206;190
14/10/2019;16:00;312;144;168
14/10/2019;16:15;347;166;181
14/10/2019;16:30;370;168;202
14/10/2019;16:45;342;172;170
14/10/2019;17:00;320;143;177
14/10/2019;17:15;455;212;243
14/10/2019;17:30;392;163;229
14/10/2019;17:45;372;179;193
14/10/2019;18:00;277;104;173
14/10/2019;18:15;296;143;153
14/10/2019;18:30;311;147;164
14/10/2019;18:45;320;172;148
14/10/2019;19:00;225;101;124
14/10/2019;19:15;239;115;124
14/10/2019;19:30;167;75;92
14/10/2019;19:45;166;84;82
14/10/2019;20:00;166;82;84
14/10/2019;20:15;165;79;86
14/10/2019;20:30;134;53;81
14/10/2019;20:45;134;53;81
14/10/2019;21:00;114;51;63
14/10/2019;21:15;106;50;56
14/10/2019;21:30;87;38;49
14/10/2019;21:45;87;37;50
14/10/2019;22:00;90;30;60
14/10/2019;22:15;77;40;37
14/10/2019;22:30;64;20;44
14/10/2019;22:45;71;28;43
14/10/2019;23:00;46;18;28
14/10/2019;23:15;31;13;18
14/10/2019;23:30;29;9;20
14/10/2019;23:45;22;5;17
15/10/2019;00:00;34;10;24
15/10/2019;00:15;17;2;15
15/10/2019;00:30;23;6;17
15/10/2019;00:45;16;3;13
15/10/2019;01:00;10;3;7
15/10/2019;01:15;19;4;15
15/10/2019;01:30;16;6;10
15/10/2019;01:45;4;2;2
15/10/2019;02:00;9;3;6
15/10/2019;02:15;3;2;1
15/10/2019;02:30;8;3;5
15/10/2019;02:45;8;7;1
15/10/2019;03:00;5;2;3
15/10/2019;03:15;2;1;1
15/10/2019;03:30;3;1;2
15/10/2019;03:45;3;3;0
15/10/2019;04:00;4;2;2
15/10/2019;04:15;2;2;0
15/10/2019;04:30;6;6;0
15/10/2019;04:45;7;5;2
15/10/2019;05:00;5;3;2
15/10/2019;05:15;9;5;4
15/10/2019;05:30;19;14;5
15/10/2019;05:45;35;27;8
15/10/2019;06:00;29;16;13
15/10/2019;06:15;35;24;11
15/10/2019;06:30;48;28;20
15/10/2019;06:45;86;53;33
15/10/2019;07:00;111;70;41
15/10/2019;07:15;233;140;93
15/10/2019;07:30;512;348;164
15/10/2019;07:45;436;302;134
15/10/2019;08:00;224;127;97
15/10/2019;08:15;235;150;85
15/10/2019;08:30;228;144;84
15/10/2019;08:45;270;187;83
15/10/2019;09:00;222;161;61
15/10/2019;09:15;272;180;92
15/10/2019;09:30;303;216;87
15/10/2019;09:45;201;111;90
15/10/2019;10:00;154;89;65
15/10/2019;10:15;164;88;76
15/10/2019;10:30;141;88;53
15/10/2019;10:45;208;119;89
15/10/2019;11:00;223;115;108
15/10/2019;11:15;298;176;122
15/10/2019;11:30;187;99;88
15/10/2019;11:45;211;114;97
15/10/2019;12:00;198;81;117
15/10/2019;12:15;240;83;157
15/10/2019;12:30;199;88;111
15/10/2019;12:45;274;114;160
15/10/2019;13:00;418;123;295
15/10/2019;13:15;234;121;113
15/10/2019;13:30;223;115;108
15/10/2019;13:45;306;193;113
15/10/2019;14:00;196;101;95
15/10/2019;14:15;230;90;140
15/10/2019;14:30;209;105;104
15/10/2019;14:45;207;116;91
15/10/2019;15:00;210;99;111
15/10/2019;15:15;241;115;126
15/10/2019;15:30;466;177;289
15/10/2019;15:45;302;141;161
15/10/2019;16:00;248;119;129
15/10/2019;16:15;320;175;145
15/10/2019;16:30;337;161;176
15/10/2019;16:45;280;116;164
15/10/2019;17:00;322;150;172
15/10/2019;17:15;375;167;208
15/10/2019;17:30;271;111;160
15/10/2019;17:45;257;110;147
15/10/2019;18:00;198;61;137
15/10/2019;18:15;250;125;125
15/10/2019;18:30;190;66;124
15/10/2019;18:45;207;91;116
15/10/2019;19:00;191;82;109
15/10/2019;19:15;170;58;112
15/10/2019;19:30;118;59;59
15/10/2019;19:45;133;64;69
15/10/2019;20:00;106;31;75
15/10/2019;20:15;86;29;57
15/10/2019;20:30;81;32;49
15/10/2019;20:45;71;28;43
15/10/2019;21:00;74;32;42
15/10/2019;21:15;68;19;49
15/10/2019;21:30;51;18;33
15/10/2019;21:45;58;19;39
15/10/2019;22:00;47;23;24
15/10/2019;22:15;45;17;28
15/10/2019;22:30;47;11;36
15/10/2019;22:45;62;17;45
15/10/2019;23:00;31;10;21
15/10/2019;23:15;21;13;8
15/10/2019;23:30;32;11;21
15/10/2019;23:45;20;9;11
16/10/2019;00:00;22;7;15
16/10/2019;00:15;10;3;7
16/10/2019;00:30;18;5;13
16/10/2019;00:45;7;4;3
16/10/2019;01:00;12;5;7
16/10/2019;01:15;4;2;2
16/10/2019;01:30;4;2;2
16/10/2019;01:45;9;6;3
16/10/2019;02:00;3;0;3
16/10/2019;02:15;4;1;3
16/10/2019;02:30;0;0;0
16/10/2019;02:45;4;1;3
16/10/2019;03:00;0;0;0
16/10/2019;03:15;1;1;0
16/10/2019;03:30;3;1;2
16/10/2019;03:45;3;1;2
16/10/2019;04:00;0;0;0
16/10/2019;04:15;4;1;3
16/10/2019;04:30;3;3;0
16/10/2019;04:45;5;3;2
16/10/2019;05:00;1;1;0
16/10/2019;05:15;8;6;2
16/10/2019;05:30;21;12;9
16/10/2019;05:45;32;22;10
16/10/2019;06:00;34;21;13
16/10/2019;06:15;41;28;13
16/10/2019;06:30;50;28;22
16/10/2019;06:45;97;67;30
16/10/2019;07:00;104;60;44
16/10/2019;07:15;234;153;81
16/10/2019;07:30;536;355;181
16/10/2019;07:45;461;351;110
16/10/2019;08:00;236;155;81
16/10/2019;08:15;250;154;96
16/10/2019;08:30;234;149;85
16/10/2019;08:45;253;160;93
16/10/2019;09:00;221;144;77
16/10/2019;09:15;255;156;99
16/10/2019;09:30;285;189;96
16/10/2019;09:45;222;143;79
16/10/2019;10:00;160;89;71
16/10/2019;10:15;148;87;61
16/10/2019;10:30;169;98;71
16/10/2019;10:45;159;66;93
16/10/2019;11:00;210;88;122
16/10/2019;11:15;276;135;141
16/10/2019;11:30;172;70;102
16/10/2019;11:45;212;113;99
16/10/2019;12:00;231;90;141
16/10/2019;12:15;272;137;135
16/10/2019;12:30;229;109;120
16/10/2019;12:45;243;114;129
16/10/2019;13:00;384;144;240
16/10/2019;13:15;261;139;122
16/10/2019;13:30;214;113;101
16/10/2019;13:45;389;238;151
16/10/2019;14:00;235;122;113
16/10/2019;14:15;257;131;126
16/10/2019;14:30;232;118;114
16/10/2019;14:45;263;137;126
16/10/2019;15:00;224;112;112
16/10/2019;15:15;286;140;146
16/10/2019;15:30;492;173;319
16/10/2019;15:45;379;189;190
16/10/2019;16:00;307;155;152
16/10/2019;16:15;278;135;143
16/10/2019;16:30;311;133;178
16/10/2019;16:45;366;182;184
16/10/2019;17:00;355;158;197
16/10/2019;17:15;395;176;219
16/10/2019;17:30;329;152;177
16/10/2019;17:45;330;142;188
16/10/2019;18:00;360;159;201
16/10/2019;18:15;307;151;156
16/10/2019;18:30;283;131;152
16/10/2019;18:45;280;143;137
16/10/2019;19:00;270;120;150
16/10/2019;19:15;245;137;108
16/10/2019;19:30;204;92;112
16/10/2019;19:45;197;89;108
16/10/2019;20:00;170;89;81
16/10/2019;20:15;152;79;73
16/10/2019;20:30;137;56;81
16/10/2019;20:45;113;33;80
16/10/2019;21:00;99;30;69
16/10/2019;21:15;104;45;59
16/10/2019;21:30;105;36;69
16/10/2019;21:45;110;53;57
16/10/2019;22:00;84;18;66
16/10/2019;22:15;93;23;70
16/10/2019;22:30;71;19;52
16/10/2019;22:45;74;17;57
16/10/2019;23:00;38;13;25
16/10/2019;23:15;39;13;26
16/10/2019;23:30;50;22;28
16/10/2019;23:45;34;4;30
17/10/2019;00:00;32;12;20
17/10/2019;00:15;36;4;32
17/10/2019;00:30;13;5;8
17/10/2019;00:45;26;5;21
17/10/2019;01:00;16;3;13
17/10/2019;01:15;16;0;16
17/10/2019;01:30;6;1;5
17/10/2019;01:45;10;4;6
17/10/2019;02:00;4;2;2
17/10/2019;02:15;5;2;3
17/10/2019;02:30;6;2;4
17/10/2019;02:45;3;2;1
17/10/2019;03:00;1;1;0
17/10/2019;03:15;6;3;3
17/10/2019;03:30;5;3;2
17/10/2019;03:45;0;0;0
17/10/2019;04:00;1;0;1
17/10/2019;04:15;4;2;2
17/10/2019;04:30;9;4;5
17/10/2019;04:45;5;4;1
17/10/2019;05:00;2;1;1
17/10/2019;05:15;7;4;3
17/10/2019;05:30;13;7;6
17/10/2019;05:45;38;31;7
17/10/2019;06:00;33;19;14
17/10/2019;06:15;32;22;10
17/10/2019;06:30;48;33;15
17/10/2019;06:45;78;56;22
17/10/2019;07:00;115;69;46
17/10/2019;07:15;254;167;87
17/10/2019;07:30;543;341;202
17/10/2019;07:45;456;335;121
17/10/2019;08:00;201;116;85
17/10/2019;08:15;234;133;101
17/10/2019;08:30;241;143;98
17/10/2019;08:45;271;189;82
17/10/2019;09:00;179;121;58
17/10/2019;09:15;258;171;87
17/10/2019;09:30;255;167;88
17/10/2019;09:45;204;135;69
17/10/2019;10:00;134;62;72
17/10/2019;10:15;164;106;58
17/10/2019;10:30;135;77;58
17/10/2019;10:45;172;100;72
17/10/2019;11:00;171;76;95
17/10/2019;11:15;288;145;143
17/10/2019;11:30;208;107;101
17/10/2019;11:45;195;79;116
17/10/2019;12:00;197;93;104
17/10/2019;12:15;233;118;115
17/10/2019;12:30;206;86;120
17/10/2019;12:45;249;121;128
17/10/2019;13:00;404;100;304
17/10/2019;13:15;292;104;188
17/10/2019;13:30;240;118;122
17/10/2019;13:45;312;202;110
17/10/2019;14:00;250;131;119
17/10/2019;14:15;194;91;103
17/10/2019;14:30;244;130;114
17/10/2019;14:45;278;134;144
17/10/2019;15:00;238;104;134
17/10/2019;15:15;235;135;100
17/10/2019;15:30;461;190;271
17/10/2019;15:45;370;185;185
17/10/2019;16:00;307;149;158
17/10/2019;16:15;298;167;131
17/10/2019;16:30;311;156;155
17/10/2019;16:45;317;162;155
17/10/2019;17:00;340;151;189
17/10/2019;17:15;455;162;293
17/10/2019;17:30;292;125;167
17/10/2019;17:45;342;176;166
17/10/2019;18:00;293;123;170
17/10/2019;18:15;323;159;164
17/10/2019;18:30;296;138;158
17/10/2019;18:45;304;165;139
17/10/2019;19:00;218;100;118
17/10/2019;19:15;237;134;103
17/10/2019;19:30;214;115;99
17/10/2019;19:45;209;116;93
17/10/2019;20:00;172;88;84
17/10/2019;20:15;147;51;96
17/10/2019;20:30;106;49;57
17/10/2019;20:45;131;64;67
17/10/2019;21:00;80;38;42
17/10/2019;21:15;124;53;71
17/10/2019;21:30;119;42;77
17/10/2019;21:45;112;40;72
17/10/2019;22:00;93;44;49
17/10/2019;22:15;75;33;42
17/10/2019;22:30;90;28;62
17/10/2019;22:45;75;23;52
17/10/2019;23:00;50;11;39
17/10/2019;23:15;71;36;35
17/10/2019;23:30;70;30;40
17/10/2019;23:45;40;10;30
18/10/2019;00:00;37;13;24
18/10/2019;00:15;31;9;22
18/10/2019;00:30;19;1;18
18/10/2019;00:45;22;3;19
18/10/2019;01:00;27;2;25
18/10/2019;01:15;32;1;31
18/10/2019;01:30;21;7;14
18/10/2019;01:45;16;2;14
18/10/2019;02:00;23;2;21
18/10/2019;02:15;14;0;14
18/10/2019;02:30;16;3;13
18/10/2019;02:45;29;4;25
18/10/2019;03:00;23;0;23
18/10/2019;03:15;9;2;7
18/10/2019;03:30;18;5;13
18/10/2019;03:45;5;3;2
18/10/2019;04:00;6;0;6
18/10/2019;04:15;5;2;3
18/10/2019;04:30;3;2;1
18/10/2019;04:45;4;2;2
18/10/2019;05:00;2;2;0
18/10/2019;05:15;10;8;2
18/10/2019;05:30;16;9;7
18/10/2019;05:45;29;24;5
18/10/2019;06:00;28;21;7
18/10/2019;06:15;27;17;10
18/10/2019;06:30;63;39;24
18/10/2019;06:45;77;45;32
18/10/2019;07:00;88;46;42
18/10/2019;07:15;240;174;66
18/10/2019;07:30;515;345;170
18/10/2019;07:45;318;228;90
18/10/2019;08:00;219;138;81
18/10/2019;08:15;171;111;60
18/10/2019;08:30;206;128;78
18/10/2019;08:45;241;155;86
18/10/2019;09:00;217;137;80
18/10/2019;09:15;238;158;80
18/10/2019;09:30;240;170;70
18/10/2019;09:45;241;143;98
18/10/2019;10:00;150;86;64
18/10/2019;10:15;155;96;59
18/10/2019;10:30;163;96;67
18/10/2019;10:45;172;93;79
18/10/2019;11:00;189;100;89
18/10/2019;11:15;218;108;110
18/10/2019;11:30;194;108;86
18/10/2019;11:45;227;92;135
18/10/2019;12:00;157;48;109
18/10/2019;12:15;236;112;124
18/10/2019;12:30;243;121;122
18/10/2019;12:45;258;123;135
18/10/2019;13:00;479;122;357
18/10/2019;13:15;259;110;149
18/10/2019;13:30;214;92;122
18/10/2019;13:45;261;135;126
18/10/2019;14:00;217;116;101
18/10/2019;14:15;209;111;98
18/10/2019;14:30;200;97;103
18/10/2019;14:45;231;130;101
18/10/2019;15:00;226;102;124
18/10/2019;15:15;236;125;111
18/10/2019;15:30;230;103;127
18/10/2019;15:45;266;117;149
18/10/2019;16:00;224;94;130
18/10/2019;16:15;236;100;136
18/10/2019;16:30;227;100;127
18/10/2019;16:45;249;123;126
18/10/2019;17:00;205;93;112
18/10/2019;17:15;255;102;153
18/10/2019;17:30;228;102;126
18/10/2019;17:45;222;113;109
18/10/2019;18:00;204;78;126
18/10/2019;18:15;207;93;114
18/10/2019;18:30;190;78;112
18/10/2019;18:45;247;131;116
18/10/2019;19:00;188;80;108
18/10/2019;19:15;225;110;115
18/10/2019;19:30;156;89;67
18/10/2019;19:45;162;93;69
18/10/2019;20:00;134;58;76
18/10/2019;20:15;130;79;51
18/10/2019;20:30;77;40;37
18/10/2019;20:45;107;46;61
18/10/2019;21:00;79;47;32
18/10/2019;21:15;69;40;29
18/10/2019;21:30;76;33;43
18/10/2019;21:45;76;37;39
18/10/2019;22:00;78;27;51
18/10/2019;22:15;75;39;36
18/10/2019;22:30;69;23;46
18/10/2019;22:45;80;29;51
18/10/2019;23:00;63;15;48
18/10/2019;23:15;64;22;42
18/10/2019;23:30;80;40;40
18/10/2019;23:45;54;30;24
19/10/2019;00:00;70;19;51
19/10/2019;00:15;35;9;26
19/10/2019;00:30;40;12;28
19/10/2019;00:45;43;9;34
19/10/2019;01:00;49;15;34
19/10/2019;01:15;53;13;40
19/10/2019;01:30;38;12;26
19/10/2019;01:45;25;5;20
19/10/2019;02:00;9;1;8
19/10/2019;02:15;8;1;7
19/10/2019;02:30;27;8;19
19/10/2019;02:45;17;6;11
19/10/2019;03:00;17;7;10
19/10/2019;03:15;30;5;25
19/10/2019;03:30;14;2;12
19/10/2019;03:45;11;3;8
19/10/2019;04:00;9;1;8
19/10/2019;04:15;4;0;4
19/10/2019;04:30;5;4;1
19/10/2019;04:45;2;1;1
19/10/2019;05:00;2;1;1
19/10/2019;05:15;6;1;5
19/10/2019;05:30;7;4;3
19/10/2019;05:45;15;14;1
19/10/2019;06:00;9;9;0
19/10/2019;06:15;13;11;2
19/10/2019;06:30;15;10;5
19/10/2019;06:45;16;9;7
19/10/2019;07:00;19;11;8
19/10/2019;07:15;19;13;6
19/10/2019;07:30;27;16;11
19/10/2019;07:45;40;26;14
19/10/2019;08:00;29;18;11
19/10/2019;08:15;35;22;13
19/10/2019;08:30;55;38;17
19/10/2019;08:45;82;54;28
19/10/2019;09:00;45;35;10
19/10/2019;09:15;89;49;40
19/10/2019;09:30;87;58;29
19/10/2019;09:45;121;84;37
19/10/2019;10:00;78;51;27
19/10/2019;10:15;68;40;28
19/10/2019;10:30;78;50;28
19/10/2019;10:45;79;48;31
19/10/2019;11:00;86;45;41
19/10/2019;11:15;84;48;36
19/10/2019;11:30;81;39;42
19/10/2019;11:45;80;34;46
19/10/2019;12:00;81;41;40
19/10/2019;12:15;74;41;33
19/10/2019;12:30;77;39;38
19/10/2019;12:45;91;54;37
19/10/2019;13:00;105;62;43
19/10/2019;13:15;96;47;49
19/10/2019;13:30;83;44;39
19/10/2019;13:45;114;69;45
19/10/2019;14:00;148;90;58
19/10/2019;14:15;134;67;67
19/10/2019;14:30;139;74;65
19/10/2019;14:45;174;98;76
19/10/2019;15:00;190;109;81
19/10/2019;15:15;160;100;60
19/10/2019;15:30;142;78;64
19/10/2019;15:45;168;103;65
19/10/2019;16:00;157;80;77
19/10/2019;16:15;171;92;79
19/10/2019;16:30;162;90;72
19/10/2019;16:45;175;105;70
19/10/2019;17:00;157;65;92
19/10/2019;17:15;186;86;100
19/10/2019;17:30;170;68;102
19/10/2019;17:45;178;77;101
19/10/2019;18:00;167;68;99
19/10/2019;18:15;186;89;97
19/10/2019;18:30;122;54;68
19/10/2019;18:45;129;68;61
19/10/2019;19:00;163;101;62
19/10/2019;19:15;130;71;59
19/10/2019;19:30;115;76;39
19/10/2019;19:45;92;59;33
19/10/2019;20:00;100;61;39
19/10/2019;20:15;77;35;42
19/10/2019;20:30;80;33;47
19/10/2019;20:45;82;44;38
19/10/2019;21:00;62;29;33
19/10/2019;21:15;54;21;33
19/10/2019;21:30;88;42;46
19/10/2019;21:45;110;19;91
19/10/2019;22:00;77;29;48
19/10/2019;22:15;78;26;52
19/10/2019;22:30;56;23;33
19/10/2019;22:45;55;17;38
19/10/2019;23:00;48;12;36
19/10/2019;23:15;46;15;31
19/10/2019;23:30;41;12;29
19/10/2019;23:45;47;16;31
20/10/2019;00:00;61;20;41
20/10/2019;00:15;53;23;30
20/10/2019;00:30;52;16;36
20/10/2019;00:45;39;11;28
20/10/2019;01:00;56;24;32
20/10/2019;01:15;37;12;25
20/10/2019;01:30;16;7;9
20/10/2019;01:45;36;7;29
20/10/2019;02:00;34;20;14
20/10/2019;02:15;33;9;24
20/10/2019;02:30;24;7;17
20/10/2019;02:45;19;4;15
20/10/2019;03:00;29;9;20
20/10/2019;03:15;19;3;16
20/10/2019;03:30;11;1;10
20/10/2019;03:45;18;8;10
20/10/2019;04:00;9;3;6
20/10/2019;04:15;7;4;3
20/10/2019;04:30;11;10;1
20/10/2019;04:45;5;2;3
20/10/2019;05:00;3;0;3
20/10/2019;05:15;10;6;4
20/10/2019;05:30;4;1;3
20/10/2019;05:45;8;4;4
20/10/2019;06:00;9;5;4
20/10/2019;06:15;19;16;3
20/10/2019;06:30;11;7;4
20/10/2019;06:45;13;10;3
20/10/2019;07:00;4;4;0
20/10/2019;07:15;6;2;4
20/10/2019;07:30;8;6;2
20/10/2019;07:45;19;10;9
20/10/2019;08:00;16;8;8
20/10/2019;08:15;22;11;11
20/10/2019;08:30;20;8;12
20/10/2019;08:45;41;24;17
20/10/2019;09:00;21;14;7
20/10/2019;09:15;52;30;22
20/10/2019;09:30;60;36;24
20/10/2019;09:45;97;71;26
20/10/2019;10:00;76;51;25
20/10/2019;10:15;138;117;21
20/10/2019;10:30;166;138;28
20/10/2019;10:45;188;148;40
20/10/2019;11:00;155;127;28
20/10/2019;11:15;142;116;26
20/10/2019;11:30;162;112;50
20/10/2019;11:45;171;134;37
20/10/2019;12:00;152;106;46
20/10/2019;12:15;211;118;93
20/10/2019;12:30;199;113;86
20/10/2019;12:45;191;75;116
20/10/2019;13:00;175;91;84
20/10/2019;13:15;204;96;108
20/10/2019;13:30;204;89;115
20/10/2019;13:45;217;73;144
20/10/2019;14:00;209;86;123
20/10/2019;14:15;206;100;106
20/10/2019;14:30;225;107;118
20/10/2019;14:45;211;94;117
20/10/2019;15:00;269;122;147
20/10/2019;15:15;240;133;107
20/10/2019;15:30;200;137;63
20/10/2019;15:45;276;156;120
20/10/2019;16:00;204;110;94
20/10/2019;16:15;259;135;124
20/10/2019;16:30;206;91;115
20/10/2019;16:45;193;69;124
20/10/2019;17:00;183;66;117
20/10/2019;17:15;249;100;149
20/10/2019;17:30;288;76;212
20/10/2019;17:45;246;92;154
20/10/2019;18:00;206;89;117
20/10/2019;18:15;118;56;62
20/10/2019;18:30;125;50;75
20/10/2019;18:45;95;54;41
20/10/2019;19:00;108;51;57
20/10/2019;19:15;103;45;58
20/10/2019;19:30;77;27;50
20/10/2019;19:45;86;36;50
20/10/2019;20:00;89;31;58
20/10/2019;20:15;84;28;56
20/10/2019;20:30;70;26;44
20/10/2019;20:45;62;20;42
20/10/2019;21:00;40;16;24
20/10/2019;21:15;33;11;22
20/10/2019;21:30;42;18;24
20/10/2019;21:45;48;14;34
20/10/2019;22:00;40;13;27
20/10/2019;22:15;43;11;32
20/10/2019;22:30;39;9;30
20/10/2019;22:45;21;7;14
20/10/2019;23:00;20;5;15
20/10/2019;23:15;27;9;18
20/10/2019;23:30;20;10;10
20/10/2019;23:45;10;5;5
21/10/2019;00:00;12;4;8
21/10/2019;00:15;17;8;9
21/10/2019;00:30;11;7;4
21/10/2019;00:45;7;3;4
21/10/2019;01:00;6;4;2
21/10/2019;01:15;4;1;3
21/10/2019;01:30;4;1;3
21/10/2019;01:45;1;1;0
21/10/2019;02:00;4;4;0
21/10/2019;02:15;1;1;0
21/10/2019;02:30;0;0;0
21/10/2019;02:45;2;2;0
21/10/2019;03:00;0;0;0
21/10/2019;03:15;3;2;1
21/10/2019;03:30;0;0;0
21/10/2019;03:45;2;1;1
21/10/2019;04:00;1;1;0
21/10/2019;04:15;5;3;2
21/10/2019;04:30;3;2;1
21/10/2019;04:45;5;3;2
21/10/2019;05:00;1;1;0
21/10/2019;05:15;2;1;1
21/10/2019;05:30;19;16;3
21/10/2019;05:45;27;22;5
21/10/2019;06:00;36;27;9
21/10/2019;06:15;34;27;7
21/10/2019;06:30;63;40;23
21/10/2019;06:45;89;62;27
21/10/2019;07:00;90;50;40
21/10/2019;07:15;155;94;61
21/10/2019;07:30;469;331;138
21/10/2019;07:45;303;199;104
21/10/2019;08:00;172;99;73
21/10/2019;08:15;190;104;86
21/10/2019;08:30;189;105;84
21/10/2019;08:45;200;126;74
21/10/2019;09:00;138;84;54
21/10/2019;09:15;181;116;65
21/10/2019;09:30;242;150;92
21/10/2019;09:45;185;106;79
21/10/2019;10:00;119;66;53
21/10/2019;10:15;124;71;53
21/10/2019;10:30;135;92;43
21/10/2019;10:45;105;54;51
21/10/2019;11:00;143;81;62
21/10/2019;11:15;244;132;112
21/10/2019;11:30;129;62;67
21/10/2019;11:45;155;80;75
21/10/2019;12:00;176;89;87
21/10/2019;12:15;177;78;99
21/10/2019;12:30;195;96;99
21/10/2019;12:45;201;84;117
21/10/2019;13:00;341;108;233
21/10/2019;13:15;217;97;120
21/10/2019;13:30;188;115;73
21/10/2019;13:45;272;168;104
21/10/2019;14:00;156;72;84
21/10/2019;14:15;189;93;96
21/10/2019;14:30;184;102;82
21/10/2019;14:45;174;91;83
21/10/2019;15:00;168;80;88
21/10/2019;15:15;216;128;88
21/10/2019;15:30;401;155;246
21/10/2019;15:45;261;149;112
21/10/2019;16:00;238;99;139
21/10/2019;16:15;242;128;114
21/10/2019;16:30;258;117;141
21/10/2019;16:45;259;140;119
21/10/2019;17:00;282;126;156
21/10/2019;17:15;378;168;210
21/10/2019;17:30;256;112;144
21/10/2019;17:45;265;124;141
21/10/2019;18:00;236;86;150
21/10/2019;18:15;186;91;95
21/10/2019;18:30;251;125;126
21/10/2019;18:45;288;146;142
21/10/2019;19:00;252;91;161
21/10/2019;19:15;193;92;101
21/10/2019;19:30;148;66;82
21/10/2019;19:45;175;84;91
21/10/2019;20:00;145;73;72
21/10/2019;20:15;143;66;77
21/10/2019;20:30;131;47;84
21/10/2019;20:45;94;43;51
21/10/2019;21:00;76;23;53
21/10/2019;21:15;101;31;70
21/10/2019;21:30;95;48;47
21/10/2019;21:45;67;34;33
21/10/2019;22:00;66;32;34
21/10/2019;22:15;89;37;52
21/10/2019;22:30;85;28;57
21/10/2019;22:45;52;20;32
21/10/2019;23:00;37;18;19
21/10/2019;23:15;40;13;27
21/10/2019;23:30;19;4;15
21/10/2019;23:45;22;3;19
22/10/2019;00:00;31;13;18
22/10/2019;00:15;25;6;19
22/10/2019;00:30;17;6;11
22/10/2019;00:45;7;4;3
22/10/2019;01:00;9;3;6
22/10/2019;01:15;9;2;7
22/10/2019;01:30;7;0;7
22/10/2019;01:45;2;1;1
22/10/2019;02:00;2;2;0
22/10/2019;02:15;2;2;0
22/10/2019;02:30;1;1;0
22/10/2019;02:45;1;1;0
22/10/2019;03:00;1;0;1
22/10/2019;03:15;6;4;2
22/10/2019;03:30;4;2;2
22/10/2019;03:45;2;2;0
22/10/2019;04:00;3;1;2
22/10/2019;04:15;0;0;0
22/10/2019;04:30;4;2;2
22/10/2019;04:45;1;1;0
22/10/2019;05:00;0;0;0
22/10/2019;05:15;10;7;3
22/10/2019;05:30;23;16;7
22/10/2019;05:45;30;26;4
22/10/2019;06:00;35;27;8
22/10/2019;06:15;40;29;11
22/10/2019;06:30;79;53;26
22/10/2019;06:45;94;70;24
22/10/2019;07:00;112;65;47
22/10/2019;07:15;221;159;62
22/10/2019;07:30;549;349;200
22/10/2019;07:45;512;348;164
22/10/2019;08:00;253;152;101
22/10/2019;08:15;249;135;114
22/10/2019;08:30;226;131;95
22/10/2019;08:45;266;193;73
22/10/2019;09:00;237;152;85
22/10/2019;09:15;285;188;97
22/10/2019;09:30;340;220;120
22/10/2019;09:45;188;113;75
22/10/2019;10:00;147;80;67
22/10/2019;10:15;155;96;59
22/10/2019;10:30;169;95;74
22/10/2019;10:45;164;92;72
22/10/2019;11:00;210;110;100
22/10/2019;11:15;282;161;121
22/10/2019;11:30;179;92;87
22/10/2019;11:45;210;108;102
22/10/2019;12:00;189;86;103
22/10/2019;12:15;248;89;159
22/10/2019;12:30;208;92;116
22/10/2019;12:45;245;110;135
22/10/2019;13:00;401;114;287
22/10/2019;13:15;250;114;136
22/10/2019;13:30;211;84;127
22/10/2019;13:45;365;240;125
22/10/2019;14:00;197;82;115
22/10/2019;14:15;189;97;92
22/10/2019;14:30;183;77;106
22/10/2019;14:45;221;110;111
22/10/2019;15:00;250;110;140
22/10/2019;15:15;251;111;140
22/10/2019;15:30;502;186;316
22/10/2019;15:45;323;170;153
22/10/2019;16:00;242;105;137
22/10/2019;16:15;280;137;143
22/10/2019;16:30;290;144;146
22/10/2019;16:45;316;154;162
22/10/2019;17:00;357;145;212
22/10/2019;17:15;453;237;216
22/10/2019;17:30;274;141;133
22/10/2019;17:45;343;169;174
22/10/2019;18:00;303;136;167
22/10/2019;18:15;274;126;148
22/10/2019;18:30;283;131;152
22/10/2019;18:45;346;167;179
22/10/2019;19:00;279;101;178
22/10/2019;19:15;298;137;161
22/10/2019;19:30;173;87;86
22/10/2019;19:45;200;82;118
22/10/2019;20:00;135;47;88
22/10/2019;20:15;138;66;72
22/10/2019;20:30;135;74;61
22/10/2019;20:45;110;48;62
22/10/2019;21:00;117;55;62
22/10/2019;21:15;107;49;58
22/10/2019;21:30;84;35;49
22/10/2019;21:45;109;39;70
22/10/2019;22:00;121;31;90
22/10/2019;22:15;90;34;56
22/10/2019;22:30;75;22;53
22/10/2019;22:45;58;20;38
22/10/2019;23:00;61;20;41
22/10/2019;23:15;51;18;33
22/10/2019;23:30;44;17;27
22/10/2019;23:45;28;13;15
23/10/2019;00:00;28;11;17
23/10/2019;00:15;24;7;17
23/10/2019;00:30;14;4;10
23/10/2019;00:45;18;5;13
23/10/2019;01:00;17;11;6
23/10/2019;01:15;28;13;15
23/10/2019;01:30;16;5;11
23/10/2019;01:45;4;2;2
23/10/2019;02:00;5;1;4
23/10/2019;02:15;5;4;1
23/10/2019;02:30;10;2;8
23/10/2019;02:45;2;1;1
23/10/2019;03:00;7;3;4
23/10/2019;03:15;2;0;2
23/10/2019;03:30;2;2;0
23/10/2019;03:45;3;3;0
23/10/2019;04:00;0;0;0
23/10/2019;04:15;1;1;0
23/10/2019;04:30;4;3;1
23/10/2019;04:45;4;2;2
23/10/2019;05:00;2;1;1
23/10/2019;05:15;6;3;3
23/10/2019;05:30;22;15;7
23/10/2019;05:45;30;18;12
23/10/2019;06:00;33;21;12
23/10/2019;06:15;44;33;11
23/10/2019;06:30;64;43;21
23/10/2019;06:45;104;76;28
23/10/2019;07:00;97;55;42
23/10/2019;07:15;240;167;73
23/10/2019;07:30;600;404;196
23/10/2019;07:45;505;335;170
23/10/2019;08:00;286;193;93
23/10/2019;08:15;247;147;100
23/10/2019;08:30;222;144;78
23/10/2019;08:45;270;172;98
23/10/2019;09:00;212;127;85
23/10/2019;09:15;240;166;74
23/10/2019;09:30;269;178;91
23/10/2019;09:45;226;137;89
23/10/2019;10:00;123;74;49
23/10/2019;10:15;180;103;77
23/10/2019;10:30;161;91;70
23/10/2019;10:45;162;87;75
23/10/2019;11:00;173;83;90
23/10/2019;11:15;227;107;120
23/10/2019;11:30;186;95;91
23/10/2019;11:45;190;93;97
23/10/2019;12:00;216;99;117
23/10/2019;12:15;208;109;99
23/10/2019;12:30;226;113;113
23/10/2019;12:45;284;101;183
23/10/2019;13:00;462;154;308
23/10/2019;13:15;257;135;122
23/10/2019;13:30;242;123;119
23/10/2019;13:45;321;192;129
23/10/2019;14:00;240;118;122
23/10/2019;14:15;245;137;108
23/10/2019;14:30;210;94;116
23/10/2019;14:45;241;132;109
23/10/2019;15:00;241;114;127
23/10/2019;15:15;263;132;131
23/10/2019;15:30;401;146;255
23/10/2019;15:45;322;143;179
23/10/2019;16:00;269;135;134
23/10/2019;16:15;294;128;166
23/10/2019;16:30;305;134;171
23/10/2019;16:45;363;176;187
23/10/2019;17:00;324;134;190
23/10/2019;17:15;416;204;212
23/10/2019;17:30;340;166;174
23/10/2019;17:45;331;152;179
23/10/2019;18:00;290;120;170
23/10/2019;18:15;308;160;148
23/10/2019;18:30;296;149;147
23/10/2019;18:45;304;164;140
23/10/2019;19:00;263;130;133
23/10/2019;19:15;201;90;111
23/10/2019;19:30;223;118;105
23/10/2019;19:45;225;105;120
23/10/2019;20:00;180;85;95
23/10/2019;20:15;194;78;116
23/10/2019;20:30;169;71;98
23/10/2019;20:45;135;63;72
23/10/2019;21:00;88;38;50
23/10/2019;21:15;83;34;49
23/10/2019;21:30;96;30;66
23/10/2019;21:45;135;53;82
23/10/2019;22:00;123;33;90
23/10/2019;22:15;111;35;76
23/10/2019;22:30;84;26;58
23/10/2019;22:45;63;20;43
23/10/2019;23:00;69;27;42
23/10/2019;23:15;66;25;41
23/10/2019;23:30;62;22;40
23/10/2019;23:45;31;11;20
24/10/2019;00:00;27;12;15
24/10/2019;00:15;29;8;21
24/10/2019;00:30;13;3;10
24/10/2019;00:45;12;3;9
24/10/2019;01:00;18;9;9
24/10/2019;01:15;10;1;9
24/10/2019;01:30;12;2;10
24/10/2019;01:45;8;3;5
24/10/2019;02:00;1;1;0
24/10/2019;02:15;7;5;2
24/10/2019;02:30;8;3;5
24/10/2019;02:45;5;5;0
24/10/2019;03:00;10;6;4
24/10/2019;03:15;6;5;1
24/10/2019;03:30;2;2;0
24/10/2019;03:45;6;6;0
24/10/2019;04:00;7;6;1
24/10/2019;04:15;2;2;0
24/10/2019;04:30;4;2;2
24/10/2019;04:45;3;2;1
24/10/2019;05:00;0;0;0
24/10/2019;05:15;7;5;2
24/10/2019;05:30;23;17;6
24/10/2019;05:45;42;36;6
24/10/2019;06:00;32;23;9
24/10/2019;06:15;43;31;12
24/10/2019;06:30;66;43;23
24/10/2019;06:45;110;76;34
24/10/2019;07:00;101;63;38
24/10/2019;07:15;234;160;74
24/10/2019;07:30;580;386;194
24/10/2019;07:45;522;361;161
24/10/2019;08:00;247;146;101
24/10/2019;08:15;271;173;98
24/10/2019;08:30;245;140;105
24/10/2019;08:45;263;165;98
24/10/2019;09:00;207;141;66
24/10/2019;09:15;227;155;72
24/10/2019;09:30;275;160;115
24/10/2019;09:45;205;131;74
24/10/2019;10:00;116;68;48
24/10/2019;10:15;166;93;73
24/10/2019;10:30;164;100;64
24/10/2019;10:45;143;83;60
24/10/2019;11:00;169;91;78
24/10/2019;11:15;240;127;113
24/10/2019;11:30;175;77;98
24/10/2019;11:45;176;88;88
24/10/2019;12:00;186;81;105
24/10/2019;12:15;221;95;126
24/10/2019;12:30;187;80;107
24/10/2019;12:45;272;111;161
24/10/2019;13:00;419;89;330
24/10/2019;13:15;236;116;120
24/10/2019;13:30;232;101;131
24/10/2019;13:45;328;184;144
24/10/2019;14:00;229;115;114
24/10/2019;14:15;209;113;96
24/10/2019;14:30;210;112;98
24/10/2019;14:45;215;110;105
24/10/2019;15:00;228;105;123
24/10/2019;15:15;246;131;115
24/10/2019;15:30;440;206;234
24/10/2019;15:45;329;179;150
24/10/2019;16:00;312;133;179
24/10/2019;16:15;303;143;160
24/10/2019;16:30;298;125;173
24/10/2019;16:45;289;158;131
24/10/2019;17:00;310;129;181
24/10/2019;17:15;411;175;236
24/10/2019;17:30;323;144;179
24/10/2019;17:45;329;153;176
24/10/2019;18:00;329;136;193
24/10/2019;18:15;305;126;179
24/10/2019;18:30;298;127;171
24/10/2019;18:45;324;179;145
24/10/2019;19:00;214;66;148
24/10/2019;19:15;219;115;104
24/10/2019;19:30;167;81;86
24/10/2019;19:45;206;109;97
24/10/2019;20:00;153;77;76
24/10/2019;20:15;162;52;110
24/10/2019;20:30;111;49;62
24/10/2019;20:45;109;45;64
24/10/2019;21:00;88;34;54
24/10/2019;21:15;115;50;65
24/10/2019;21:30;99;42;57
24/10/2019;21:45;91;23;68
24/10/2019;22:00;89;39;50
24/10/2019;22:15;92;32;60
24/10/2019;22:30;80;20;60
24/10/2019;22:45;94;25;69
24/10/2019;23:00;54;19;35
24/10/2019;23:15;49;18;31
24/10/2019;23:30;43;20;23
24/10/2019;23:45;37;13;24
25/10/2019;00:00;22;8;14
25/10/2019;00:15;31;9;22
25/10/2019;00:30;23;13;10
25/10/2019;00:45;22;11;11
25/10/2019;01:00;26;6;20
25/10/2019;01:15;25;14;11
25/10/2019;01:30;24;18;6
25/10/2019;01:45;18;15;3
25/10/2019;02:00;7;3;4
25/10/2019;02:15;4;1;3
25/10/2019;02:30;3;3;0
25/10/2019;02:45;12;6;6
25/10/2019;03:00;4;2;2
25/10/2019;03:15;3;2;1
25/10/2019;03:30;4;4;0
25/10/2019;03:45;9;6;3
25/10/2019;04:00;1;0;1
25/10/2019;04:15;3;2;1
25/10/2019;04:30;5;5;0
25/10/2019;04:45;3;3;0
25/10/2019;05:00;1;1;0
25/10/2019;05:15;14;5;9
25/10/2019;05:30;14;11;3
25/10/2019;05:45;22;18;4
25/10/2019;06:00;25;16;9
25/10/2019;06:15;33;24;9
25/10/2019;06:30;53;34;19
25/10/2019;06:45;94;55;39
25/10/2019;07:00;108;60;48
25/10/2019;07:15;223;154;69
25/10/2019;07:30;540;360;180
25/10/2019;07:45;384;252;132
25/10/2019;08:00;239;146;93
25/10/2019;08:15;216;151;65
25/10/2019;08:30;228;139;89
25/10/2019;08:45;258;164;94
25/10/2019;09:00;195;118;77
25/10/2019;09:15;211;138;73
25/10/2019;09:30;279;163;116
25/10/2019;09:45;227;133;94
25/10/2019;10:00;176;104;72
25/10/2019;10:15;157;100;57
25/10/2019;10:30;175;110;65
25/10/2019;10:45;170;101;69
25/10/2019;11:00;196;111;85
25/10/2019;11:15;239;140;99
25/10/2019;11:30;191;104;87
25/10/2019;11:45;205;93;112
25/10/2019;12:00;251;120;131
25/10/2019;12:15;284;129;155
25/10/2019;12:30;269;108;161
25/10/2019;12:45;299;127;172
25/10/2019;13:00;495;144;351
25/10/2019;13:15;320;151;169
25/10/2019;13:30;252;114;138
25/10/2019;13:45;266;134;132
25/10/2019;14:00;251;104;147
25/10/2019;14:15;227;123;104
25/10/2019;14:30;258;125;133
25/10/2019;14:45;281;150;131
25/10/2019;15:00;224;103;121
25/10/2019;15:15;243;128;115
25/10/2019;15:30;260;129;131
25/10/2019;15:45;272;127;145
25/10/2019;16:00;243;122;121
25/10/2019;16:15;250;126;124
25/10/2019;16:30;239;118;121
25/10/2019;16:45;241;124;117
25/10/2019;17:00;253;102;151
25/10/2019;17:15;305;143;162
25/10/2019;17:30;215;109;106
25/10/2019;17:45;232;117;115
25/10/2019;18:00;284;131;153
25/10/2019;18:15;258;105;153
25/10/2019;18:30;243;121;122
25/10/2019;18:45;226;107;119
25/10/2019;19:00;206;96;110
25/10/2019;19:15;194;105;89
25/10/2019;19:30;149;63;86
25/10/2019;19:45;113;52;61
25/10/2019;20:00;103;49;54
25/10/2019;20:15;116;49;67
25/10/2019;20:30;92;49;43
25/10/2019;20:45;94;66;28
25/10/2019;21:00;84;28;56
25/10/2019;21:15;72;26;46
25/10/2019;21:30;63;26;37
25/10/2019;21:45;83;29;54
25/10/2019;22:00;67;22;45
25/10/2019;22:15;73;29;44
25/10/2019;22:30;93;35;58
25/10/2019;22:45;58;18;40
25/10/2019;23:00;54;15;39
25/10/2019;23:15;63;15;48
25/10/2019;23:30;55;18;37
25/10/2019;23:45;61;20;41
26/10/2019;00:00;47;15;32
26/10/2019;00:15;45;16;29
26/10/2019;00:30;32;12;20
26/10/2019;00:45;39;9;30
26/10/2019;01:00;26;10;16
26/10/2019;01:15;34;7;27
26/10/2019;01:30;37;11;26
26/10/2019;01:45;17;3;14
26/10/2019;02:00;18;6;12
26/10/2019;02:15;21;13;8
26/10/2019;02:30;15;7;8
26/10/2019;02:45;17;7;10
26/10/2019;03:00;11;3;8
26/10/2019;03:15;9;5;4
26/10/2019;03:30;18;6;12
26/10/2019;03:45;7;3;4
26/10/2019;04:00;6;3;3
26/10/2019;04:15;2;1;1
26/10/2019;04:30;6;4;2
26/10/2019;04:45;8;6;2
26/10/2019;05:00;1;1;0
26/10/2019;05:15;6;3;3
26/10/2019;05:30;10;8;2
26/10/2019;05:45;12;6;6
26/10/2019;06:00;8;6;2
26/10/2019;06:15;13;8;5
26/10/2019;06:30;15;14;1
26/10/2019;06:45;25;15;10
26/10/2019;07:00;17;11;6
26/10/2019;07:15;19;12;7
26/10/2019;07:30;26;21;5
26/10/2019;07:45;34;27;7
26/10/2019;08:00;28;18;10
26/10/2019;08:15;42;20;22
26/10/2019;08:30;63;36;27
26/10/2019;08:45;87;56;31
26/10/2019;09:00;75;44;31
26/10/2019;09:15;89;56;33
26/10/2019;09:30;96;65;31
26/10/2019;09:45;143;94;49
26/10/2019;10:00;110;71;39
26/10/2019;10:15;112;59;53
26/10/2019;10:30;131;85;46
26/10/2019;10:45;155;94;61
26/10/2019;11:00;151;79;72
26/10/2019;11:15;177;105;72
26/10/2019;11:30;153;89;64
26/10/2019;11:45;194;115;79
26/10/2019;12:00;138;85;53
26/10/2019;12:15;167;108;59
26/10/2019;12:30;180;96;84
26/10/2019;12:45;188;101;87
26/10/2019;13:00;191;99;92
26/10/2019;13:15;174;90;84
26/10/2019;13:30;154;99;55
26/10/2019;13:45;148;84;64
26/10/2019;14:00;143;72;71
26/10/2019;14:15;184;98;86
26/10/2019;14:30;176;98;78
26/10/2019;14:45;218;111;107
26/10/2019;15:00;198;96;102
26/10/2019;15:15;164;82;82
26/10/2019;15:30;161;92;69
26/10/2019;15:45;183;93;90
26/10/2019;16:00;176;75;101
26/10/2019;16:15;172;76;96
26/10/2019;16:30;194;76;118
26/10/2019;16:45;189;97;92
26/10/2019;17:00;144;67;77
26/10/2019;17:15;179;75;104
26/10/2019;17:30;160;66;94
26/10/2019;17:45;191;98;93
26/10/2019;18:00;167;58;109
26/10/2019;18:15;165;56;109
26/10/2019;18:30;127;56;71
26/10/2019;18:45;145;78;67
26/10/2019;19:00;96;47;49
26/10/2019;19:15;115;57;58
26/10/2019;19:30;89;50;39
26/10/2019;19:45;128;66;62
26/10/2019;20:00;96;46;50
26/10/2019;20:15;97;42;55
26/10/2019;20:30;49;24;25
26/10/2019;20:45;86;35;51
26/10/2019;21:00;61;31;30
26/10/2019;21:15;52;23;29
26/10/2019;21:30;60;36;24
26/10/2019;21:45;52;21;31
26/10/2019;22:00;45;21;24
26/10/2019;22:15;44;18;26
26/10/2019;22:30;46;19;27
26/10/2019;22:45;69;19;50
26/10/2019;23:00;33;12;21
26/10/2019;23:15;49;16;33
26/10/2019;23:30;54;17;37
26/10/2019;23:45;47;21;26
27/10/2019;00:00;48;12;36
27/10/2019;00:15;47;21;26
27/10/2019;00:30;46;21;25
27/10/2019;00:45;34;11;23
27/10/2019;01:00;31;13;18
27/10/2019;01:15;41;6;35
27/10/2019;01:30;45;12;33
27/10/2019;01:45;18;3;15
27/10/2019;02:00;31;9;22
27/10/2019;02:15;21;8;13
27/10/2019;02:30;24;6;18
27/10/2019;02:45;30;5;25
27/10/2019;03:00;9;3;6
27/10/2019;03:15;17;5;12
27/10/2019;03:30;5;1;4
27/10/2019;03:45;7;3;4
27/10/2019;04:00;3;2;1
27/10/2019;04:15;7;0;7
27/10/2019;04:30;6;2;4
27/10/2019;04:45;5;4;1
27/10/2019;05:00;6;2;4
27/10/2019;05:15;8;6;2
27/10/2019;05:30;2;0;2
27/10/2019;05:45;9;4;5
27/10/2019;06:00;13;11;2
27/10/2019;06:15;8;6;2
27/10/2019;06:30;8;5;3
27/10/2019;06:45;11;9;2
27/10/2019;07:00;13;11;2
27/10/2019;07:15;11;4;7
27/10/2019;07:30;8;6;2
27/10/2019;07:45;25;15;10
27/10/2019;08:00;12;5;7
27/10/2019;08:15;14;6;8
27/10/2019;08:30;15;7;8
27/10/2019;08:45;50;32;18
27/10/2019;09:00;34;11;23
27/10/2019;09:15;44;19;25
27/10/2019;09:30;82;49;33
27/10/2019;09:45;93;58;35
27/10/2019;10:00;65;31;34
27/10/2019;10:15;79;46;33
27/10/2019;10:30;70;35;35
27/10/2019;10:45;88;53;35
27/10/2019;11:00;70;34;36
27/10/2019;11:15;94;50;44
27/10/2019;11:30;82;40;42
27/10/2019;11:45;97;57;40
27/10/2019;12:00;99;42;57
27/10/2019;12:15;121;57;64
27/10/2019;12:30;124;62;62
27/10/2019;12:45;109;49;60
27/10/2019;13:00;112;45;67
27/10/2019;13:15;115;59;56
27/10/2019;13:30;129;70;59
27/10/2019;13:45;120;61;59
27/10/2019;14:00;148;71;77
27/10/2019;14:15;150;65;85
27/10/2019;14:30;128;66;62
27/10/2019;14:45;147;87;60
27/10/2019;15:00;137;73;64
27/10/2019;15:15;133;67;66
27/10/2019;15:30;129;64;65
27/10/2019;15:45;149;78;71
27/10/2019;16:00;173;88;85
27/10/2019;16:15;176;75;101
27/10/2019;16:30;121;55;66
27/10/2019;16:45;159;58;101
27/10/2019;17:00;143;67;76
27/10/2019;17:15;125;73;52
27/10/2019;17:30;112;55;57
27/10/2019;17:45;117;64;53
27/10/2019;18:00;91;36;55
27/10/2019;18:15;98;56;42
27/10/2019;18:30;76;38;38
27/10/2019;18:45;89;53;36
27/10/2019;19:00;61;36;25
27/10/2019;19:15;78;37;41
27/10/2019;19:30;62;25;37
27/10/2019;19:45;65;44;21
27/10/2019;20:00;61;24;37
27/10/2019;20:15;52;22;30
27/10/2019;20:30;49;16;33
27/10/2019;20:45;37;18;19
27/10/2019;21:00;38;21;17
27/10/2019;21:15;52;22;30
27/10/2019;21:30;42;16;26
27/10/2019;21:45;29;8;21
27/10/2019;22:00;37;13;24
27/10/2019;22:15;36;16;20
27/10/2019;22:30;34;14;20
27/10/2019;22:45;24;9;15
27/10/2019;23:00;24;8;16
27/10/2019;23:15;21;6;15
27/10/2019;23:30;12;6;6
27/10/2019;23:45;13;6;7
28/10/2019;00:00;19;4;15
28/10/2019;00:15;6;3;3
28/10/2019;00:30;15;11;4
28/10/2019;00:45;14;4;10
28/10/2019;01:00;5;2;3
28/10/2019;01:15;8;2;6
28/10/2019;01:30;5;0;5
28/10/2019;01:45;7;3;4
28/10/2019;02:00;2;2;0
28/10/2019;02:15;5;3;2
28/10/2019;02:30;1;0;1
28/10/2019;02:45;1;0;1
28/10/2019;03:00;0;0;0
28/10/2019;03:15;2;1;1
28/10/2019;03:30;1;0;1
28/10/2019;03:45;1;0;1
28/10/2019;05:00;3;2;1
28/10/2019;05:15;4;3;1
28/10/2019;05:30;14;9;5
28/10/2019;05:45;30;23;7
28/10/2019;06:00;33;21;12
28/10/2019;06:15;32;24;8
28/10/2019;06:30;38;25;13
28/10/2019;06:45;58;37;21
28/10/2019;07:00;66;46;20
28/10/2019;07:15;63;40;23
28/10/2019;07:30;137;90;47
28/10/2019;07:45;205;130;75
28/10/2019;08:00;138;78;60
28/10/2019;08:15;93;59;34
28/10/2019;08:30;104;54;50
28/10/2019;08:45;115;78;37
28/10/2019;09:00;84;49;35
28/10/2019;09:15;77;51;26
28/10/2019;09:30;187;132;55
28/10/2019;09:45;110;66;44
28/10/2019;10:00;76;54;22
28/10/2019;10:15;80;52;28
28/10/2019;10:30;87;54;33
28/10/2019;10:45;84;43;41
28/10/2019;11:00;97;56;41
28/10/2019;11:15;149;88;61
28/10/2019;11:30;121;60;61
28/10/2019;11:45;83;46;37
28/10/2019;12:00;116;56;60
28/10/2019;12:15;113;55;58
28/10/2019;12:30;123;62;61
28/10/2019;12:45;121;56;65
28/10/2019;13:00;158;80;78
28/10/2019;13:15;95;52;43
28/10/2019;13:30;127;56;71
28/10/2019;13:45;187;110;77
28/10/2019;14:00;139;64;75
28/10/2019;14:15;117;57;60
28/10/2019;14:30;133;66;67
28/10/2019;14:45;114;62;52
28/10/2019;15:00;117;52;65
28/10/2019;15:15;149;73;76
28/10/2019;15:30;205;91;114
28/10/2019;15:45;160;79;81
28/10/2019;16:00;142;62;80
28/10/2019;16:15;179;83;96
28/10/2019;16:30;182;84;98
28/10/2019;16:45;187;84;103
28/10/2019;17:00;211;96;115
28/10/2019;17:15;224;116;108
28/10/2019;17:30;178;79;99
28/10/2019;17:45;179;89;90
28/10/2019;18:00;173;62;111
28/10/2019;18:15;154;59;95
28/10/2019;18:30;159;69;90
28/10/2019;18:45;157;75;82
28/10/2019;19:00;167;45;122
28/10/2019;19:15;153;79;74
28/10/2019;19:30;114;55;59
28/10/2019;19:45;89;40;49
28/10/2019;20:00;104;49;55
28/10/2019;20:15;75;31;44
28/10/2019;20:30;72;35;37
28/10/2019;20:45;86;44;42
28/10/2019;21:00;66;23;43
28/10/2019;21:15;58;23;35
28/10/2019;21:30;68;21;47
28/10/2019;21:45;47;23;24
28/10/2019;22:00;69;32;37
28/10/2019;22:15;49;25;24
28/10/2019;22:30;36;17;19
28/10/2019;22:45;40;20;20
28/10/2019;23:00;24;8;16
28/10/2019;23:15;19;8;11
28/10/2019;23:30;17;11;6
28/10/2019;23:45;21;8;13
29/10/2019;00:00;26;9;17
29/10/2019;00:15;10;0;10
29/10/2019;00:30;7;1;6
29/10/2019;00:45;9;2;7
29/10/2019;01:00;9;4;5
29/10/2019;01:15;5;2;3
29/10/2019;01:30;2;0;2
29/10/2019;01:45;7;3;4
29/10/2019;02:00;7;2;5
29/10/2019;02:15;0;0;0
29/10/2019;02:30;7;2;5
29/10/2019;02:45;0;0;0
29/10/2019;03:00;2;2;0
29/10/2019;03:15;1;0;1
29/10/2019;03:30;0;0;0
29/10/2019;03:45;1;1;0
29/10/2019;04:00;2;0;2
29/10/2019;04:15;3;2;1
29/10/2019;04:30;4;4;0
29/10/2019;04:45;1;1;0
29/10/2019;05:00;1;1;0
29/10/2019;05:15;4;3;1
29/10/2019;05:30;13;6;7
29/10/2019;05:45;23;20;3
29/10/2019;06:00;37;26;11
29/10/2019;06:15;22;16;6
29/10/2019;06:30;34;21;13
29/10/2019;06:45;73;44;29
29/10/2019;07:00;65;37;28
29/10/2019;07:15;76;48;28
29/10/2019;07:30;123;89;34
29/10/2019;07:45;278;204;74
29/10/2019;08:00;150;98;52
29/10/2019;08:15;121;73;48
29/10/2019;08:30;119;69;50
29/10/2019;08:45;159;96;63
29/10/2019;09:00;101;72;29
29/10/2019;09:15;106;70;36
29/10/2019;09:30;220;153;67
29/10/2019;09:45;121;64;57
29/10/2019;10:00;68;41;27
29/10/2019;10:15;73;46;27
29/10/2019;10:30;62;40;22
29/10/2019;10:45;63;35;28
29/10/2019;11:00;58;33;25
29/10/2019;11:15;138;69;69
29/10/2019;11:30;88;37;51
29/10/2019;11:45;86;51;35
29/10/2019;12:00;134;59;75
29/10/2019;12:15;108;54;54
29/10/2019;12:30;106;44;62
29/10/2019;12:45;116;55;61
29/10/2019;13:00;142;59;83
29/10/2019;13:15;106;48;58
29/10/2019;13:30;132;68;64
29/10/2019;13:45;208;123;85
29/10/2019;14:00;108;53;55
29/10/2019;14:15;106;63;43
29/10/2019;14:30;117;57;60
29/10/2019;14:45;126;68;58
29/10/2019;15:00;109;45;64
29/10/2019;15:15;125;56;69
29/10/2019;15:30;221;106;115
29/10/2019;15:45;137;58;79
29/10/2019;16:00;126;58;68
29/10/2019;16:15;143;72;71
29/10/2019;16:30;149;68;81
29/10/2019;16:45;195;95;100
29/10/2019;17:00;173;64;109
29/10/2019;17:15;271;117;154
29/10/2019;17:30;155;63;92
29/10/2019;17:45;167;80;87
29/10/2019;18:00;163;57;106
29/10/2019;18:15;122;52;70
29/10/2019;18:30;109;44;65
29/10/2019;18:45;141;51;90
29/10/2019;19:00;121;51;70
29/10/2019;19:15;108;45;63
29/10/2019;19:30;107;53;54
29/10/2019;19:45;95;50;45
29/10/2019;20:00;114;47;67
29/10/2019;20:15;92;29;63
29/10/2019;20:30;57;25;32
29/10/2019;20:45;59;27;32
29/10/2019;21:00;66;30;36
29/10/2019;21:15;50;25;25
29/10/2019;21:30;52;22;30
29/10/2019;21:45;69;28;41
29/10/2019;22:00;70;26;44
29/10/2019;22:15;51;12;39
29/10/2019;22:30;47;13;34
29/10/2019;22:45;34;10;24
29/10/2019;23:00;42;23;19
29/10/2019;23:15;27;9;18
29/10/2019;23:30;26;12;14
29/10/2019;23:45;14;7;7
30/10/2019;00:00;16;7;9
30/10/2019;00:15;12;5;7
30/10/2019;00:30;6;1;5
30/10/2019;00:45;4;0;4
30/10/2019;01:00;3;0;3
30/10/2019;01:15;5;0;5
30/10/2019;01:30;9;4;5
30/10/2019;01:45;7;4;3
30/10/2019;02:00;6;4;2
30/10/2019;02:15;7;3;4
30/10/2019;02:30;1;0;1
30/10/2019;02:45;5;5;0
30/10/2019;03:00;4;4;0
30/10/2019;03:15;1;1;0
30/10/2019;03:30;1;0;1
30/10/2019;03:45;5;3;2
30/10/2019;04:00;4;2;2
30/10/2019;04:15;4;4;0
30/10/2019;04:30;2;0;2
30/10/2019;04:45;7;3;4
30/10/2019;05:00;5;3;2
30/10/2019;05:15;3;2;1
30/10/2019;05:30;14;9;5
30/10/2019;05:45;31;18;13
30/10/2019;06:00;25;18;7
30/10/2019;06:15;33;22;11
30/10/2019;06:30;31;22;9
30/10/2019;06:45;66;44;22
30/10/2019;07:00;63;39;24
30/10/2019;07:15;54;33;21
30/10/2019;07:30;137;76;61
30/10/2019;07:45;305;216;89
30/10/2019;08:00;153;108;45
30/10/2019;08:15;143;91;52
30/10/2019;08:30;114;75;39
30/10/2019;08:45;168;102;66
30/10/2019;09:00;121;78;43
30/10/2019;09:15;138;89;49
30/10/2019;09:30;231;144;87
30/10/2019;09:45;161;111;50
30/10/2019;10:00;100;63;37
30/10/2019;10:15;121;71;50
30/10/2019;10:30;104;64;40
30/10/2019;10:45;124;73;51
30/10/2019;11:00;96;57;39
30/10/2019;11:15;193;75;118
30/10/2019;11:30;132;69;63
30/10/2019;11:45;142;63;79
30/10/2019;12:00;145;65;80
30/10/2019;12:15;150;74;76
30/10/2019;12:30;128;63;65
30/10/2019;12:45;160;83;77
30/10/2019;13:00;153;68;85
30/10/2019;13:15;141;63;78
30/10/2019;13:30;185;116;69
30/10/2019;13:45;191;121;70
30/10/2019;14:00;115;59;56
30/10/2019;14:15;120;55;65
30/10/2019;14:30;147;62;85
30/10/2019;14:45;120;64;56
30/10/2019;15:00;114;55;59
30/10/2019;15:15;116;50;66
30/10/2019;15:30;182;83;99
30/10/2019;15:45;130;52;78
30/10/2019;16:00;122;44;78
30/10/2019;16:15;150;70;80
30/10/2019;16:30;144;68;76
30/10/2019;16:45;158;64;94
30/10/2019;17:00;170;75;95
30/10/2019;17:15;235;97;138
30/10/2019;17:30;170;90;80
30/10/2019;17:45;159;78;81
30/10/2019;18:00;156;64;92
30/10/2019;18:15;155;69;86
30/10/2019;18:30;144;57;87
30/10/2019;18:45;151;68;83
30/10/2019;19:00;144;57;87
30/10/2019;19:15;124;44;80
30/10/2019;19:30;89;35;54
30/10/2019;19:45;79;32;47
30/10/2019;20:00;88;29;59
30/10/2019;20:15;58;29;29
30/10/2019;20:30;61;25;36
30/10/2019;20:45;45;29;16
30/10/2019;21:00;50;12;38
30/10/2019;21:15;49;32;17
30/10/2019;21:30;58;23;35
30/10/2019;21:45;44;17;27
30/10/2019;22:00;60;15;45
30/10/2019;22:15;50;13;37
30/10/2019;22:30;57;38;19
30/10/2019;22:45;36;12;24
30/10/2019;23:00;20;13;7
30/10/2019;23:15;20;3;17
30/10/2019;23:30;36;18;18
30/10/2019;23:45;22;10;12
31/10/2019;00:00;10;8;2
31/10/2019;00:15;13;2;11
31/10/2019;00:30;15;3;12
31/10/2019;00:45;15;4;11
31/10/2019;01:00;3;1;2
31/10/2019;01:15;14;4;10
31/10/2019;01:30;9;1;8
31/10/2019;01:45;2;0;2
31/10/2019;02:00;5;4;1
31/10/2019;02:15;6;0;6
31/10/2019;02:30;3;1;2
31/10/2019;02:45;1;0;1
31/10/2019;03:00;1;0;1
31/10/2019;03:15;1;1;0
31/10/2019;03:30;2;1;1
31/10/2019;03:45;1;0;1
31/10/2019;04:00;0;0;0
31/10/2019;04:15;0;0;0
31/10/2019;04:30;3;3;0
31/10/2019;04:45;3;1;2
31/10/2019;05:00;1;1;0
31/10/2019;05:15;2;2;0
31/10/2019;05:30;12;6;6
31/10/2019;05:45;23;19;4
31/10/2019;06:00;26;14;12
31/10/2019;06:15;32;23;9
31/10/2019;06:30;38;22;16
31/10/2019;06:45;72;49;23
31/10/2019;07:00;68;41;27
31/10/2019;07:15;72;42;30
31/10/2019;07:30;122;80;42
31/10/2019;07:45;271;195;76
31/10/2019;08:00;145;88;57
31/10/2019;08:15;139;87;52
31/10/2019;08:30;166;92;74
31/10/2019;08:45;199;140;59
31/10/2019;09:00;100;56;44
31/10/2019;09:15;157;107;50
31/10/2019;09:30;280;178;102
31/10/2019;09:45;171;94;77
31/10/2019;10:00;103;62;41
31/10/2019;10:15;120;69;51
31/10/2019;10:30;108;66;42
31/10/2019;10:45;134;74;60
31/10/2019;11:00;126;73;53
31/10/2019;11:15;193;98;95
31/10/2019;11:30;160;78;82
31/10/2019;11:45;151;87;64
31/10/2019;12:00;159;68;91
31/10/2019;12:15;136;62;74
31/10/2019;12:30;155;71;84
31/10/2019;12:45;177;84;93
31/10/2019;13:00;184;71;113
31/10/2019;13:15;148;70;78
31/10/2019;13:30;144;79;65
31/10/2019;13:45;212;120;92
31/10/2019;14:00;162;79;83
31/10/2019;14:15;153;61;92
31/10/2019;14:30;165;79;86
31/10/2019;14:45;153;87;66
31/10/2019;15:00;167;79;88
31/10/2019;15:15;197;96;101
31/10/2019;15:30;253;112;141
31/10/2019;15:45;186;82;104
31/10/2019;16:00;220;103;117
31/10/2019;16:15;193;97;96
31/10/2019;16:30;196;84;112
31/10/2019;16:45;218;98;120
31/10/2019;17:00;229;96;133
31/10/2019;17:15;266;105;161
31/10/2019;17:30;203;109;94
31/10/2019;17:45;198;93;105
31/10/2019;18:00;174;67;107
31/10/2019;18:15;202;106;96
31/10/2019;18:30;167;93;74
31/10/2019;18:45;182;97;85
31/10/2019;19:00;136;46;90
31/10/2019;19:15;130;63;67
31/10/2019;19:30;102;50;52
31/10/2019;19:45;127;62;65
31/10/2019;20:00;127;61;66
31/10/2019;20:15;124;70;54
31/10/2019;20:30;104;60;44
31/10/2019;20:45;100;50;50
31/10/2019;21:00;76;31;45
31/10/2019;21:15;104;49;55
31/10/2019;21:30;66;31;35
31/10/2019;21:45;69;29;40
31/10/2019;22:00;63;42;21
31/10/2019;22:15;71;37;34
31/10/2019;22:30;50;20;30
31/10/2019;22:45;60;20;40
31/10/2019;23:00;80;28;52
31/10/2019;23:15;50;15;35
31/10/2019;23:30;66;24;42
31/10/2019;23:45;61;28;33
01/11/2019;00:00;54;25;29
01/11/2019;00:15;50;14;36
01/11/2019;00:30;48;20;28
01/11/2019;00:45;35;5;30
01/11/2019;01:00;40;15;25
01/11/2019;01:15;50;17;33
01/11/2019;01:30;15;10;5
01/11/2019;01:45;43;14;29
01/11/2019;02:00;32;12;20
01/11/2019;02:15;44;12;32
01/11/2019;02:30;45;19;26
01/11/2019;02:45;26;21;5
01/11/2019;03:00;31;13;18
01/11/2019;03:15;38;16;22
01/11/2019;03:30;41;18;23
01/11/2019;03:45;27;14;13
01/11/2019;04:00;22;16;6
01/11/2019;04:15;20;15;5
01/11/2019;04:30;17;14;3
01/11/2019;04:45;27;20;7
01/11/2019;05:00;16;14;2
01/11/2019;05:15;15;13;2
01/11/2019;05:30;7;6;1
01/11/2019;05:45;24;18;6
01/11/2019;06:00;15;14;1
01/11/2019;06:15;14;14;0
01/11/2019;06:30;11;9;2
01/11/2019;06:45;25;20;5
01/11/2019;07:00;27;22;5
01/11/2019;07:15;21;16;5
01/11/2019;07:30;35;28;7
01/11/2019;07:45;28;19;9
01/11/2019;08:00;19;12;7
01/11/2019;08:15;21;10;11
01/11/2019;08:30;29;18;11
01/11/2019;08:45;53;28;25
01/11/2019;09:00;33;17;16
01/11/2019;09:15;37;23;14
01/11/2019;09:30;59;33;26
01/11/2019;09:45;54;30;24
01/11/2019;10:00;55;31;24
01/11/2019;10:15;48;23;25
01/11/2019;10:30;60;31;29
01/11/2019;10:45;67;34;33
01/11/2019;11:00;48;29;19
01/11/2019;11:15;51;25;26
01/11/2019;11:30;81;35;46
01/11/2019;11:45;71;38;33
01/11/2019;12:00;80;39;41
01/11/2019;12:15;57;28;29
01/11/2019;12:30;66;26;40
01/11/2019;12:45;87;47;40
01/11/2019;13:00;78;38;40
01/11/2019;13:15;76;31;45
01/11/2019;13:30;81;43;38
01/11/2019;13:45;87;48;39
01/11/2019;14:00;90;44;46
01/11/2019;14:15;107;53;54
01/11/2019;14:30;104;58;46
01/11/2019;14:45;84;48;36
01/11/2019;15:00;93;45;48
01/11/2019;15:15;102;62;40
01/11/2019;15:30;63;26;37
01/11/2019;15:45;78;39;39
01/11/2019;16:00;81;33;48
01/11/2019;16:15;64;31;33
01/11/2019;16:30;90;49;41
01/11/2019;16:45;91;41;50
01/11/2019;17:00;80;25;55
01/11/2019;17:15;65;37;28
01/11/2019;17:30;71;37;34
01/11/2019;17:45;76;39;37
01/11/2019;18:00;55;19;36
01/11/2019;18:15;75;35;40
01/11/2019;18:30;51;27;24
01/11/2019;18:45;83;38;45
01/11/2019;19:00;77;38;39
01/11/2019;19:15;77;33;44
01/11/2019;19:30;68;32;36
01/11/2019;19:45;84;38;46
01/11/2019;20:00;65;33;32
01/11/2019;20:15;40;20;20
01/11/2019;20:30;32;20;12
01/11/2019;20:45;42;15;27
01/11/2019;21:00;22;13;9
01/11/2019;21:15;21;7;14
01/11/2019;21:30;28;11;17
01/11/2019;21:45;33;16;17
01/11/2019;22:00;25;8;17
01/11/2019;22:15;26;14;12
01/11/2019;22:30;27;8;19
01/11/2019;22:45;42;11;31
01/11/2019;23:00;33;13;20
01/11/2019;23:15;49;37;12
01/11/2019;23:30;38;24;14
01/11/2019;23:45;28;11;17
02/11/2019;00:00;37;17;20
02/11/2019;00:15;17;7;10
02/11/2019;00:30;21;8;13
02/11/2019;00:45;6;0;6
02/11/2019;01:00;25;12;13
02/11/2019;01:15;13;2;11
02/11/2019;01:30;18;5;13
02/11/2019;01:45;7;3;4
02/11/2019;02:00;8;2;6
02/11/2019;02:15;4;2;2
02/11/2019;02:30;3;2;1
02/11/2019;02:45;3;1;2
02/11/2019;03:00;3;2;1
02/11/2019;03:15;0;0;0
02/11/2019;03:30;5;2;3
02/11/2019;03:45;6;3;3
02/11/2019;04:00;0;0;0
02/11/2019;04:15;1;1;0
02/11/2019;04:30;0;0;0
02/11/2019;04:45;1;1;0
02/11/2019;05:00;2;2;0
02/11/2019;05:15;7;1;6
02/11/2019;05:30;2;1;1
02/11/2019;05:45;9;6;3
02/11/2019;06:00;7;7;0
02/11/2019;06:15;4;3;1
02/11/2019;06:30;2;2;0
02/11/2019;06:45;15;8;7
02/11/2019;07:00;12;3;9
02/11/2019;07:15;14;11;3
02/11/2019;07:30;20;11;9
02/11/2019;07:45;21;11;10
02/11/2019;08:00;23;16;7
02/11/2019;08:15;35;18;17
02/11/2019;08:30;34;21;13
02/11/2019;08:45;63;39;24
02/11/2019;09:00;54;37;17
02/11/2019;09:15;77;53;24
02/11/2019;09:30;95;73;22
02/11/2019;09:45;116;77;39
02/11/2019;10:00;110;58;52
02/11/2019;10:15;166;103;63
02/11/2019;10:30;154;98;56
02/11/2019;10:45;155;98;57
02/11/2019;11:00;140;82;58
02/11/2019;11:15;186;111;75
02/11/2019;11:30;174;103;71
02/11/2019;11:45;169;103;66
02/11/2019;12:00;175;90;85
02/11/2019;12:15;198;109;89
02/11/2019;12:30;166;87;79
02/11/2019;12:45;183;108;75
02/11/2019;13:00;151;74;77
02/11/2019;13:15;145;81;64
02/11/2019;13:30;183;93;90
02/11/2019;13:45;160;93;67
02/11/2019;14:00;145;59;86
02/11/2019;14:15;179;89;90
02/11/2019;14:30;177;90;87
02/11/2019;14:45;203;104;99
02/11/2019;15:00;151;76;75
02/11/2019;15:15;156;73;83
02/11/2019;15:30;172;60;112
02/11/2019;15:45;169;93;76
02/11/2019;16:00;148;57;91
02/11/2019;16:15;151;65;86
02/11/2019;16:30;175;75;100
02/11/2019;16:45;141;62;79
02/11/2019;17:00;144;45;99
02/11/2019;17:15;154;72;82
02/11/2019;17:30;127;52;75
02/11/2019;17:45;132;61;71
02/11/2019;18:00;145;61;84
02/11/2019;18:15;109;38;71
02/11/2019;18:30;105;50;55
02/11/2019;18:45;112;52;60
02/11/2019;19:00;102;65;37
02/11/2019;19:15;90;40;50
02/11/2019;19:30;79;40;39
02/11/2019;19:45;89;51;38
02/11/2019;20:00;67;33;34
02/11/2019;20:15;88;39;49
02/11/2019;20:30;50;25;25
02/11/2019;20:45;66;37;29
02/11/2019;21:00;52;25;27
02/11/2019;21:15;69;40;29
02/11/2019;21:30;50;30;20
02/11/2019;21:45;56;25;31
02/11/2019;22:00;54;21;33
02/11/2019;22:15;47;15;32
02/11/2019;22:30;62;31;31
02/11/2019;22:45;58;25;33
02/11/2019;23:00;52;15;37
02/11/2019;23:15;63;23;40
02/11/2019;23:30;43;19;24
02/11/2019;23:45;65;21;44
03/11/2019;00:00;37;10;27
03/11/2019;00:15;26;19;7
03/11/2019;00:30;36;6;30
03/11/2019;00:45;22;7;15
03/11/2019;01:00;41;15;26
03/11/2019;01:15;43;19;24
03/11/2019;01:30;32;8;24
03/11/2019;01:45;23;14;9
03/11/2019;02:00;30;6;24
03/11/2019;02:15;15;3;12
03/11/2019;02:30;24;9;15
03/11/2019;02:45;29;7;22
03/11/2019;03:00;15;1;14
03/11/2019;03:15;9;3;6
03/11/2019;03:30;10;2;8
03/11/2019;03:45;13;9;4
03/11/2019;04:00;6;1;5
03/11/2019;04:15;5;1;4
03/11/2019;04:30;3;1;2
03/11/2019;04:45;2;0;2
03/11/2019;05:00;0;0;0
03/11/2019;05:15;8;1;7
03/11/2019;05:30;5;0;5
03/11/2019;05:45;7;3;4
03/11/2019;06:00;7;4;3
03/11/2019;06:15;6;2;4
03/11/2019;06:30;9;4;5
03/11/2019;06:45;6;4;2
03/11/2019;07:00;4;4;0
03/11/2019;07:15;10;7;3
03/11/2019;07:30;18;9;9
03/11/2019;07:45;16;13;3
03/11/2019;08:00;7;4;3
03/11/2019;08:15;12;8;4
03/11/2019;08:30;18;8;10
03/11/2019;08:45;31;21;10
03/11/2019;09:00;23;11;12
03/11/2019;09:15;39;19;20
03/11/2019;09:30;36;23;13
03/11/2019;09:45;62;37;25
03/11/2019;10:00;44;26;18
03/11/2019;10:15;49;33;16
03/11/2019;10:30;59;32;27
03/11/2019;10:45;54;31;23
03/11/2019;11:00;57;23;34
03/11/2019;11:15;54;30;24
03/11/2019;11:30;61;28;33
03/11/2019;11:45;60;26;34
03/11/2019;12:00;52;26;26
03/11/2019;12:15;63;26;37
03/11/2019;12:30;64;40;24
03/11/2019;12:45;64;29;35
03/11/2019;13:00;63;33;30
03/11/2019;13:15;31;11;20
03/11/2019;13:30;51;29;22
03/11/2019;13:45;71;46;25
03/11/2019;14:00;82;48;34
03/11/2019;14:15;95;48;47
03/11/2019;14:30;84;47;37
03/11/2019;14:45;72;35;37
03/11/2019;15:00;73;30;43
03/11/2019;15:15;80;32;48
03/11/2019;15:30;49;24;25
03/11/2019;15:45;92;53;39
03/11/2019;16:00;83;54;29
03/11/2019;16:15;49;25;24
03/11/2019;16:30;55;22;33
03/11/2019;16:45;57;16;41
03/11/2019;17:00;37;13;24
03/11/2019;17:15;55;20;35
03/11/2019;17:30;72;27;45
03/11/2019;17:45;59;32;27
03/11/2019;18:00;52;22;30
03/11/2019;18:15;47;22;25
03/11/2019;18:30;36;18;18
03/11/2019;18:45;63;31;32
03/11/2019;19:00;31;25;6
03/11/2019;19:15;56;25;31
03/11/2019;19:30;47;12;35
03/11/2019;19:45;37;17;20
03/11/2019;20:00;35;11;24
03/11/2019;20:15;46;25;21
03/11/2019;20:30;22;8;14
03/11/2019;20:45;31;18;13
03/11/2019;21:00;23;13;10
03/11/2019;21:15;19;8;11
03/11/2019;21:30;16;7;9
03/11/2019;21:45;21;7;14
03/11/2019;22:00;32;14;18
03/11/2019;22:15;17;7;10
03/11/2019;22:30;22;8;14
03/11/2019;22:45;17;10;7
03/11/2019;23:00;17;4;13
03/11/2019;23:15;13;6;7
03/11/2019;23:30;11;4;7
03/11/2019;23:45;11;7;4
04/11/2019;00:00;7;1;6
04/11/2019;00:15;5;2;3
04/11/2019;00:30;4;1;3
04/11/2019;00:45;7;2;5
04/11/2019;01:00;4;1;3
04/11/2019;01:15;5;2;3
04/11/2019;01:30;1;0;1
04/11/2019;01:45;5;1;4
04/11/2019;02:00;1;1;0
04/11/2019;02:15;0;0;0
04/11/2019;02:30;0;0;0
04/11/2019;02:45;1;0;1
04/11/2019;03:00;0;0;0
04/11/2019;03:15;0;0;0
04/11/2019;03:30;2;0;2
04/11/2019;03:45;0;0;0
04/11/2019;04:00;0;0;0
04/11/2019;04:15;3;3;0
04/11/2019;04:30;3;2;1
04/11/2019;04:45;4;3;1
04/11/2019;05:00;6;6;0
04/11/2019;05:15;3;0;3
04/11/2019;05:30;18;12;6
04/11/2019;05:45;24;16;8
04/11/2019;06:00;28;19;9
04/11/2019;06:15;36;27;9
04/11/2019;06:30;44;30;14
04/11/2019;06:45;102;69;33
04/11/2019;07:00;100;51;49
04/11/2019;07:15;243;162;81
04/11/2019;07:30;528;350;178
04/11/2019;07:45;372;227;145
04/11/2019;08:00;244;147;97
04/11/2019;08:15;190;112;78
04/11/2019;08:30;216;116;100
04/11/2019;08:45;225;139;86
04/11/2019;09:00;164;100;64
04/11/2019;09:15;207;126;81
04/11/2019;09:30;253;159;94
04/11/2019;09:45;186;118;68
04/11/2019;10:00;111;56;55
04/11/2019;10:15;111;61;50
04/11/2019;10:30;120;67;53
04/11/2019;10:45;143;89;54
04/11/2019;11:00;152;57;95
04/11/2019;11:15;225;109;116
04/11/2019;11:30;189;88;101
04/11/2019;11:45;147;63;84
04/11/2019;12:00;157;80;77
04/11/2019;12:15;171;65;106
04/11/2019;12:30;213;92;121
04/11/2019;12:45;180;90;90
04/11/2019;13:00;329;118;211
04/11/2019;13:15;234;120;114
04/11/2019;13:30;217;105;112
04/11/2019;13:45;305;182;123
04/11/2019;14:00;176;86;90
04/11/2019;14:15;172;87;85
04/11/2019;14:30;163;98;65
04/11/2019;14:45;186;100;86
04/11/2019;15:00;175;89;86
04/11/2019;15:15;246;119;127
04/11/2019;15:30;430;176;254
04/11/2019;15:45;283;128;155
04/11/2019;16:00;240;119;121
04/11/2019;16:15;259;124;135
04/11/2019;16:30;285;113;172
04/11/2019;16:45;235;104;131
04/11/2019;17:00;255;101;154
04/11/2019;17:15;346;176;170
04/11/2019;17:30;231;110;121
04/11/2019;17:45;257;123;134
04/11/2019;18:00;195;74;121
04/11/2019;18:15;203;94;109
04/11/2019;18:30;175;78;97
04/11/2019;18:45;258;130;128
04/11/2019;19:00;213;80;133
04/11/2019;19:15;190;99;91
04/11/2019;19:30;129;59;70
04/11/2019;19:45;138;67;71
04/11/2019;20:00;113;54;59
04/11/2019;20:15;116;64;52
04/11/2019;20:30;114;59;55
04/11/2019;20:45;100;32;68
04/11/2019;21:00;103;34;69
04/11/2019;21:15;86;48;38
04/11/2019;21:30;69;40;29
04/11/2019;21:45;56;22;34
04/11/2019;22:00;56;25;31
04/11/2019;22:15;56;24;32
04/11/2019;22:30;49;12;37
04/11/2019;22:45;39;15;24
04/11/2019;23:00;44;16;28
04/11/2019;23:15;19;7;12
04/11/2019;23:30;33;13;20
04/11/2019;23:45;27;10;17
05/11/2019;00:00;24;6;18
05/11/2019;00:15;14;9;5
05/11/2019;00:30;19;2;17
05/11/2019;00:45;7;2;5
05/11/2019;01:00;20;0;20
05/11/2019;01:15;7;3;4
05/11/2019;01:30;6;0;6
05/11/2019;01:45;1;1;0
05/11/2019;02:00;4;1;3
05/11/2019;02:15;2;0;2
05/11/2019;02:30;0;0;0
05/11/2019;02:45;2;1;1
05/11/2019;03:00;3;1;2
05/11/2019;03:15;3;1;2
05/11/2019;03:30;3;1;2
05/11/2019;03:45;1;1;0
05/11/2019;04:00;3;2;1
05/11/2019;04:15;0;0;0
05/11/2019;04:30;9;8;1
05/11/2019;04:45;1;1;0
05/11/2019;05:00;4;3;1
05/11/2019;05:15;1;0;1
05/11/2019;05:30;15;9;6
05/11/2019;05:45;33;28;5
05/11/2019;06:00;35;22;13
05/11/2019;06:15;33;22;11
05/11/2019;06:30;62;42;20
05/11/2019;06:45;94;58;36
05/11/2019;07:00;95;51;44
05/11/2019;07:15;223;146;77
05/11/2019;07:30;497;308;189
05/11/2019;07:45;324;153;171
05/11/2019;08:00;216;129;87
05/11/2019;08:15;240;139;101
05/11/2019;08:30;223;142;81
05/11/2019;08:45;248;164;84
05/11/2019;09:00;172;111;61
05/11/2019;09:15;219;115;104
05/11/2019;09:30;192;95;97
05/11/2019;09:45;189;129;60
05/11/2019;10:00;136;85;51
05/11/2019;10:15;162;97;65
05/11/2019;10:30;121;80;41
05/11/2019;10:45;152;91;61
05/11/2019;11:00;190;78;112
05/11/2019;11:15;183;85;98
05/11/2019;11:30;140;71;69
05/11/2019;11:45;175;94;81
05/11/2019;12:00;188;94;94
05/11/2019;12:15;208;86;122
05/11/2019;12:30;191;86;105
05/11/2019;12:45;219;86;133
05/11/2019;13:00;300;96;204
05/11/2019;13:15;211;110;101
05/11/2019;13:30;225;119;106
05/11/2019;13:45;223;123;100
05/11/2019;14:00;193;95;98
05/11/2019;14:15;190;100;90
05/11/2019;14:30;171;89;82
05/11/2019;14:45;197;106;91
05/11/2019;15:00;210;104;106
05/11/2019;15:15;237;106;131
05/11/2019;15:30;348;156;192
05/11/2019;15:45;316;147;169
05/11/2019;16:00;253;124;129
05/11/2019;16:15;235;121;114
05/11/2019;16:30;261;122;139
05/11/2019;16:45;292;130;162
05/11/2019;17:00;312;132;180
05/11/2019;17:15;326;173;153
05/11/2019;17:30;265;138;127
05/11/2019;17:45;277;133;144
05/11/2019;18:00;235;105;130
05/11/2019;18:15;183;75;108
05/11/2019;18:30;188;75;113
05/11/2019;18:45;228;115;113
05/11/2019;19:00;191;79;112
05/11/2019;19:15;207;102;105
05/11/2019;19:30;159;78;81
05/11/2019;19:45;166;74;92
05/11/2019;20:00;139;50;89
05/11/2019;20:15;126;46;80
05/11/2019;20:30;106;36;70
05/11/2019;20:45;75;35;40
05/11/2019;21:00;76;26;50
05/11/2019;21:15;68;23;45
05/11/2019;21:30;80;28;52
05/11/2019;21:45;100;36;64
05/11/2019;22:00;55;17;38
05/11/2019;22:15;88;31;57
05/11/2019;22:30;58;16;42
05/11/2019;22:45;59;21;38
05/11/2019;23:00;58;18;40
05/11/2019;23:15;42;22;20
05/11/2019;23:30;32;15;17
05/11/2019;23:45;18;5;13
06/11/2019;00:00;17;4;13
06/11/2019;00:15;16;5;11
06/11/2019;00:30;22;9;13
06/11/2019;00:45;7;3;4
06/11/2019;01:00;14;8;6
06/11/2019;01:15;7;3;4
06/11/2019;01:30;4;2;2
06/11/2019;01:45;7;2;5
06/11/2019;02:00;4;2;2
06/11/2019;02:15;0;0;0
06/11/2019;02:30;2;0;2
06/11/2019;02:45;0;0;0
06/11/2019;03:00;0;0;0
06/11/2019;03:15;0;0;0
06/11/2019;03:30;0;0;0
06/11/2019;03:45;0;0;0
06/11/2019;04:00;2;0;2
06/11/2019;04:15;1;0;1
06/11/2019;04:30;5;3;2
06/11/2019;04:45;4;3;1
06/11/2019;05:00;5;4;1
06/11/2019;05:15;7;4;3
06/11/2019;05:30;11;8;3
06/11/2019;05:45;29;19;10
06/11/2019;06:00;19;10;9
06/11/2019;06:15;39;27;12
06/11/2019;06:30;44;29;15
06/11/2019;06:45;77;51;26
06/11/2019;07:00;103;60;43
06/11/2019;07:15;219;149;70
06/11/2019;07:30;515;312;203
06/11/2019;07:45;400;267;133
06/11/2019;08:00;272;157;115
06/11/2019;08:15;216;122;94
06/11/2019;08:30;194;117;77
06/11/2019;08:45;223;146;77
06/11/2019;09:00;168;107;61
06/11/2019;09:15;204;141;63
06/11/2019;09:30;244;159;85
06/11/2019;09:45;177;115;62
06/11/2019;10:00;99;69;30
06/11/2019;10:15;74;38;36
06/11/2019;10:30;97;43;54
06/11/2019;10:45;111;61;50
06/11/2019;11:00;159;77;82
06/11/2019;11:15;221;95;126
06/11/2019;11:30;165;91;74
06/11/2019;11:45;128;61;67
06/11/2019;12:00;153;66;87
06/11/2019;12:15;165;69;96
06/11/2019;12:30;176;76;100
06/11/2019;12:45;180;88;92
06/11/2019;13:00;335;122;213
06/11/2019;13:15;206;102;104
06/11/2019;13:30;180;88;92
06/11/2019;13:45;265;177;88
06/11/2019;14:00;198;103;95
06/11/2019;14:15;156;74;82
06/11/2019;14:30;164;76;88
06/11/2019;14:45;187;101;86
06/11/2019;15:00;159;84;75
06/11/2019;15:15;193;98;95
06/11/2019;15:30;344;107;237
06/11/2019;15:45;263;123;140
06/11/2019;16:00;203;96;107
06/11/2019;16:15;220;117;103
06/11/2019;16:30;255;105;150
06/11/2019;16:45;252;144;108
06/11/2019;17:00;276;138;138
06/11/2019;17:15;345;152;193
06/11/2019;17:30;263;118;145
06/11/2019;17:45;294;130;164
06/11/2019;18:00;247;107;140
06/11/2019;18:15;239;115;124
06/11/2019;18:30;215;101;114
06/11/2019;18:45;241;117;124
06/11/2019;19:00;210;81;129
06/11/2019;19:15;168;83;85
06/11/2019;19:30;148;79;69
06/11/2019;19:45;159;64;95
06/11/2019;20:00;131;56;75
06/11/2019;20:15;131;65;66
06/11/2019;20:30;113;48;65
06/11/2019;20:45;85;35;50
06/11/2019;21:00;91;38;53
06/11/2019;21:15;105;43;62
06/11/2019;21:30;88;38;50
06/11/2019;21:45;94;47;47
06/11/2019;22:00;84;34;50
06/11/2019;22:15;82;29;53
06/11/2019;22:30;57;29;28
06/11/2019;22:45;52;21;31
06/11/2019;23:00;65;23;42
06/11/2019;23:15;50;16;34
06/11/2019;23:30;33;13;20
06/11/2019;23:45;32;16;16
07/11/2019;00:00;32;8;24
07/11/2019;00:15;21;8;13
07/11/2019;00:30;17;2;15
07/11/2019;00:45;12;1;11
07/11/2019;01:00;15;1;14
07/11/2019;01:15;17;5;12
07/11/2019;01:30;14;2;12
07/11/2019;01:45;10;2;8
07/11/2019;02:00;9;2;7
07/11/2019;02:15;8;0;8
07/11/2019;02:30;3;1;2
07/11/2019;02:45;4;3;1
07/11/2019;03:00;6;3;3
07/11/2019;03:15;6;4;2
07/11/2019;03:30;5;0;5
07/11/2019;03:45;3;2;1
07/11/2019;04:00;5;0;5
07/11/2019;04:15;3;3;0
07/11/2019;04:30;6;5;1
07/11/2019;04:45;3;2;1
07/11/2019;05:00;3;2;1
07/11/2019;05:15;10;10;0
07/11/2019;05:30;17;13;4
07/11/2019;05:45;37;28;9
07/11/2019;06:00;27;19;8
07/11/2019;06:15;34;23;11
07/11/2019;06:30;45;37;8
07/11/2019;06:45;83;52;31
07/11/2019;07:00;102;66;36
07/11/2019;07:15;160;94;66
07/11/2019;07:30;583;364;219
07/11/2019;07:45;400;260;140
07/11/2019;08:00;247;134;113
07/11/2019;08:15;235;130;105
07/11/2019;08:30;213;133;80
07/11/2019;08:45;260;173;87
07/11/2019;09:00;172;109;63
07/11/2019;09:15;230;142;88
07/11/2019;09:30;313;207;106
07/11/2019;09:45;175;109;66
07/11/2019;10:00;108;61;47
07/11/2019;10:15;133;62;71
07/11/2019;10:30;120;72;48
07/11/2019;10:45;134;77;57
07/11/2019;11:00;129;63;66
07/11/2019;11:15;211;117;94
07/11/2019;11:30;177;91;86
07/11/2019;11:45;149;77;72
07/11/2019;12:00;154;56;98
07/11/2019;12:15;167;72;95
07/11/2019;12:30;203;90;113
07/11/2019;12:45;215;95;120
07/11/2019;13:00;384;93;291
07/11/2019;13:15;216;94;122
07/11/2019;13:30;243;125;118
07/11/2019;13:45;294;171;123
07/11/2019;14:00;172;67;105
07/11/2019;14:15;148;66;82
07/11/2019;14:30;154;62;92
07/11/2019;14:45;183;100;83
07/11/2019;15:00;169;89;80
07/11/2019;15:15;231;118;113
07/11/2019;15:30;403;178;225
07/11/2019;15:45;291;139;152
07/11/2019;16:00;211;99;112
07/11/2019;16:15;241;112;129
07/11/2019;16:30;265;107;158
07/11/2019;16:45;279;141;138
07/11/2019;17:00;270;125;145
07/11/2019;17:15;360;154;206
07/11/2019;17:30;239;102;137
07/11/2019;17:45;267;125;142
07/11/2019;18:00;227;100;127
07/11/2019;18:15;231;102;129
07/11/2019;18:30;208;114;94
07/11/2019;18:45;255;137;118
07/11/2019;19:00;182;66;116
07/11/2019;19:15;159;69;90
07/11/2019;19:30;134;62;72
07/11/2019;19:45;167;97;70
07/11/2019;20:00;130;59;71
07/11/2019;20:15;108;38;70
07/11/2019;20:30;104;41;63
07/11/2019;20:45;98;44;54
07/11/2019;21:00;67;29;38
07/11/2019;21:15;69;36;33
07/11/2019;21:30;86;32;54
07/11/2019;21:45;95;32;63
07/11/2019;22:00;95;48;47
07/11/2019;22:15;39;14;25
07/11/2019;22:30;71;28;43
07/11/2019;22:45;63;19;44
07/11/2019;23:00;64;18;46
07/11/2019;23:15;35;13;22
07/11/2019;23:30;30;15;15
07/11/2019;23:45;20;7;13
08/11/2019;00:00;26;10;16
08/11/2019;00:15;25;14;11
08/11/2019;00:30;21;5;16
08/11/2019;00:45;14;1;13
08/11/2019;01:00;9;4;5
08/11/2019;01:15;10;2;8
08/11/2019;01:30;10;2;8
08/11/2019;01:45;4;2;2
08/11/2019;02:00;4;2;2
08/11/2019;02:15;3;2;1
08/11/2019;02:30;5;3;2
08/11/2019;02:45;6;2;4
08/11/2019;03:00;0;0;0
08/11/2019;03:15;5;4;1
08/11/2019;03:30;2;2;0
08/11/2019;03:45;5;1;4
08/11/2019;04:00;1;1;0
08/11/2019;04:15;3;3;0
08/11/2019;04:30;2;2;0
08/11/2019;04:45;3;1;2
08/11/2019;05:00;0;0;0
08/11/2019;05:15;6;2;4
08/11/2019;05:30;13;10;3
08/11/2019;05:45;26;18;8
08/11/2019;06:00;24;16;8
08/11/2019;06:15;25;15;10
08/11/2019;06:30;49;30;19
08/11/2019;06:45;69;42;27
08/11/2019;07:00;100;52;48
08/11/2019;07:15;199;138;61
08/11/2019;07:30;445;275;170
08/11/2019;07:45;327;215;112
08/11/2019;08:00;166;102;64
08/11/2019;08:15;195;115;80
08/11/2019;08:30;186;105;81
08/11/2019;08:45;197;138;59
08/11/2019;09:00;166;107;59
08/11/2019;09:15;142;98;44
08/11/2019;09:30;188;95;93
08/11/2019;09:45;138;86;52
08/11/2019;10:00;88;54;34
08/11/2019;10:15;108;59;49
08/11/2019;10:30;103;60;43
08/11/2019;10:45;101;57;44
08/11/2019;11:00;106;53;53
08/11/2019;11:15;160;80;80
08/11/2019;11:30;120;61;59
08/11/2019;11:45;142;69;73
08/11/2019;12:00;127;55;72
08/11/2019;12:15;148;65;83
08/11/2019;12:30;179;79;100
08/11/2019;12:45;166;64;102
08/11/2019;13:00;379;85;294
08/11/2019;13:15;164;77;87
08/11/2019;13:30;135;49;86
08/11/2019;13:45;130;55;75
08/11/2019;14:00;125;59;66
08/11/2019;14:15;116;57;59
08/11/2019;14:30;114;54;60
08/11/2019;14:45;126;55;71
08/11/2019;15:00;130;42;88
08/11/2019;15:15;130;62;68
08/11/2019;15:30;137;62;75
08/11/2019;15:45;178;67;111
08/11/2019;16:00;135;65;70
08/11/2019;16:15;124;61;63
08/11/2019;16:30;142;79;63
08/11/2019;16:45;177;77;100
08/11/2019;17:00;160;66;94
08/11/2019;17:15;185;104;81
08/11/2019;17:30;145;76;69
08/11/2019;17:45;137;70;67
08/11/2019;18:00;136;52;84
08/11/2019;18:15;140;61;79
08/11/2019;18:30;124;60;64
08/11/2019;18:45;148;84;64
08/11/2019;19:00;132;48;84
08/11/2019;19:15;110;58;52
08/11/2019;19:30;82;47;35
08/11/2019;19:45;107;61;46
08/11/2019;20:00;91;49;42
08/11/2019;20:15;80;35;45
08/11/2019;20:30;80;48;32
08/11/2019;20:45;68;35;33
08/11/2019;21:00;54;30;24
08/11/2019;21:15;44;18;26
08/11/2019;21:30;52;31;21
08/11/2019;21:45;43;24;19
08/11/2019;22:00;41;21;20
08/11/2019;22:15;69;26;43
08/11/2019;22:30;47;23;24
08/11/2019;22:45;45;16;29
08/11/2019;23:00;52;14;38
08/11/2019;23:15;40;14;26
08/11/2019;23:30;44;24;20
08/11/2019;23:45;47;17;30
09/11/2019;00:00;34;18;16
09/11/2019;00:15;51;24;27
09/11/2019;00:30;37;16;21
09/11/2019;00:45;35;12;23
09/11/2019;01:00;19;10;9
09/11/2019;01:15;15;4;11
09/11/2019;01:30;16;4;12
09/11/2019;01:45;39;11;28
09/11/2019;02:00;10;2;8
09/11/2019;02:15;15;3;12
09/11/2019;02:30;20;2;18
09/11/2019;02:45;11;2;9
09/11/2019;03:00;12;2;10
09/11/2019;03:15;8;2;6
09/11/2019;03:30;17;6;11
09/11/2019;03:45;7;1;6
09/11/2019;04:00;8;4;4
09/11/2019;04:15;3;1;2
09/11/2019;04:30;3;3;0
09/11/2019;04:45;6;3;3
09/11/2019;05:00;1;1;0
09/11/2019;05:15;5;1;4
09/11/2019;05:30;4;3;1
09/11/2019;05:45;15;11;4
09/11/2019;06:00;9;6;3
09/11/2019;06:15;7;6;1
09/11/2019;06:30;13;8;5
09/11/2019;06:45;13;8;5
09/11/2019;07:00;13;11;2
09/11/2019;07:15;19;15;4
09/11/2019;07:30;22;8;14
09/11/2019;07:45;34;16;18
09/11/2019;08:00;40;25;15
09/11/2019;08:15;49;30;19
09/11/2019;08:30;48;26;22
09/11/2019;08:45;104;65;39
09/11/2019;09:00;74;44;30
09/11/2019;09:15;93;66;27
09/11/2019;09:30;135;92;43
09/11/2019;09:45;128;101;27
09/11/2019;10:00;116;71;45
09/11/2019;10:15;134;76;58
09/11/2019;10:30;136;87;49
09/11/2019;10:45;137;85;52
09/11/2019;11:00;149;87;62
09/11/2019;11:15;165;101;64
09/11/2019;11:30;172;100;72
09/11/2019;11:45;164;80;84
09/11/2019;12:00;152;86;66
09/11/2019;12:15;150;61;89
09/11/2019;12:30;150;92;58
09/11/2019;12:45;174;90;84
09/11/2019;13:00;157;76;81
09/11/2019;13:15;173;102;71
09/11/2019;13:30;167;72;95
09/11/2019;13:45;166;77;89
09/11/2019;14:00;175;71;104
09/11/2019;14:15;142;75;67
09/11/2019;14:30;160;70;90
09/11/2019;14:45;172;101;71
09/11/2019;15:00;156;69;87
09/11/2019;15:15;180;85;95
09/11/2019;15:30;149;72;77
09/11/2019;15:45;180;91;89
09/11/2019;16:00;139;61;78
09/11/2019;16:15;153;58;95
09/11/2019;16:30;159;82;77
09/11/2019;16:45;159;70;89
09/11/2019;17:00;176;81;95
09/11/2019;17:15;186;75;111
09/11/2019;17:30;171;90;81
09/11/2019;17:45;175;98;77
09/11/2019;18:00;147;66;81
09/11/2019;18:15;144;74;70
09/11/2019;18:30;118;43;75
09/11/2019;18:45;128;64;64
09/11/2019;19:00;113;64;49
09/11/2019;19:15;114;71;43
09/11/2019;19:30;121;79;42
09/11/2019;19:45;113;65;48
09/11/2019;20:00;88;36;52
09/11/2019;20:15;73;35;38
09/11/2019;20:30;103;41;62
09/11/2019;20:45;93;56;37
09/11/2019;21:00;75;49;26
09/11/2019;21:15;77;39;38
09/11/2019;21:30;71;22;49
09/11/2019;21:45;71;31;40
09/11/2019;22:00;64;37;27
09/11/2019;22:15;59;21;38
09/11/2019;22:30;73;31;42
09/11/2019;22:45;49;29;20
09/11/2019;23:00;42;17;25
09/11/2019;23:15;34;11;23
09/11/2019;23:30;42;21;21
09/11/2019;23:45;48;12;36
10/11/2019;00:00;38;17;21
10/11/2019;00:15;56;17;39
10/11/2019;00:30;45;17;28
10/11/2019;00:45;45;17;28
10/11/2019;01:00;38;14;24
10/11/2019;01:15;46;12;34
10/11/2019;01:30;39;9;30
10/11/2019;01:45;38;16;22
10/11/2019;02:00;29;10;19
10/11/2019;02:15;27;7;20
10/11/2019;02:30;19;5;14
10/11/2019;02:45;26;6;20
10/11/2019;03:00;15;2;13
10/11/2019;03:15;23;8;15
10/11/2019;03:30;27;6;21
10/11/2019;03:45;19;7;12
10/11/2019;04:00;15;4;11
10/11/2019;04:15;9;3;6
10/11/2019;04:30;13;0;13
10/11/2019;04:45;6;4;2
10/11/2019;05:00;2;2;0
10/11/2019;05:15;4;1;3
10/11/2019;05:30;3;0;3
10/11/2019;05:45;11;8;3
10/11/2019;06:00;11;5;6
10/11/2019;06:15;11;8;3
10/11/2019;06:30;10;6;4
10/11/2019;06:45;10;4;6
10/11/2019;07:00;12;9;3
10/11/2019;07:15;9;5;4
10/11/2019;07:30;9;2;7
10/11/2019;07:45;21;16;5
10/11/2019;08:00;8;4;4
10/11/2019;08:15;15;8;7
10/11/2019;08:30;29;16;13
10/11/2019;08:45;41;21;20
10/11/2019;09:00;23;13;10
10/11/2019;09:15;43;29;14
10/11/2019;09:30;43;29;14
10/11/2019;09:45;70;37;33
10/11/2019;10:00;60;33;27
10/11/2019;10:15;48;23;25
10/11/2019;10:30;57;27;30
10/11/2019;10:45;68;40;28
10/11/2019;11:00;74;44;30
10/11/2019;11:15;58;24;34
10/11/2019;11:30;62;34;28
10/11/2019;11:45;79;36;43
10/11/2019;12:00;58;28;30
10/11/2019;12:15;80;31;49
10/11/2019;12:30;73;38;35
10/11/2019;12:45;67;37;30
10/11/2019;13:00;90;41;49
10/11/2019;13:15;65;28;37
10/11/2019;13:30;73;33;40
10/11/2019;13:45;67;44;23
10/11/2019;14:00;106;40;66
10/11/2019;14:15;120;52;68
10/11/2019;14:30;103;49;54
10/11/2019;14:45;144;71;73
10/11/2019;15:00;123;64;59
10/11/2019;15:15;107;53;54
10/11/2019;15:30;104;55;49
10/11/2019;15:45;101;57;44
10/11/2019;16:00;98;47;51
10/11/2019;16:15;111;64;47
10/11/2019;16:30;103;42;61
10/11/2019;16:45;115;61;54
10/11/2019;17:00;124;56;68
10/11/2019;17:15;112;58;54
10/11/2019;17:30;85;48;37
10/11/2019;17:45;79;44;35
10/11/2019;18:00;89;39;50
10/11/2019;18:15;80;35;45
10/11/2019;18:30;57;27;30
10/11/2019;18:45;77;39;38
10/11/2019;19:00;80;49;31
10/11/2019;19:15;55;28;27
10/11/2019;19:30;73;40;33
10/11/2019;19:45;50;24;26
10/11/2019;20:00;63;32;31
10/11/2019;20:15;46;18;28
10/11/2019;20:30;37;11;26
10/11/2019;20:45;24;8;16
10/11/2019;21:00;41;21;20
10/11/2019;21:15;27;13;14
10/11/2019;21:30;27;10;17
10/11/2019;21:45;42;16;26
10/11/2019;22:00;39;14;25
10/11/2019;22:15;37;11;26
10/11/2019;22:30;26;8;18
10/11/2019;22:45;37;12;25
10/11/2019;23:00;19;11;8
10/11/2019;23:15;25;3;22
10/11/2019;23:30;11;5;6
10/11/2019;23:45;8;2;6
11/11/2019;00:00;11;7;4
11/11/2019;00:15;7;2;5
11/11/2019;00:30;8;1;7
11/11/2019;00:45;8;2;6
11/11/2019;01:00;5;3;2
11/11/2019;01:15;1;1;0
11/11/2019;01:30;2;1;1
11/11/2019;01:45;4;2;2
11/11/2019;02:00;6;3;3
11/11/2019;02:15;0;0;0
11/11/2019;02:30;2;1;1
11/11/2019;02:45;1;1;0
11/11/2019;03:00;0;0;0
11/11/2019;03:15;0;0;0
11/11/2019;03:30;0;0;0
11/11/2019;03:45;1;1;0
11/11/2019;04:00;0;0;0
11/11/2019;04:15;3;3;0
11/11/2019;04:30;3;1;2
11/11/2019;04:45;4;3;1
11/11/2019;05:00;1;1;0
11/11/2019;05:15;3;3;0
11/11/2019;05:30;28;23;5
11/11/2019;05:45;30;24;6
11/11/2019;06:00;25;20;5
11/11/2019;06:15;29;20;9
11/11/2019;06:30;64;46;18
11/11/2019;06:45;61;43;18
11/11/2019;07:00;106;61;45
11/11/2019;07:15;233;153;80
11/11/2019;07:30;542;361;181
11/11/2019;07:45;365;236;129
11/11/2019;08:00;192;104;88
11/11/2019;08:15;204;112;92
11/11/2019;08:30;214;120;94
11/11/2019;08:45;222;131;91
11/11/2019;09:00;178;101;77
11/11/2019;09:15;186;127;59
11/11/2019;09:30;273;174;99
11/11/2019;09:45;181;109;72
11/11/2019;10:00;97;52;45
11/11/2019;10:15;110;54;56
11/11/2019;10:30;99;58;41
11/11/2019;10:45;125;69;56
11/11/2019;11:00;147;82;65
11/11/2019;11:15;191;93;98
11/11/2019;11:30;146;61;85
11/11/2019;11:45;152;65;87
11/11/2019;12:00;161;77;84
11/11/2019;12:15;153;77;76
11/11/2019;12:30;163;77;86
11/11/2019;12:45;196;91;105
11/11/2019;13:00;345;96;249
11/11/2019;13:15;234;121;113
11/11/2019;13:30;166;93;73
11/11/2019;13:45;262;165;97
11/11/2019;14:00;189;88;101
11/11/2019;14:15;178;99;79
11/11/2019;14:30;170;84;86
11/11/2019;14:45;212;92;120
11/11/2019;15:00;162;85;77
11/11/2019;15:15;227;92;135
11/11/2019;15:30;407;163;244
11/11/2019;15:45;277;138;139
11/11/2019;16:00;220;89;131
11/11/2019;16:15;241;90;151
11/11/2019;16:30;256;126;130
11/11/2019;16:45;284;114;170
11/11/2019;17:00;250;94;156
11/11/2019;17:15;329;161;168
11/11/2019;17:30;245;112;133
11/11/2019;17:45;245;127;118
11/11/2019;18:00;201;80;121
11/11/2019;18:15;194;90;104
11/11/2019;18:30;220;115;105
11/11/2019;18:45;246;117;129
11/11/2019;19:00;224;94;130
11/11/2019;19:15;183;98;85
11/11/2019;19:30;146;69;77
11/11/2019;19:45;179;89;90
11/11/2019;20:00;107;46;61
11/11/2019;20:15;134;73;61
11/11/2019;20:30;102;47;55
11/11/2019;20:45;85;40;45
11/11/2019;21:00;82;29;53
11/11/2019;21:15;63;21;42
11/11/2019;21:30;90;38;52
11/11/2019;21:45;66;31;35
11/11/2019;22:00;58;26;32
11/11/2019;22:15;66;32;34
11/11/2019;22:30;65;24;41
11/11/2019;22:45;44;17;27
11/11/2019;23:00;32;8;24
11/11/2019;23:15;35;17;18
11/11/2019;23:30;32;4;28
11/11/2019;23:45;15;6;9
12/11/2019;00:00;16;6;10
12/11/2019;00:15;15;4;11
12/11/2019;00:30;13;8;5
12/11/2019;00:45;6;3;3
12/11/2019;01:00;11;2;9
12/11/2019;01:15;5;1;4
12/11/2019;01:30;9;4;5
12/11/2019;01:45;2;1;1
12/11/2019;02:00;4;2;2
12/11/2019;02:15;2;0;2
12/11/2019;02:30;3;3;0
12/11/2019;02:45;1;0;1
12/11/2019;03:00;0;0;0
12/11/2019;03:15;0;0;0
12/11/2019;03:30;2;0;2
12/11/2019;03:45;1;1;0
12/11/2019;04:00;0;0;0
12/11/2019;04:15;3;3;0
12/11/2019;04:30;3;3;0
12/11/2019;04:45;4;3;1
12/11/2019;05:00;5;3;2
12/11/2019;05:15;3;2;1
12/11/2019;05:30;26;19;7
12/11/2019;05:45;37;28;9
12/11/2019;06:00;19;12;7
12/11/2019;06:15;30;19;11
12/11/2019;06:30;64;46;18
12/11/2019;06:45;82;56;26
12/11/2019;07:00;89;60;29
12/11/2019;07:15;190;117;73
12/11/2019;07:30;536;353;183
12/11/2019;07:45;455;295;160
12/11/2019;08:00;242;140;102
12/11/2019;08:15;232;126;106
12/11/2019;08:30;204;128;76
12/11/2019;08:45;262;173;89
12/11/2019;09:00;193;135;58
12/11/2019;09:15;181;124;57
12/11/2019;09:30;289;181;108
12/11/2019;09:45;181;117;64
12/11/2019;10:00;119;70;49
12/11/2019;10:15;122;71;51
12/11/2019;10:30;143;84;59
12/11/2019;10:45;147;84;63
12/11/2019;11:00;159;77;82
12/11/2019;11:15;224;109;115
12/11/2019;11:30;190;93;97
12/11/2019;11:45;143;60;83
12/11/2019;12:00;150;53;97
12/11/2019;12:15;229;72;157
12/11/2019;12:30;199;67;132
12/11/2019;12:45;183;83;100
12/11/2019;13:00;333;95;238
12/11/2019;13:15;199;96;103
12/11/2019;13:30;191;97;94
12/11/2019;13:45;298;189;109
12/11/2019;14:00;201;87;114
12/11/2019;14:15;170;76;94
12/11/2019;14:30;174;84;90
12/11/2019;14:45;193;106;87
12/11/2019;15:00;206;100;106
12/11/2019;15:15;210;109;101
12/11/2019;15:30;421;157;264
12/11/2019;15:45;306;162;144
12/11/2019;16:00;187;83;104
12/11/2019;16:15;200;103;97
12/11/2019;16:30;256;122;134
12/11/2019;16:45;291;125;166
12/11/2019;17:00;311;136;175
12/11/2019;17:15;366;169;197
12/11/2019;17:30;273;112;161
12/11/2019;17:45;281;137;144
12/11/2019;18:00;242;94;148
12/11/2019;18:15;225;109;116
12/11/2019;18:30;212;99;113
12/11/2019;18:45;259;130;129
12/11/2019;19:00;216;83;133
12/11/2019;19:15;235;96;139
12/11/2019;19:30;186;101;85
12/11/2019;19:45;152;74;78
12/11/2019;20:00;133;57;76
12/11/2019;20:15;113;49;64
12/11/2019;20:30;90;40;50
12/11/2019;20:45;87;43;44
12/11/2019;21:00;107;38;69
12/11/2019;21:15;90;39;51
12/11/2019;21:30;55;20;35
12/11/2019;21:45;83;30;53
12/11/2019;22:00;98;30;68
12/11/2019;22:15;90;34;56
12/11/2019;22:30;60;23;37
12/11/2019;22:45;52;19;33
12/11/2019;23:00;52;27;25
12/11/2019;23:15;33;14;19
12/11/2019;23:30;28;8;20
12/11/2019;23:45;24;14;10
13/11/2019;00:00;13;6;7
13/11/2019;00:15;11;3;8
13/11/2019;00:30;12;6;6
13/11/2019;00:45;6;3;3
13/11/2019;01:00;4;0;4
13/11/2019;01:15;17;7;10
13/11/2019;01:30;6;2;4
13/11/2019;01:45;5;2;3
13/11/2019;02:00;5;3;2
13/11/2019;02:15;4;0;4
13/11/2019;02:30;2;1;1
13/11/2019;02:45;1;0;1
13/11/2019;03:00;1;0;1
13/11/2019;03:15;0;0;0
13/11/2019;03:30;3;0;3
13/11/2019;03:45;0;0;0
13/11/2019;04:00;1;1;0
13/11/2019;04:15;1;1;0
13/11/2019;04:30;6;6;0
13/11/2019;04:45;2;1;1
13/11/2019;05:00;5;4;1
13/11/2019;05:15;5;2;3
13/11/2019;05:30;15;11;4
13/11/2019;05:45;44;33;11
13/11/2019;06:00;24;15;9
13/11/2019;06:15;33;20;13
13/11/2019;06:30;42;31;11
13/11/2019;06:45;95;65;30
13/11/2019;07:00;105;67;38
13/11/2019;07:15;221;158;63
13/11/2019;07:30;532;341;191
13/11/2019;07:45;458;312;146
13/11/2019;08:00;259;160;99
13/11/2019;08:15;245;142;103
13/11/2019;08:30;203;131;72
13/11/2019;08:45;230;163;67
13/11/2019;09:00;156;103;53
13/11/2019;09:15;233;161;72
13/11/2019;09:30;257;157;100
13/11/2019;09:45;200;134;66
13/11/2019;10:00;126;88;38
13/11/2019;10:15;130;68;62
13/11/2019;10:30;149;80;69
13/11/2019;10:45;130;75;55
13/11/2019;11:00;129;61;68
13/11/2019;11:15;223;103;120
13/11/2019;11:30;177;88;89
13/11/2019;11:45;164;85;79
13/11/2019;12:00;164;67;97
13/11/2019;12:15;191;83;108
13/11/2019;12:30;208;100;108
13/11/2019;12:45;208;94;114
13/11/2019;13:00;367;124;243
13/11/2019;13:15;208;96;112
13/11/2019;13:30;189;93;96
13/11/2019;13:45;274;169;105
13/11/2019;14:00;167;78;89
13/11/2019;14:15;182;89;93
13/11/2019;14:30;192;92;100
13/11/2019;14:45;208;95;113
13/11/2019;15:00;171;85;86
13/11/2019;15:15;223;111;112
13/11/2019;15:30;387;127;260
13/11/2019;15:45;250;113;137
13/11/2019;16:00;225;110;115
13/11/2019;16:15;203;100;103
13/11/2019;16:30;257;120;137
13/11/2019;16:45;257;120;137
13/11/2019;17:00;268;137;131
13/11/2019;17:15;330;138;192
13/11/2019;17:30;257;115;142
13/11/2019;17:45;261;104;157
13/11/2019;18:00;242;94;148
13/11/2019;18:15;229;110;119
13/11/2019;18:30;230;107;123
13/11/2019;18:45;220;97;123
13/11/2019;19:00;220;89;131
13/11/2019;19:15;164;76;88
13/11/2019;19:30;162;67;95
13/11/2019;19:45;143;76;67
13/11/2019;20:00;150;75;75
13/11/2019;20:15;161;80;81
13/11/2019;20:30;131;63;68
13/11/2019;20:45;75;35;40
13/11/2019;21:00;100;41;59
13/11/2019;21:15;78;33;45
13/11/2019;21:30;83;37;46
13/11/2019;21:45;79;33;46
13/11/2019;22:00;103;33;70
13/11/2019;22:15;66;29;37
13/11/2019;22:30;61;29;32
13/11/2019;22:45;43;17;26
13/11/2019;23:00;47;20;27
13/11/2019;23:15;58;20;38
13/11/2019;23:30;37;24;13
13/11/2019;23:45;38;6;32
14/11/2019;00:00;20;9;11
14/11/2019;00:15;20;6;14
14/11/2019;00:30;15;7;8
14/11/2019;00:45;21;10;11
14/11/2019;01:00;13;3;10
14/11/2019;01:15;11;3;8
14/11/2019;01:30;7;5;2
14/11/2019;01:45;8;4;4
14/11/2019;02:00;16;5;11
14/11/2019;02:15;5;2;3
14/11/2019;02:30;3;1;2
14/11/2019;02:45;10;6;4
14/11/2019;03:00;7;4;3
14/11/2019;03:15;4;4;0
14/11/2019;03:30;5;2;3
14/11/2019;03:45;5;3;2
14/11/2019;04:00;10;6;4
14/11/2019;04:15;12;11;1
14/11/2019;04:30;9;5;4
14/11/2019;04:45;8;6;2
14/11/2019;05:00;4;4;0
14/11/2019;05:15;3;2;1
14/11/2019;05:30;21;14;7
14/11/2019;05:45;41;36;5
14/11/2019;06:00;24;15;9
14/11/2019;06:15;28;17;11
14/11/2019;06:30;39;27;12
14/11/2019;06:45;92;60;32
14/11/2019;07:00;87;56;31
14/11/2019;07:15;203;145;58
14/11/2019;07:30;511;323;188
14/11/2019;07:45;369;240;129
14/11/2019;08:00;223;141;82
14/11/2019;08:15;230;139;91
14/11/2019;08:30;227;142;85
14/11/2019;08:45;272;167;105
14/11/2019;09:00;172;117;55
14/11/2019;09:15;204;128;76
14/11/2019;09:30;242;155;87
14/11/2019;09:45;169;95;74
14/11/2019;10:00;127;71;56
14/11/2019;10:15;116;79;37
14/11/2019;10:30;117;67;50
14/11/2019;10:45;148;98;50
14/11/2019;11:00;138;58;80
14/11/2019;11:15;242;116;126
14/11/2019;11:30;155;76;79
14/11/2019;11:45;161;81;80
14/11/2019;12:00;152;79;73
14/11/2019;12:15;169;71;98
14/11/2019;12:30;189;69;120
14/11/2019;12:45;195;89;106
14/11/2019;13:00;312;76;236
14/11/2019;13:15;229;108;121
14/11/2019;13:30;199;90;109
14/11/2019;13:45;286;180;106
14/11/2019;14:00;187;81;106
14/11/2019;14:15;160;78;82
14/11/2019;14:30;165;77;88
14/11/2019;14:45;189;96;93
14/11/2019;15:00;186;90;96
14/11/2019;15:15;245;132;113
14/11/2019;15:30;395;167;228
14/11/2019;15:45;325;174;151
14/11/2019;16:00;206;91;115
14/11/2019;16:15;216;104;112
14/11/2019;16:30;246;104;142
14/11/2019;16:45;280;151;129
14/11/2019;17:00;294;124;170
14/11/2019;17:15;341;146;195
14/11/2019;17:30;242;106;136
14/11/2019;17:45;312;137;175
14/11/2019;18:00;237;89;148
14/11/2019;18:15;212;86;126
14/11/2019;18:30;205;101;104
14/11/2019;18:45;238;127;111
14/11/2019;19:00;166;71;95
14/11/2019;19:15;181;100;81
14/11/2019;19:30;131;64;67
14/11/2019;19:45;173;103;70
14/11/2019;20:00;133;52;81
14/11/2019;20:15;96;32;64
14/11/2019;20:30;106;47;59
14/11/2019;20:45;89;41;48
14/11/2019;21:00;75;33;42
14/11/2019;21:15;85;38;47
14/11/2019;21:30;87;30;57
14/11/2019;21:45;101;25;76
14/11/2019;22:00;82;31;51
14/11/2019;22:15;71;34;37
14/11/2019;22:30;51;16;35
14/11/2019;22:45;55;17;38
14/11/2019;23:00;43;16;27
14/11/2019;23:15;54;24;30
14/11/2019;23:30;44;14;30
14/11/2019;23:45;28;11;17
15/11/2019;00:00;50;21;29
15/11/2019;00:15;18;7;11
15/11/2019;00:30;16;3;13
15/11/2019;00:45;18;8;10
15/11/2019;01:00;16;3;13
15/11/2019;01:15;15;0;15
15/11/2019;01:30;11;1;10
15/11/2019;01:45;10;5;5
15/11/2019;02:00;4;2;2
15/11/2019;02:15;8;7;1
15/11/2019;02:30;7;5;2
15/11/2019;02:45;2;1;1
15/11/2019;03:00;5;3;2
15/11/2019;03:15;0;0;0
15/11/2019;03:30;9;2;7
15/11/2019;03:45;4;1;3
15/11/2019;04:00;4;2;2
15/11/2019;04:15;1;1;0
15/11/2019;04:30;6;4;2
15/11/2019;04:45;4;4;0
15/11/2019;05:00;5;5;0
15/11/2019;05:15;3;2;1
15/11/2019;05:30;8;5;3
15/11/2019;05:45;32;27;5
15/11/2019;06:00;30;22;8
15/11/2019;06:15;32;20;12
15/11/2019;06:30;43;25;18
15/11/2019;06:45;76;42;34
15/11/2019;07:00;76;50;26
15/11/2019;07:15;202;140;62
15/11/2019;07:30;458;296;162
15/11/2019;07:45;335;217;118
15/11/2019;08:00;180;120;60
15/11/2019;08:15;195;119;76
15/11/2019;08:30;164;103;61
15/11/2019;08:45;239;161;78
15/11/2019;09:00;155;92;63
15/11/2019;09:15;158;92;66
15/11/2019;09:30;180;112;68
15/11/2019;09:45;129;80;49
15/11/2019;10:00;104;66;38
15/11/2019;10:15;121;74;47
15/11/2019;10:30;105;54;51
15/11/2019;10:45;101;65;36
15/11/2019;11:00;135;73;62
15/11/2019;11:15;176;111;65
15/11/2019;11:30;134;85;49
15/11/2019;11:45;146;87;59
15/11/2019;12:00;158;56;102
15/11/2019;12:15;180;66;114
15/11/2019;12:30;205;107;98
15/11/2019;12:45;193;76;117
15/11/2019;13:00;411;108;303
15/11/2019;13:15;236;108;128
15/11/2019;13:30;192;90;102
15/11/2019;13:45;208;127;81
15/11/2019;14:00;169;77;92
15/11/2019;14:15;200;94;106
15/11/2019;14:30;178;95;83
15/11/2019;14:45;194;93;101
15/11/2019;15:00;181;84;97
15/11/2019;15:15;204;126;78
15/11/2019;15:30;225;120;105
15/11/2019;15:45;223;97;126
15/11/2019;16:00;211;87;124
15/11/2019;16:15;216;112;104
15/11/2019;16:30;206;98;108
15/11/2019;16:45;217;117;100
15/11/2019;17:00;210;89;121
15/11/2019;17:15;223;100;123
15/11/2019;17:30;187;85;102
15/11/2019;17:45;190;99;91
15/11/2019;18:00;143;60;83
15/11/2019;18:15;139;71;68
15/11/2019;18:30;167;92;75
15/11/2019;18:45;189;98;91
15/11/2019;19:00;164;69;95
15/11/2019;19:15;166;91;75
15/11/2019;19:30;88;47;41
15/11/2019;19:45;79;40;39
15/11/2019;20:00;108;50;58
15/11/2019;20:15;107;55;52
15/11/2019;20:30;87;48;39
15/11/2019;20:45;59;25;34
15/11/2019;21:00;57;29;28
15/11/2019;21:15;76;32;44
15/11/2019;21:30;61;21;40
15/11/2019;21:45;44;16;28
15/11/2019;22:00;64;29;35
15/11/2019;22:15;73;42;31
15/11/2019;22:30;76;31;45
15/11/2019;22:45;51;8;43
15/11/2019;23:00;40;11;29
15/11/2019;23:15;33;12;21
15/11/2019;23:30;36;12;24
15/11/2019;23:45;49;15;34
16/11/2019;00:00;51;22;29
16/11/2019;00:15;30;11;19
16/11/2019;00:30;38;8;30
16/11/2019;00:45;19;6;13
16/11/2019;01:00;24;14;10
16/11/2019;01:15;21;7;14
16/11/2019;01:30;25;4;21
16/11/2019;01:45;17;4;13
16/11/2019;02:00;24;9;15
16/11/2019;02:15;15;9;6
16/11/2019;02:30;22;9;13
16/11/2019;02:45;16;7;9
16/11/2019;03:00;9;2;7
16/11/2019;03:15;10;3;7
16/11/2019;03:30;8;3;5
16/11/2019;03:45;6;1;5
16/11/2019;04:00;5;1;4
16/11/2019;04:15;8;2;6
16/11/2019;04:30;15;10;5
16/11/2019;04:45;2;2;0
16/11/2019;05:00;4;3;1
16/11/2019;05:15;7;3;4
16/11/2019;05:30;15;12;3
16/11/2019;05:45;10;7;3
16/11/2019;06:00;5;5;0
16/11/2019;06:15;6;4;2
16/11/2019;06:30;15;13;2
16/11/2019;06:45;7;5;2
16/11/2019;07:00;12;6;6
16/11/2019;07:15;13;13;0
16/11/2019;07:30;23;16;7
16/11/2019;07:45;43;21;22
16/11/2019;08:00;25;13;12
16/11/2019;08:15;34;14;20
16/11/2019;08:30;69;39;30
16/11/2019;08:45;97;59;38
16/11/2019;09:00;68;47;21
16/11/2019;09:15;78;43;35
16/11/2019;09:30;92;61;31
16/11/2019;09:45;147;107;40
16/11/2019;10:00;91;56;35
16/11/2019;10:15;131;79;52
16/11/2019;10:30;98;62;36
16/11/2019;10:45;153;102;51
16/11/2019;11:00;168;121;47
16/11/2019;11:15;165;99;66
16/11/2019;11:30;147;75;72
16/11/2019;11:45;149;79;70
16/11/2019;12:00;206;116;90
16/11/2019;12:15;175;89;86
16/11/2019;12:30;173;92;81
16/11/2019;12:45;188;104;84
16/11/2019;13:00;179;91;88
16/11/2019;13:15;158;69;89
16/11/2019;13:30;176;93;83
16/11/2019;13:45;187;90;97
16/11/2019;14:00;141;69;72
16/11/2019;14:15;153;81;72
16/11/2019;14:30;166;76;90
16/11/2019;14:45;148;82;66
16/11/2019;15:00;167;86;81
16/11/2019;15:15;142;75;67
16/11/2019;15:30;143;62;81
16/11/2019;15:45;124;60;64
16/11/2019;16:00;129;52;77
16/11/2019;16:15;152;65;87
16/11/2019;16:30;147;64;83
16/11/2019;16:45;137;62;75
16/11/2019;17:00;134;58;76
16/11/2019;17:15;159;77;82
16/11/2019;17:30;107;60;47
16/11/2019;17:45;143;87;56
16/11/2019;18:00;130;56;74
16/11/2019;18:15;113;50;63
16/11/2019;18:30;103;47;56
16/11/2019;18:45;126;66;60
16/11/2019;19:00;85;34;51
16/11/2019;19:15;98;54;44
16/11/2019;19:30;94;48;46
16/11/2019;19:45;78;54;24
16/11/2019;20:00;90;48;42
16/11/2019;20:15;87;39;48
16/11/2019;20:30;85;55;30
16/11/2019;20:45;62;31;31
16/11/2019;21:00;42;18;24
16/11/2019;21:15;51;26;25
16/11/2019;21:30;63;26;37
16/11/2019;21:45;44;21;23
16/11/2019;22:00;37;17;20
16/11/2019;22:15;58;30;28
16/11/2019;22:30;46;18;28
16/11/2019;22:45;41;10;31
16/11/2019;23:00;68;25;43
16/11/2019;23:15;61;25;36
16/11/2019;23:30;45;18;27
16/11/2019;23:45;43;21;22
17/11/2019;00:00;66;24;42
17/11/2019;00:15;52;22;30
17/11/2019;00:30;42;17;25
17/11/2019;00:45;22;7;15
17/11/2019;01:00;30;15;15
17/11/2019;01:15;44;11;33
17/11/2019;01:30;35;13;22
17/11/2019;01:45;33;13;20
17/11/2019;02:00;20;4;16
17/11/2019;02:15;14;5;9
17/11/2019;02:30;19;8;11
17/11/2019;02:45;18;9;9
17/11/2019;03:00;15;9;6
17/11/2019;03:15;17;10;7
17/11/2019;03:30;10;6;4
17/11/2019;03:45;8;4;4
17/11/2019;04:00;9;4;5
17/11/2019;04:15;9;4;5
17/11/2019;04:30;5;0;5
17/11/2019;04:45;1;1;0
17/11/2019;05:00;4;1;3
17/11/2019;05:15;11;3;8
17/11/2019;05:30;5;2;3
17/11/2019;05:45;6;3;3
17/11/2019;06:00;5;3;2
17/11/2019;06:15;7;4;3
17/11/2019;06:30;5;5;0
17/11/2019;06:45;9;7;2
17/11/2019;07:00;6;4;2
17/11/2019;07:15;13;8;5
17/11/2019;07:30;13;7;6
17/11/2019;07:45;4;2;2
17/11/2019;08:00;15;9;6
17/11/2019;08:15;3;2;1
17/11/2019;08:30;19;8;11
17/11/2019;08:45;27;15;12
17/11/2019;09:00;20;14;6
17/11/2019;09:15;28;15;13
17/11/2019;09:30;27;17;10
17/11/2019;09:45;52;32;20
17/11/2019;10:00;30;14;16
17/11/2019;10:15;21;7;14
17/11/2019;10:30;25;20;5
17/11/2019;10:45;46;30;16
17/11/2019;11:00;37;23;14
17/11/2019;11:15;32;17;15
17/11/2019;11:30;46;26;20
17/11/2019;11:45;47;23;24
17/11/2019;12:00;46;26;20
17/11/2019;12:15;52;28;24
17/11/2019;12:30;58;36;22
17/11/2019;12:45;66;35;31
17/11/2019;13:00;46;21;25
17/11/2019;13:15;33;14;19
17/11/2019;13:30;26;13;13
17/11/2019;13:45;49;20;29
17/11/2019;14:00;57;26;31
17/11/2019;14:15;66;34;32
17/11/2019;14:30;63;26;37
17/11/2019;14:45;64;22;42
17/11/2019;15:00;61;28;33
17/11/2019;15:15;65;39;26
17/11/2019;15:30;56;29;27
17/11/2019;15:45;66;31;35
17/11/2019;16:00;70;22;48
17/11/2019;16:15;73;34;39
17/11/2019;16:30;90;43;47
17/11/2019;16:45;74;37;37
17/11/2019;17:00;68;31;37
17/11/2019;17:15;66;26;40
17/11/2019;17:30;70;32;38
17/11/2019;17:45;79;45;34
17/11/2019;18:00;69;23;46
17/11/2019;18:15;67;36;31
17/11/2019;18:30;63;44;19
17/11/2019;18:45;61;39;22
17/11/2019;19:00;57;35;22
17/11/2019;19:15;53;31;22
17/11/2019;19:30;47;19;28
17/11/2019;19:45;43;16;27
17/11/2019;20:00;52;20;32
17/11/2019;20:15;42;22;20
17/11/2019;20:30;34;18;16
17/11/2019;20:45;22;9;13
17/11/2019;21:00;23;14;9
17/11/2019;21:15;31;10;21
17/11/2019;21:30;22;10;12
17/11/2019;21:45;36;15;21
17/11/2019;22:00;23;10;13
17/11/2019;22:15;18;7;11
17/11/2019;22:30;21;12;9
17/11/2019;22:45;21;9;12
17/11/2019;23:00;10;3;7
17/11/2019;23:15;16;5;11
17/11/2019;23:30;11;0;11
17/11/2019;23:45;6;3;3
18/11/2019;00:00;14;5;9
18/11/2019;00:15;9;2;7
18/11/2019;00:30;7;5;2
18/11/2019;00:45;5;4;1
18/11/2019;01:00;4;0;4
18/11/2019;01:15;1;0;1
18/11/2019;01:30;3;3;0
18/11/2019;01:45;2;1;1
18/11/2019;02:00;1;0;1
18/11/2019;02:15;0;0;0
18/11/2019;02:30;1;1;0
18/11/2019;02:45;0;0;0
18/11/2019;03:00;1;1;0
18/11/2019;03:15;0;0;0
18/11/2019;03:30;0;0;0
18/11/2019;03:45;1;1;0
18/11/2019;04:00;1;0;1
18/11/2019;04:15;1;1;0
18/11/2019;04:30;4;1;3
18/11/2019;04:45;5;4;1
18/11/2019;05:00;4;4;0
18/11/2019;05:15;3;1;2
18/11/2019;05:30;16;13;3
18/11/2019;05:45;38;30;8
18/11/2019;06:00;21;13;8
18/11/2019;06:15;33;25;8
18/11/2019;06:30;49;35;14
18/11/2019;06:45;90;64;26
18/11/2019;07:00;94;55;39
18/11/2019;07:15;169;105;64
18/11/2019;07:30;532;361;171
18/11/2019;07:45;370;245;125
18/11/2019;08:00;201;114;87
18/11/2019;08:15;234;143;91
18/11/2019;08:30;177;101;76
18/11/2019;08:45;265;158;107
18/11/2019;09:00;176;109;67
18/11/2019;09:15;219;145;74
18/11/2019;09:30;264;178;86
18/11/2019;09:45;178;113;65
18/11/2019;10:00;133;77;56
18/11/2019;10:15;105;65;40
18/11/2019;10:30;115;53;62
18/11/2019;10:45;135;75;60
18/11/2019;11:00;129;57;72
18/11/2019;11:15;216;102;114
18/11/2019;11:30;141;74;67
18/11/2019;11:45;135;75;60
18/11/2019;12:00;147;77;70
18/11/2019;12:15;173;78;95
18/11/2019;12:30;167;56;111
18/11/2019;12:45;191;89;102
18/11/2019;13:00;334;98;236
18/11/2019;13:15;209;88;121
18/11/2019;13:30;218;100;118
18/11/2019;13:45;237;142;95
18/11/2019;14:00;141;73;68
18/11/2019;14:15;135;69;66
18/11/2019;14:30;180;88;92
18/11/2019;14:45;154;68;86
18/11/2019;15:00;174;92;82
18/11/2019;15:15;200;87;113
18/11/2019;15:30;376;156;220
18/11/2019;15:45;269;139;130
18/11/2019;16:00;229;108;121
18/11/2019;16:15;230;103;127
18/11/2019;16:30;262;119;143
18/11/2019;16:45;247;123;124
18/11/2019;17:00;278;144;134
18/11/2019;17:15;367;178;189
18/11/2019;17:30;256;126;130
18/11/2019;17:45;226;93;133
18/11/2019;18:00;216;103;113
18/11/2019;18:15;205;87;118
18/11/2019;18:30;187;98;89
18/11/2019;18:45;259;117;142
18/11/2019;19:00;213;87;126
18/11/2019;19:15;182;79;103
18/11/2019;19:30;143;68;75
18/11/2019;19:45;169;77;92
18/11/2019;20:00;117;65;52
18/11/2019;20:15;129;67;62
18/11/2019;20:30;91;39;52
18/11/2019;20:45;90;40;50
18/11/2019;21:00;86;23;63
18/11/2019;21:15;85;38;47
18/11/2019;21:30;66;33;33
18/11/2019;21:45;99;45;54
18/11/2019;22:00;69;33;36
18/11/2019;22:15;59;28;31
18/11/2019;22:30;51;19;32
18/11/2019;22:45;60;14;46
18/11/2019;23:00;48;20;28
18/11/2019;23:15;42;10;32
18/11/2019;23:30;27;10;17
18/11/2019;23:45;30;6;24
19/11/2019;00:00;21;11;10
19/11/2019;00:15;12;7;5
19/11/2019;00:30;11;4;7
19/11/2019;00:45;5;2;3
19/11/2019;01:00;3;2;1
19/11/2019;01:15;2;1;1
19/11/2019;01:30;6;3;3
19/11/2019;01:45;1;1;0
19/11/2019;02:00;0;0;0
19/11/2019;02:15;1;0;1
19/11/2019;02:30;1;1;0
19/11/2019;02:45;0;0;0
19/11/2019;03:00;0;0;0
19/11/2019;03:15;1;0;1
19/11/2019;03:30;1;0;1
19/11/2019;03:45;1;1;0
19/11/2019;04:00;6;6;0
19/11/2019;04:15;5;5;0
19/11/2019;04:30;0;0;0
19/11/2019;04:45;4;2;2
19/11/2019;05:00;2;2;0
19/11/2019;05:15;6;3;3
19/11/2019;05:30;15;11;4
19/11/2019;05:45;32;28;4
19/11/2019;06:00;16;10;6
19/11/2019;06:15;35;24;11
19/11/2019;06:30;54;33;21
19/11/2019;06:45;81;53;28
19/11/2019;07:00;89;58;31
19/11/2019;07:15;189;120;69
19/11/2019;07:30;530;347;183
19/11/2019;07:45;473;323;150
19/11/2019;08:00;233;136;97
19/11/2019;08:15;216;124;92
19/11/2019;08:30;206;122;84
19/11/2019;08:45;283;194;89
19/11/2019;09:00;213;148;65
19/11/2019;09:15;201;139;62
19/11/2019;09:30;247;156;91
19/11/2019;09:45;169;97;72
19/11/2019;10:00;125;73;52
19/11/2019;10:15;119;71;48
19/11/2019;10:30;122;76;46
19/11/2019;10:45;145;89;56
19/11/2019;11:00;142;80;62
19/11/2019;11:15;221;117;104
19/11/2019;11:30;152;70;82
19/11/2019;11:45;150;70;80
19/11/2019;12:00;170;95;75
19/11/2019;12:15;199;67;132
19/11/2019;12:30;193;56;137
19/11/2019;12:45;191;80;111
19/11/2019;13:00;349;93;256
19/11/2019;13:15;174;90;84
19/11/2019;13:30;196;104;92
19/11/2019;13:45;276;176;100
19/11/2019;14:00;181;93;88
19/11/2019;14:15;164;77;87
19/11/2019;14:30;156;72;84
19/11/2019;14:45;170;73;97
19/11/2019;15:00;164;77;87
19/11/2019;15:15;233;120;113
19/11/2019;15:30;433;163;270
19/11/2019;15:45;281;132;149
19/11/2019;16:00;204;111;93
19/11/2019;16:15;247;122;125
19/11/2019;16:30;229;100;129
19/11/2019;16:45;287;125;162
19/11/2019;17:00;278;117;161
19/11/2019;17:15;361;171;190
19/11/2019;17:30;261;111;150
19/11/2019;17:45;264;117;147
19/11/2019;18:00;249;103;146
19/11/2019;18:15;223;103;120
19/11/2019;18:30;155;61;94
19/11/2019;18:45;255;120;135
19/11/2019;19:00;191;81;110
19/11/2019;19:15;215;102;113
19/11/2019;19:30;169;78;91
19/11/2019;19:45;176;85;91
19/11/2019;20:00;122;59;63
19/11/2019;20:15;108;46;62
19/11/2019;20:30;106;49;57
19/11/2019;20:45;91;52;39
19/11/2019;21:00;76;29;47
19/11/2019;21:15;79;32;47
19/11/2019;21:30;75;27;48
19/11/2019;21:45;80;23;57
19/11/2019;22:00;88;24;64
19/11/2019;22:15;85;22;63
19/11/2019;22:30;79;29;50
19/11/2019;22:45;52;17;35
19/11/2019;23:00;50;15;35
19/11/2019;23:15;38;13;25
19/11/2019;23:30;25;13;12
19/11/2019;23:45;22;8;14
20/11/2019;00:00;27;4;23
20/11/2019;00:15;11;5;6
20/11/2019;00:30;12;6;6
20/11/2019;00:45;14;0;14
20/11/2019;01:00;18;7;11
20/11/2019;01:15;20;6;14
20/11/2019;01:30;13;6;7
20/11/2019;01:45;10;5;5
20/11/2019;02:00;3;0;3
20/11/2019;02:15;4;2;2
20/11/2019;02:30;1;0;1
20/11/2019;02:45;6;1;5
20/11/2019;03:00;2;1;1
20/11/2019;03:15;2;2;0
20/11/2019;03:30;1;0;1
20/11/2019;03:45;1;1;0
20/11/2019;04:00;1;0;1
20/11/2019;04:15;2;2;0
20/11/2019;04:30;2;2;0
20/11/2019;04:45;5;3;2
20/11/2019;05:00;3;2;1
20/11/2019;05:15;5;0;5
20/11/2019;05:30;19;14;5
20/11/2019;05:45;33;26;7
20/11/2019;06:00;24;17;7
20/11/2019;06:15;39;29;10
20/11/2019;06:30;50;36;14
20/11/2019;06:45;92;58;34
20/11/2019;07:00;94;54;40
20/11/2019;07:15;199;130;69
20/11/2019;07:30;462;288;174
20/11/2019;07:45;424;293;131
20/11/2019;08:00;231;138;93
20/11/2019;08:15;212;122;90
20/11/2019;08:30;238;130;108
20/11/2019;08:45;249;164;85
20/11/2019;09:00;204;134;70
20/11/2019;09:15;214;141;73
20/11/2019;09:30;273;179;94
20/11/2019;09:45;194;130;64
20/11/2019;10:00;129;76;53
20/11/2019;10:15;108;72;36
20/11/2019;10:30;103;68;35
20/11/2019;10:45;116;64;52
20/11/2019;11:00;137;57;80
20/11/2019;11:15;217;92;125
20/11/2019;11:30;155;76;79
20/11/2019;11:45;148;78;70
20/11/2019;12:00;154;73;81
20/11/2019;12:15;196;87;109
20/11/2019;12:30;181;79;102
20/11/2019;12:45;209;95;114
20/11/2019;13:00;346;123;223
20/11/2019;13:15;214;120;94
20/11/2019;13:30;183;88;95
20/11/2019;13:45;310;210;100
20/11/2019;14:00;182;95;87
20/11/2019;14:15;146;76;70
20/11/2019;14:30;161;75;86
20/11/2019;14:45;185;82;103
20/11/2019;15:00;179;87;92
20/11/2019;15:15;211;98;113
20/11/2019;15:30;344;131;213
20/11/2019;15:45;274;121;153
20/11/2019;16:00;201;79;122
20/11/2019;16:15;216;109;107
20/11/2019;16:30;239;115;124
20/11/2019;16:45;235;116;119
20/11/2019;17:00;253;95;158
20/11/2019;17:15;321;168;153
20/11/2019;17:30;233;107;126
20/11/2019;17:45;274;133;141
20/11/2019;18:00;243;111;132
20/11/2019;18:15;254;123;131
20/11/2019;18:30;225;101;124
20/11/2019;18:45;245;109;136
20/11/2019;19:00;226;112;114
20/11/2019;19:15;163;93;70
20/11/2019;19:30;151;72;79
20/11/2019;19:45;162;59;103
20/11/2019;20:00;151;67;84
20/11/2019;20:15;143;80;63
20/11/2019;20:30;127;61;66
20/11/2019;20:45;92;38;54
20/11/2019;21:00;90;38;52
20/11/2019;21:15;83;40;43
20/11/2019;21:30;91;36;55
20/11/2019;21:45;79;37;42
20/11/2019;22:00;82;36;46
20/11/2019;22:15;52;23;29
20/11/2019;22:30;51;18;33
20/11/2019;22:45;49;20;29
20/11/2019;23:00;50;9;41
20/11/2019;23:15;62;32;30
20/11/2019;23:30;45;16;29
20/11/2019;23:45;55;8;47
21/11/2019;00:00;43;18;25
21/11/2019;00:15;26;9;17
21/11/2019;00:30;19;6;13
21/11/2019;00:45;15;1;14
21/11/2019;01:00;16;2;14
21/11/2019;01:15;21;4;17
21/11/2019;01:30;4;1;3
21/11/2019;01:45;5;2;3
21/11/2019;02:00;9;4;5
21/11/2019;02:15;4;1;3
21/11/2019;02:30;2;0;2
21/11/2019;02:45;3;3;0
21/11/2019;03:00;4;2;2
21/11/2019;03:15;3;0;3
21/11/2019;03:30;2;2;0
21/11/2019;03:45;2;1;1
21/11/2019;04:00;2;0;2
21/11/2019;04:15;1;1;0
21/11/2019;04:30;4;1;3
21/11/2019;04:45;4;2;2
21/11/2019;05:00;6;5;1
21/11/2019;05:15;5;4;1
21/11/2019;05:30;15;10;5
21/11/2019;05:45;35;28;7
21/11/2019;06:00;21;14;7
21/11/2019;06:15;41;32;9
21/11/2019;06:30;50;37;13
21/11/2019;06:45;77;46;31
21/11/2019;07:00;97;64;33
21/11/2019;07:15;220;150;70
21/11/2019;07:30;449;266;183
21/11/2019;07:45;429;286;143
21/11/2019;08:00;226;136;90
21/11/2019;08:15;215;113;102
21/11/2019;08:30;224;133;91
21/11/2019;08:45;274;192;82
21/11/2019;09:00;145;88;57
21/11/2019;09:15;214;150;64
21/11/2019;09:30;236;155;81
21/11/2019;09:45;166;106;60
21/11/2019;10:00;133;76;57
21/11/2019;10:15;126;90;36
21/11/2019;10:30;104;60;44
21/11/2019;10:45;137;84;53
21/11/2019;11:00;141;76;65
21/11/2019;11:15;232;117;115
21/11/2019;11:30;146;72;74
21/11/2019;11:45;146;68;78
21/11/2019;12:00;129;47;82
21/11/2019;12:15;194;91;103
21/11/2019;12:30;211;95;116
21/11/2019;12:45;179;77;102
21/11/2019;13:00;368;111;257
21/11/2019;13:15;231;84;147
21/11/2019;13:30;178;96;82
21/11/2019;13:45;255;146;109
21/11/2019;14:00;158;72;86
21/11/2019;14:15;172;83;89
21/11/2019;14:30;166;88;78
21/11/2019;14:45;182;90;92
21/11/2019;15:00;163;88;75
21/11/2019;15:15;202;108;94
21/11/2019;15:30;379;164;215
21/11/2019;15:45;248;129;119
21/11/2019;16:00;211;99;112
21/11/2019;16:15;215;111;104
21/11/2019;16:30;262;118;144
21/11/2019;16:45;239;113;126
21/11/2019;17:00;266;124;142
21/11/2019;17:15;308;128;180
21/11/2019;17:30;273;134;139
21/11/2019;17:45;281;148;133
21/11/2019;18:00;226;103;123
21/11/2019;18:15;225;108;117
21/11/2019;18:30;206;94;112
21/11/2019;18:45;237;116;121
21/11/2019;19:00;170;75;95
21/11/2019;19:15;193;82;111
21/11/2019;19:30;168;85;83
21/11/2019;19:45;176;96;80
21/11/2019;20:00;129;73;56
21/11/2019;20:15;123;59;64
21/11/2019;20:30;108;55;53
21/11/2019;20:45;108;54;54
21/11/2019;21:00;105;57;48
21/11/2019;21:15;88;39;49
21/11/2019;21:30;103;43;60
21/11/2019;21:45;81;28;53
21/11/2019;22:00;98;44;54
21/11/2019;22:15;75;29;46
21/11/2019;22:30;75;46;29
21/11/2019;22:45;80;49;31
21/11/2019;23:00;69;22;47
21/11/2019;23:15;34;11;23
21/11/2019;23:30;37;10;27
21/11/2019;23:45;50;24;26
22/11/2019;00:00;36;14;22
22/11/2019;00:15;27;5;22
22/11/2019;00:30;16;3;13
22/11/2019;00:45;22;5;17
22/11/2019;01:00;18;3;15
22/11/2019;01:15;17;1;16
22/11/2019;01:30;30;1;29
22/11/2019;01:45;13;1;12
22/11/2019;02:00;21;2;19
22/11/2019;02:15;9;0;9
22/11/2019;02:30;14;1;13
22/11/2019;02:45;15;0;15
22/11/2019;03:00;12;0;12
22/11/2019;03:15;12;1;11
22/11/2019;03:30;8;0;8
22/11/2019;03:45;6;2;4
22/11/2019;04:00;3;2;1
22/11/2019;04:15;5;1;4
22/11/2019;04:30;3;1;2
22/11/2019;04:45;7;6;1
22/11/2019;05:00;5;4;1
22/11/2019;05:15;6;4;2
22/11/2019;05:30;9;6;3
22/11/2019;05:45;26;18;8
22/11/2019;06:00;20;13;7
22/11/2019;06:15;29;21;8
22/11/2019;06:30;54;36;18
22/11/2019;06:45;71;40;31
22/11/2019;07:00;85;51;34
22/11/2019;07:15;180;124;56
22/11/2019;07:30;499;329;170
22/11/2019;07:45;282;177;105
22/11/2019;08:00;183;120;63
22/11/2019;08:15;204;131;73
22/11/2019;08:30;196;126;70
22/11/2019;08:45;276;179;97
22/11/2019;09:00;214;147;67
22/11/2019;09:15;196;122;74
22/11/2019;09:30;224;145;79
22/11/2019;09:45;179;107;72
22/11/2019;10:00;111;65;46
22/11/2019;10:15;144;85;59
22/11/2019;10:30;151;92;59
22/11/2019;10:45;156;89;67
22/11/2019;11:00;152;86;66
22/11/2019;11:15;219;110;109
22/11/2019;11:30;164;81;83
22/11/2019;11:45;163;83;80
22/11/2019;12:00;165;66;99
22/11/2019;12:15;201;99;102
22/11/2019;12:30;224;108;116
22/11/2019;12:45;219;83;136
22/11/2019;13:00;396;100;296
22/11/2019;13:15;256;127;129
22/11/2019;13:30;202;88;114
22/11/2019;13:45;236;120;116
22/11/2019;14:00;197;93;104
22/11/2019;14:15;187;90;97
22/11/2019;14:30;172;80;92
22/11/2019;14:45;210;114;96
22/11/2019;15:00;180;83;97
22/11/2019;15:15;208;114;94
22/11/2019;15:30;238;103;135
22/11/2019;15:45;237;113;124
22/11/2019;16:00;214;88;126
22/11/2019;16:15;198;101;97
22/11/2019;16:30;181;72;109
22/11/2019;16:45;236;121;115
22/11/2019;17:00;229;107;122
22/11/2019;17:15;238;106;132
22/11/2019;17:30;181;77;104
22/11/2019;17:45;197;99;98
22/11/2019;18:00;170;84;86
22/11/2019;18:15;182;82;100
22/11/2019;18:30;164;82;82
22/11/2019;18:45;238;124;114
22/11/2019;19:00;161;68;93
22/11/2019;19:15;163;86;77
22/11/2019;19:30;115;68;47
22/11/2019;19:45;115;63;52
22/11/2019;20:00;110;56;54
22/11/2019;20:15;106;53;53
22/11/2019;20:30;99;41;58
22/11/2019;20:45;82;47;35
22/11/2019;21:00;85;51;34
22/11/2019;21:15;73;23;50
22/11/2019;21:30;65;27;38
22/11/2019;21:45;57;26;31
22/11/2019;22:00;92;50;42
22/11/2019;22:15;71;28;43
22/11/2019;22:30;70;24;46
22/11/2019;22:45;68;28;40
22/11/2019;23:00;46;15;31
22/11/2019;23:15;28;5;23
22/11/2019;23:30;60;31;29
22/11/2019;23:45;61;25;36
23/11/2019;00:00;38;19;19
23/11/2019;00:15;46;21;25
23/11/2019;00:30;39;17;22
23/11/2019;00:45;34;7;27
23/11/2019;01:00;45;23;22
23/11/2019;01:15;22;7;15
23/11/2019;01:30;35;9;26
23/11/2019;01:45;16;3;13
23/11/2019;02:00;26;10;16
23/11/2019;02:15;13;3;10
23/11/2019;02:30;25;7;18
23/11/2019;02:45;17;6;11
23/11/2019;03:00;12;8;4
23/11/2019;03:15;16;8;8
23/11/2019;03:30;13;3;10
23/11/2019;03:45;5;2;3
23/11/2019;04:00;8;4;4
23/11/2019;04:15;7;3;4
23/11/2019;04:30;8;8;0
23/11/2019;04:45;8;4;4
23/11/2019;05:00;1;1;0
23/11/2019;05:15;10;4;6
23/11/2019;05:30;2;1;1
23/11/2019;05:45;11;7;4
23/11/2019;06:00;5;4;1
23/11/2019;06:15;11;7;4
23/11/2019;06:30;11;9;2
23/11/2019;06:45;17;14;3
23/11/2019;07:00;11;6;5
23/11/2019;07:15;14;13;1
23/11/2019;07:30;22;17;5
23/11/2019;07:45;39;19;20
23/11/2019;08:00;24;19;5
23/11/2019;08:15;67;41;26
23/11/2019;08:30;61;28;33
23/11/2019;08:45;115;67;48
23/11/2019;09:00;64;38;26
23/11/2019;09:15;102;67;35
23/11/2019;09:30;112;64;48
23/11/2019;09:45;135;86;49
23/11/2019;10:00;118;64;54
23/11/2019;10:15;128;75;53
23/11/2019;10:30;125;76;49
23/11/2019;10:45;155;105;50
23/11/2019;11:00;142;92;50
23/11/2019;11:15;150;86;64
23/11/2019;11:30;136;57;79
23/11/2019;11:45;181;112;69
23/11/2019;12:00;160;86;74
23/11/2019;12:15;180;112;68
23/11/2019;12:30;173;83;90
23/11/2019;12:45;131;81;50
23/11/2019;13:00;151;70;81
23/11/2019;13:15;179;108;71
23/11/2019;13:30;159;68;91
23/11/2019;13:45;188;116;72
23/11/2019;14:00;152;73;79
23/11/2019;14:15;166;93;73
23/11/2019;14:30;149;70;79
23/11/2019;14:45;184;94;90
23/11/2019;15:00;128;53;75
23/11/2019;15:15;138;61;77
23/11/2019;15:30;149;69;80
23/11/2019;15:45;137;62;75
23/11/2019;16:00;119;49;70
23/11/2019;16:15;162;69;93
23/11/2019;16:30;135;55;80
23/11/2019;16:45;130;55;75
23/11/2019;17:00;127;42;85
23/11/2019;17:15;169;70;99
23/11/2019;17:30;137;62;75
23/11/2019;17:45;133;57;76
23/11/2019;18:00;128;58;70
23/11/2019;18:15;117;48;69
23/11/2019;18:30;96;47;49
23/11/2019;18:45;130;80;50
23/11/2019;19:00;118;68;50
23/11/2019;19:15;130;84;46
23/11/2019;19:30;127;92;35
23/11/2019;19:45;111;67;44
23/11/2019;20:00;83;37;46
23/11/2019;20:15;90;44;46
23/11/2019;20:30;65;33;32
23/11/2019;20:45;61;36;25
23/11/2019;21:00;79;33;46
23/11/2019;21:15;58;21;37
23/11/2019;21:30;68;27;41
23/11/2019;21:45;88;24;64
23/11/2019;22:00;67;24;43
23/11/2019;22:15;83;43;40
23/11/2019;22:30;57;17;40
23/11/2019;22:45;59;21;38
23/11/2019;23:00;59;15;44
23/11/2019;23:15;55;13;42
23/11/2019;23:30;51;14;37
23/11/2019;23:45;45;25;20
24/11/2019;00:00;51;12;39
24/11/2019;00:15;40;11;29
24/11/2019;00:30;38;14;24
24/11/2019;00:45;45;15;30
24/11/2019;01:00;50;26;24
24/11/2019;01:15;42;14;28
24/11/2019;01:30;29;8;21
24/11/2019;01:45;34;10;24
24/11/2019;02:00;28;12;16
24/11/2019;02:15;25;12;13
24/11/2019;02:30;27;13;14
24/11/2019;02:45;18;3;15
24/11/2019;03:00;13;5;8
24/11/2019;03:15;23;8;15
24/11/2019;03:30;12;7;5
24/11/2019;03:45;6;3;3
24/11/2019;04:00;14;10;4
24/11/2019;04:15;7;4;3
24/11/2019;04:30;2;1;1
24/11/2019;04:45;2;1;1
24/11/2019;05:00;12;7;5
24/11/2019;05:15;8;5;3
24/11/2019;05:30;9;5;4
24/11/2019;05:45;7;6;1
24/11/2019;06:00;10;6;4
24/11/2019;06:15;8;8;0
24/11/2019;06:30;6;5;1
24/11/2019;06:45;13;10;3
24/11/2019;07:00;7;5;2
24/11/2019;07:15;8;7;1
24/11/2019;07:30;8;4;4
24/11/2019;07:45;17;8;9
24/11/2019;08:00;11;6;5
24/11/2019;08:15;7;3;4
24/11/2019;08:30;30;20;10
24/11/2019;08:45;31;11;20
24/11/2019;09:00;28;11;17
24/11/2019;09:15;33;21;12
24/11/2019;09:30;58;35;23
24/11/2019;09:45;104;66;38
24/11/2019;10:00;47;26;21
24/11/2019;10:15;64;34;30
24/11/2019;10:30;67;40;27
24/11/2019;10:45;77;50;27
24/11/2019;11:00;68;30;38
24/11/2019;11:15;86;46;40
24/11/2019;11:30;89;51;38
24/11/2019;11:45;90;53;37
24/11/2019;12:00;97;57;40
24/11/2019;12:15;103;54;49
24/11/2019;12:30;118;69;49
24/11/2019;12:45;104;54;50
24/11/2019;13:00;130;67;63
24/11/2019;13:15;95;53;42
24/11/2019;13:30;120;60;60
24/11/2019;13:45;97;52;45
24/11/2019;14:00;99;56;43
24/11/2019;14:15;107;69;38
24/11/2019;14:30;146;80;66
24/11/2019;14:45;116;65;51
24/11/2019;15:00;101;42;59
24/11/2019;15:15;115;65;50
24/11/2019;15:30;124;74;50
24/11/2019;15:45;104;61;43
24/11/2019;16:00;121;50;71
24/11/2019;16:15;139;85;54
24/11/2019;16:30;150;84;66
24/11/2019;16:45;136;52;84
24/11/2019;17:00;115;44;71
24/11/2019;17:15;92;42;50
24/11/2019;17:30;120;55;65
24/11/2019;17:45;91;39;52
24/11/2019;18:00;80;33;47
24/11/2019;18:15;72;31;41
24/11/2019;18:30;96;33;63
24/11/2019;18:45;102;42;60
24/11/2019;19:00;63;23;40
24/11/2019;19:15;74;29;45
24/11/2019;19:30;73;37;36
24/11/2019;19:45;58;32;26
24/11/2019;20:00;50;24;26
24/11/2019;20:15;61;29;32
24/11/2019;20:30;38;18;20
24/11/2019;20:45;30;15;15
24/11/2019;21:00;42;18;24
24/11/2019;21:15;47;22;25
24/11/2019;21:30;27;12;15
24/11/2019;21:45;37;13;24
24/11/2019;22:00;33;13;20
24/11/2019;22:15;40;18;22
24/11/2019;22:30;45;29;16
24/11/2019;22:45;30;14;16
24/11/2019;23:00;22;9;13
24/11/2019;23:15;28;16;12
24/11/2019;23:30;11;5;6
24/11/2019;23:45;9;6;3
25/11/2019;00:00;10;4;6
25/11/2019;00:15;12;4;8
25/11/2019;00:30;6;2;4
25/11/2019;00:45;12;7;5
25/11/2019;01:00;4;0;4
25/11/2019;01:15;5;2;3
25/11/2019;01:30;6;1;5
25/11/2019;01:45;1;1;0
25/11/2019;02:00;3;2;1
25/11/2019;02:15;0;0;0
25/11/2019;02:30;3;0;3
25/11/2019;02:45;1;0;1
25/11/2019;03:00;1;0;1
25/11/2019;03:15;1;1;0
25/11/2019;03:30;2;0;2
25/11/2019;03:45;2;0;2
25/11/2019;04:00;0;0;0
25/11/2019;04:15;2;2;0
25/11/2019;04:30;3;2;1
25/11/2019;04:45;5;5;0
25/11/2019;05:00;4;3;1
25/11/2019;05:15;6;3;3
25/11/2019;05:30;15;11;4
25/11/2019;05:45;32;26;6
25/11/2019;06:00;23;15;8
25/11/2019;06:15;32;18;14
25/11/2019;06:30;45;36;9
25/11/2019;06:45;87;55;32
25/11/2019;07:00;91;62;29
25/11/2019;07:15;220;150;70
25/11/2019;07:30;507;344;163
25/11/2019;07:45;366;236;130
25/11/2019;08:00;182;98;84
25/11/2019;08:15;203;120;83
25/11/2019;08:30;187;98;89
25/11/2019;08:45;239;157;82
25/11/2019;09:00;199;131;68
25/11/2019;09:15;217;141;76
25/11/2019;09:30;245;153;92
25/11/2019;09:45;188;118;70
25/11/2019;10:00;133;80;53
25/11/2019;10:15;122;67;55
25/11/2019;10:30;99;49;50
25/11/2019;10:45;110;63;47
25/11/2019;11:00;124;59;65
25/11/2019;11:15;208;111;97
25/11/2019;11:30;135;56;79
25/11/2019;11:45;145;68;77
25/11/2019;12:00;130;62;68
25/11/2019;12:15;171;78;93
25/11/2019;12:30;173;83;90
25/11/2019;12:45;200;94;106
25/11/2019;13:00;335;110;225
25/11/2019;13:15;188;81;107
25/11/2019;13:30;201;104;97
25/11/2019;13:45;233;147;86
25/11/2019;14:00;192;99;93
25/11/2019;14:15;174;88;86
25/11/2019;14:30;146;73;73
25/11/2019;14:45;177;97;80
25/11/2019;15:00;172;93;79
25/11/2019;15:15;230;110;120
25/11/2019;15:30;374;160;214
25/11/2019;15:45;293;139;154
25/11/2019;16:00;179;89;90
25/11/2019;16:15;192;82;110
25/11/2019;16:30;234;110;124
25/11/2019;16:45;269;121;148
25/11/2019;17:00;256;120;136
25/11/2019;17:15;336;174;162
25/11/2019;17:30;241;99;142
25/11/2019;17:45;250;140;110
25/11/2019;18:00;235;108;127
25/11/2019;18:15;199;96;103
25/11/2019;18:30;228;110;118
25/11/2019;18:45;256;105;151
25/11/2019;19:00;238;75;163
25/11/2019;19:15;170;72;98
25/11/2019;19:30;147;58;89
25/11/2019;19:45;155;75;80
25/11/2019;20:00;111;40;71
25/11/2019;20:15;143;65;78
25/11/2019;20:30;103;45;58
25/11/2019;20:45;83;35;48
25/11/2019;21:00;82;38;44
25/11/2019;21:15;75;32;43
25/11/2019;21:30;76;36;40
25/11/2019;21:45;78;39;39
25/11/2019;22:00;68;38;30
25/11/2019;22:15;52;18;34
25/11/2019;22:30;48;26;22
25/11/2019;22:45;57;19;38
25/11/2019;23:00;50;16;34
25/11/2019;23:15;24;13;11
25/11/2019;23:30;27;10;17
25/11/2019;23:45;20;5;15
26/11/2019;00:00;23;3;20
26/11/2019;00:15;11;5;6
26/11/2019;00:30;19;10;9
26/11/2019;00:45;10;3;7
26/11/2019;01:00;16;2;14
26/11/2019;01:15;3;2;1
26/11/2019;01:30;7;1;6
26/11/2019;01:45;2;1;1
26/11/2019;02:00;0;0;0
26/11/2019;02:15;3;0;3
26/11/2019;02:30;4;2;2
26/11/2019;02:45;1;1;0
26/11/2019;03:00;1;1;0
26/11/2019;03:15;0;0;0
26/11/2019;03:30;3;0;3
26/11/2019;03:45;1;1;0
26/11/2019;04:00;2;2;0
26/11/2019;04:15;2;1;1
26/11/2019;04:30;3;3;0
26/11/2019;04:45;2;1;1
26/11/2019;05:00;2;2;0
26/11/2019;05:15;4;2;2
26/11/2019;05:30;13;11;2
26/11/2019;05:45;32;23;9
26/11/2019;06:00;26;15;11
26/11/2019;06:15;35;25;10
26/11/2019;06:30;53;37;16
26/11/2019;06:45;89;69;20
26/11/2019;07:00;97;60;37
26/11/2019;07:15;203;139;64
26/11/2019;07:30;507;347;160
26/11/2019;07:45;439;293;146
26/11/2019;08:00;248;131;117
26/11/2019;08:15;224;128;96
26/11/2019;08:30;199;120;79
26/11/2019;08:45;272;183;89
26/11/2019;09:00;182;124;58
26/11/2019;09:15;235;175;60
26/11/2019;09:30;278;182;96
26/11/2019;09:45;184;116;68
26/11/2019;10:00;121;71;50
26/11/2019;10:15;109;74;35
26/11/2019;10:30;134;87;47
26/11/2019;10:45;129;76;53
26/11/2019;11:00;166;82;84
26/11/2019;11:15;217;119;98
26/11/2019;11:30;201;117;84
26/11/2019;11:45;288;204;84
26/11/2019;12:00;264;162;102
26/11/2019;12:15;245;143;102
26/11/2019;12:30;211;96;115
26/11/2019;12:45;223;100;123
26/11/2019;13:00;318;113;205
26/11/2019;13:15;225;88;137
26/11/2019;13:30;187;83;104
26/11/2019;13:45;298;166;132
26/11/2019;14:00;275;85;190
26/11/2019;14:15;274;87;187
26/11/2019;14:30;193;69;124
26/11/2019;14:45;237;100;137
26/11/2019;15:00;170;73;97
26/11/2019;15:15;206;105;101
26/11/2019;15:30;400;139;261
26/11/2019;15:45;258;117;141
26/11/2019;16:00;222;95;127
26/11/2019;16:15;219;108;111
26/11/2019;16:30;238;106;132
26/11/2019;16:45;277;126;151
26/11/2019;17:00;273;136;137
26/11/2019;17:15;315;122;193
26/11/2019;17:30;247;123;124
26/11/2019;17:45;234;121;113
26/11/2019;18:00;271;122;149
26/11/2019;18:15;230;91;139
26/11/2019;18:30;196;71;125
26/11/2019;18:45;253;105;148
26/11/2019;19:00;213;79;134
26/11/2019;19:15;228;106;122
26/11/2019;19:30;146;65;81
26/11/2019;19:45;181;76;105
26/11/2019;20:00;141;58;83
26/11/2019;20:15;133;62;71
26/11/2019;20:30;126;67;59
26/11/2019;20:45;79;46;33
26/11/2019;21:00;72;28;44
26/11/2019;21:15;84;39;45
26/11/2019;21:30;57;22;35
26/11/2019;21:45;75;26;49
26/11/2019;22:00;79;27;52
26/11/2019;22:15;76;37;39
26/11/2019;22:30;55;25;30
26/11/2019;22:45;55;19;36
26/11/2019;23:00;63;23;40
26/11/2019;23:15;39;15;24
26/11/2019;23:30;41;19;22
26/11/2019;23:45;27;8;19
27/11/2019;00:00;27;8;19
27/11/2019;00:15;19;8;11
27/11/2019;00:30;12;4;8
27/11/2019;00:45;15;3;12
27/11/2019;01:00;16;4;12
27/11/2019;01:15;9;4;5
27/11/2019;01:30;3;2;1
27/11/2019;01:45;8;3;5
27/11/2019;02:00;6;3;3
27/11/2019;02:15;1;1;0
27/11/2019;02:30;2;0;2
27/11/2019;02:45;0;0;0
27/11/2019;03:00;0;0;0
27/11/2019;03:15;0;0;0
27/11/2019;03:30;1;0;1
27/11/2019;03:45;0;0;0
27/11/2019;04:00;0;0;0
27/11/2019;04:15;1;1;0
27/11/2019;04:30;1;1;0
27/11/2019;04:45;4;1;3
27/11/2019;05:00;2;1;1
27/11/2019;05:15;6;1;5
27/11/2019;05:30;18;15;3
27/11/2019;05:45;41;30;11
27/11/2019;06:00;18;10;8
27/11/2019;06:15;40;27;13
27/11/2019;06:30;44;31;13
27/11/2019;06:45;81;55;26
27/11/2019;07:00;89;63;26
27/11/2019;07:15;229;151;78
27/11/2019;07:30;485;329;156
27/11/2019;07:45;440;285;155
27/11/2019;08:00;245;155;90
27/11/2019;08:15;199;121;78
27/11/2019;08:30;163;100;63
27/11/2019;08:45;191;116;75
27/11/2019;09:00;132;77;55
27/11/2019;09:15;162;113;49
27/11/2019;09:30;185;119;66
27/11/2019;09:45;126;76;50
27/11/2019;10:00;86;50;36
27/11/2019;10:15;75;46;29
27/11/2019;10:30;95;58;37
27/11/2019;10:45;78;45;33
27/11/2019;11:00;114;56;58
27/11/2019;11:15;204;103;101
27/11/2019;11:30;137;70;67
27/11/2019;11:45;151;74;77
27/11/2019;12:00;128;47;81
27/11/2019;12:15;173;83;90
27/11/2019;12:30;176;84;92
27/11/2019;12:45;201;97;104
27/11/2019;13:00;327;111;216
27/11/2019;13:15;200;117;83
27/11/2019;13:30;183;104;79
27/11/2019;13:45;283;192;91
27/11/2019;14:00;177;91;86
27/11/2019;14:15;165;93;72
27/11/2019;14:30;140;76;64
27/11/2019;14:45;181;84;97
27/11/2019;15:00;186;89;97
27/11/2019;15:15;197;111;86
27/11/2019;15:30;390;136;254
27/11/2019;15:45;227;112;115
27/11/2019;16:00;233;112;121
27/11/2019;16:15;224;106;118
27/11/2019;16:30;225;108;117
27/11/2019;16:45;233;92;141
27/11/2019;17:00;262;108;154
27/11/2019;17:15;308;129;179
27/11/2019;17:30;261;108;153
27/11/2019;17:45;275;118;157
27/11/2019;18:00;292;123;169
27/11/2019;18:15;232;94;138
27/11/2019;18:30;189;82;107
27/11/2019;18:45;175;87;88
27/11/2019;19:00;213;97;116
27/11/2019;19:15;171;75;96
27/11/2019;19:30;118;44;74
27/11/2019;19:45;163;72;91
27/11/2019;20:00;163;71;92
27/11/2019;20:15;122;48;74
27/11/2019;20:30;92;44;48
27/11/2019;20:45;97;26;71
27/11/2019;21:00;88;30;58
27/11/2019;21:15;71;32;39
27/11/2019;21:30;84;29;55
27/11/2019;21:45;100;47;53
27/11/2019;22:00;82;37;45
27/11/2019;22:15;56;22;34
27/11/2019;22:30;57;23;34
27/11/2019;22:45;55;26;29
27/11/2019;23:00;62;21;41
27/11/2019;23:15;49;20;29
27/11/2019;23:30;32;6;26
27/11/2019;23:45;41;18;23
28/11/2019;00:00;22;7;15
28/11/2019;00:15;23;9;14
28/11/2019;00:30;29;11;18
28/11/2019;00:45;11;2;9
28/11/2019;01:00;14;5;9
28/11/2019;01:15;14;3;11
28/11/2019;01:30;9;4;5
28/11/2019;01:45;2;1;1
28/11/2019;02:00;5;2;3
28/11/2019;02:15;7;3;4
28/11/2019;02:30;3;1;2
28/11/2019;02:45;3;2;1
28/11/2019;03:00;10;5;5
28/11/2019;03:15;0;0;0
28/11/2019;03:30;3;3;0
28/11/2019;03:45;2;2;0
28/11/2019;04:00;4;1;3
28/11/2019;04:15;0;0;0
28/11/2019;04:30;5;4;1
28/11/2019;04:45;3;2;1
28/11/2019;05:00;3;2;1
28/11/2019;05:15;2;2;0
28/11/2019;05:30;8;7;1
28/11/2019;05:45;26;18;8
28/11/2019;06:00;21;14;7
28/11/2019;06:15;35;29;6
28/11/2019;06:30;48;34;14
28/11/2019;06:45;87;57;30
28/11/2019;07:00;77;48;29
28/11/2019;07:15;193;123;70
28/11/2019;07:30;508;329;179
28/11/2019;07:45;380;230;150
28/11/2019;08:00;225;131;94
28/11/2019;08:15;217;121;96
28/11/2019;08:30;204;121;83
28/11/2019;08:45;245;165;80
28/11/2019;09:00;174;115;59
28/11/2019;09:15;206;130;76
28/11/2019;09:30;232;154;78
28/11/2019;09:45;166;107;59
28/11/2019;10:00;115;70;45
28/11/2019;10:15;122;74;48
28/11/2019;10:30;113;63;50
28/11/2019;10:45;137;76;61
28/11/2019;11:00;158;72;86
28/11/2019;11:15;200;107;93
28/11/2019;11:30;168;77;91
28/11/2019;11:45;158;73;85
28/11/2019;12:00;121;52;69
28/11/2019;12:15;163;71;92
28/11/2019;12:30;182;73;109
28/11/2019;12:45;185;77;108
28/11/2019;13:00;314;93;221
28/11/2019;13:15;193;79;114
28/11/2019;13:30;174;85;89
28/11/2019;13:45;240;127;113
28/11/2019;14:00;191;105;86
28/11/2019;14:15;144;76;68
28/11/2019;14:30;160;76;84
28/11/2019;14:45;187;93;94
28/11/2019;15:00;160;83;77
28/11/2019;15:15;210;120;90
28/11/2019;15:30;325;121;204
28/11/2019;15:45;286;157;129
28/11/2019;16:00;192;87;105
28/11/2019;16:15;211;94;117
28/11/2019;16:30;247;108;139
28/11/2019;16:45;235;123;112
28/11/2019;17:00;318;152;166
28/11/2019;17:15;312;125;187
28/11/2019;17:30;246;107;139
28/11/2019;17:45;259;149;110
28/11/2019;18:00;235;116;119
28/11/2019;18:15;230;124;106
28/11/2019;18:30;201;105;96
28/11/2019;18:45;267;144;123
28/11/2019;19:00;206;84;122
28/11/2019;19:15;176;86;90
28/11/2019;19:30;137;64;73
28/11/2019;19:45;153;81;72
28/11/2019;20:00;157;76;81
28/11/2019;20:15;126;57;69
28/11/2019;20:30;98;38;60
28/11/2019;20:45;109;57;52
28/11/2019;21:00;70;23;47
28/11/2019;21:15;107;45;62
28/11/2019;21:30;113;41;72
28/11/2019;21:45;91;28;63
28/11/2019;22:00;107;49;58
28/11/2019;22:15;66;22;44
28/11/2019;22:30;61;21;40
28/11/2019;22:45;58;22;36
28/11/2019;23:00;53;23;30
28/11/2019;23:15;50;27;23
28/11/2019;23:30;34;16;18
28/11/2019;23:45;39;15;24
29/11/2019;00:00;34;6;28
29/11/2019;00:15;18;11;7
29/11/2019;00:30;19;4;15
29/11/2019;00:45;12;4;8
29/11/2019;01:00;17;5;12
29/11/2019;01:15;22;5;17
29/11/2019;01:30;20;4;16
29/11/2019;01:45;18;2;16
29/11/2019;02:00;15;1;14
29/11/2019;02:15;32;3;29
29/11/2019;02:30;20;1;19
29/11/2019;02:45;3;0;3
29/11/2019;03:00;3;2;1
29/11/2019;03:15;4;0;4
29/11/2019;03:30;2;0;2
29/11/2019;03:45;2;1;1
29/11/2019;04:00;3;1;2
29/11/2019;04:15;1;0;1
29/11/2019;04:30;10;3;7
29/11/2019;04:45;5;0;5
29/11/2019;05:00;4;3;1
29/11/2019;05:15;4;2;2
29/11/2019;05:30;13;6;7
29/11/2019;05:45;38;23;15
29/11/2019;06:00;19;12;7
29/11/2019;06:15;29;18;11
29/11/2019;06:30;41;29;12
29/11/2019;06:45;60;32;28
29/11/2019;07:00;80;47;33
29/11/2019;07:15;206;142;64
29/11/2019;07:30;437;284;153
29/11/2019;07:45;307;200;107
29/11/2019;08:00;163;103;60
29/11/2019;08:15;146;89;57
29/11/2019;08:30;172;102;70
29/11/2019;08:45;208;152;56
29/11/2019;09:00;165;99;66
29/11/2019;09:15;187;113;74
29/11/2019;09:30;192;109;83
29/11/2019;09:45;116;70;46
29/11/2019;10:00;100;51;49
29/11/2019;10:15;121;73;48
29/11/2019;10:30;87;47;40
29/11/2019;10:45;108;67;41
29/11/2019;11:00;117;53;64
29/11/2019;11:15;162;86;76
29/11/2019;11:30;158;98;60
29/11/2019;11:45;132;69;63
29/11/2019;12:00;150;70;80
29/11/2019;12:15;193;104;89
29/11/2019;12:30;188;82;106
29/11/2019;12:45;189;90;99
29/11/2019;13:00;332;83;249
29/11/2019;13:15;186;91;95
29/11/2019;13:30;216;105;111
29/11/2019;13:45;200;84;116
29/11/2019;14:00;169;71;98
29/11/2019;14:15;168;92;76
29/11/2019;14:30;198;94;104
29/11/2019;14:45;182;86;96
29/11/2019;15:00;192;85;107
29/11/2019;15:15;194;75;119
29/11/2019;15:30;178;98;80
29/11/2019;15:45;175;93;82
29/11/2019;16:00;194;110;84
29/11/2019;16:15;152;79;73
29/11/2019;16:30;181;88;93
29/11/2019;16:45;197;107;90
29/11/2019;17:00;196;86;110
29/11/2019;17:15;185;85;100
29/11/2019;17:30;181;73;108
29/11/2019;17:45;181;108;73
29/11/2019;18:00;183;91;92
29/11/2019;18:15;184;93;91
29/11/2019;18:30;156;88;68
29/11/2019;18:45;168;76;92
29/11/2019;19:00;171;65;106
29/11/2019;19:15;136;58;78
29/11/2019;19:30;114;53;61
29/11/2019;19:45;94;47;47
29/11/2019;20:00;107;46;61
29/11/2019;20:15;69;30;39
29/11/2019;20:30;52;28;24
29/11/2019;20:45;68;30;38
29/11/2019;21:00;65;32;33
29/11/2019;21:15;66;30;36
29/11/2019;21:30;48;22;26
29/11/2019;21:45;59;22;37
29/11/2019;22:00;72;20;52
29/11/2019;22:15;60;16;44
29/11/2019;22:30;60;21;39
29/11/2019;22:45;46;13;33
29/11/2019;23:00;49;17;32
29/11/2019;23:15;48;8;40
29/11/2019;23:30;46;14;32
29/11/2019;23:45;36;11;25
30/11/2019;00:00;40;9;31
30/11/2019;00:15;50;16;34
30/11/2019;00:30;36;7;29
30/11/2019;00:45;28;7;21
30/11/2019;01:00;37;7;30
30/11/2019;01:15;22;6;16
30/11/2019;01:30;27;12;15
30/11/2019;01:45;21;5;16
30/11/2019;02:00;23;6;17
30/11/2019;02:15;18;12;6
30/11/2019;02:30;12;4;8
30/11/2019;02:45;17;6;11
30/11/2019;03:00;17;2;15
30/11/2019;03:15;10;4;6
30/11/2019;03:30;6;3;3
30/11/2019;03:45;6;1;5
30/11/2019;04:00;3;1;2
30/11/2019;04:15;7;3;4
30/11/2019;04:30;2;1;1
30/11/2019;04:45;5;2;3
30/11/2019;05:00;2;1;1
30/11/2019;05:15;4;3;1
30/11/2019;05:30;8;5;3
30/11/2019;05:45;10;8;2
30/11/2019;06:00;6;4;2
30/11/2019;06:15;8;7;1
30/11/2019;06:30;15;11;4
30/11/2019;06:45;16;8;8
30/11/2019;07:00;11;3;8
30/11/2019;07:15;19;9;10
30/11/2019;07:30;28;16;12
30/11/2019;07:45;34;24;10
30/11/2019;08:00;39;19;20
30/11/2019;08:15;56;37;19
30/11/2019;08:30;72;31;41
30/11/2019;08:45;79;51;28
30/11/2019;09:00;61;39;22
30/11/2019;09:15;85;60;25
30/11/2019;09:30;103;60;43
30/11/2019;09:45;137;88;49
30/11/2019;10:00;118;65;53
30/11/2019;10:15;126;80;46
30/11/2019;10:30;141;94;47
30/11/2019;10:45;150;97;53
30/11/2019;11:00;135;77;58
30/11/2019;11:15;136;70;66
30/11/2019;11:30;174;91;83
30/11/2019;11:45;147;69;78
30/11/2019;12:00;175;102;73
30/11/2019;12:15;157;82;75
30/11/2019;12:30;166;92;74
30/11/2019;12:45;167;77;90
30/11/2019;13:00;184;91;93
30/11/2019;13:15;158;91;67
30/11/2019;13:30;165;91;74
30/11/2019;13:45;173;105;68
30/11/2019;14:00;153;80;73
30/11/2019;14:15;184;85;99
30/11/2019;14:30;157;76;81
30/11/2019;14:45;187;92;95
30/11/2019;15:00;179;78;101
30/11/2019;15:15;176;88;88
30/11/2019;15:30;175;94;81
30/11/2019;15:45;167;80;87
30/11/2019;16:00;161;71;90
30/11/2019;16:15;195;116;79
30/11/2019;16:30;163;67;96
30/11/2019;16:45;177;77;100
30/11/2019;17:00;151;69;82
30/11/2019;17:15;144;64;80
30/11/2019;17:30;140;65;75
30/11/2019;17:45;147;84;63
30/11/2019;18:00;152;85;67
30/11/2019;18:15;105;38;67
30/11/2019;18:30;107;55;52
30/11/2019;18:45;128;73;55
30/11/2019;19:00;143;79;64
30/11/2019;19:15;134;65;69
30/11/2019;19:30;86;43;43
30/11/2019;19:45;108;51;57
30/11/2019;20:00;86;41;45
30/11/2019;20:15;77;34;43
30/11/2019;20:30;92;53;39
30/11/2019;20:45;59;24;35
30/11/2019;21:00;76;35;41
30/11/2019;21:15;70;31;39
30/11/2019;21:30;63;28;35
30/11/2019;21:45;80;30;50
30/11/2019;22:00;74;20;54
30/11/2019;22:15;63;18;45
30/11/2019;22:30;45;19;26
30/11/2019;22:45;50;16;34
30/11/2019;23:00;56;18;38
30/11/2019;23:15;43;17;26
30/11/2019;23:30;35;10;25
30/11/2019;23:45;42;16;26
01/12/2019;00:00;52;18;34
01/12/2019;00:15;31;9;22
01/12/2019;00:30;34;9;25
01/12/2019;00:45;36;13;23
01/12/2019;01:00;54;19;35
01/12/2019;01:15;27;7;20
01/12/2019;01:30;27;7;20
01/12/2019;01:45;25;9;16
01/12/2019;02:00;31;5;26
01/12/2019;02:15;15;5;10
01/12/2019;02:30;15;4;11
01/12/2019;02:45;26;8;18
01/12/2019;03:00;18;6;12
01/12/2019;03:15;22;3;19
01/12/2019;03:30;6;3;3
01/12/2019;03:45;4;1;3
01/12/2019;04:00;8;5;3
01/12/2019;04:15;11;7;4
01/12/2019;04:30;5;3;2
01/12/2019;04:45;7;3;4
01/12/2019;05:00;3;2;1
01/12/2019;05:15;6;2;4
01/12/2019;05:30;7;6;1
01/12/2019;05:45;11;4;7
01/12/2019;06:00;6;4;2
01/12/2019;06:15;8;5;3
01/12/2019;06:30;8;5;3
01/12/2019;06:45;8;6;2
01/12/2019;07:00;5;3;2
01/12/2019;07:15;15;7;8
01/12/2019;07:30;5;3;2
01/12/2019;07:45;9;7;2
01/12/2019;08:00;11;3;8
01/12/2019;08:15;12;7;5
01/12/2019;08:30;24;14;10
01/12/2019;08:45;42;22;20
01/12/2019;09:00;18;11;7
01/12/2019;09:15;28;10;18
01/12/2019;09:30;48;27;21
01/12/2019;09:45;75;44;31
01/12/2019;10:00;37;19;18
01/12/2019;10:15;55;35;20
01/12/2019;10:30;41;27;14
01/12/2019;10:45;58;40;18
01/12/2019;11:00;71;42;29
01/12/2019;11:15;61;31;30
01/12/2019;11:30;62;34;28
01/12/2019;11:45;66;36;30
01/12/2019;12:00;74;44;30
01/12/2019;12:15;79;41;38
01/12/2019;12:30;62;26;36
01/12/2019;12:45;63;37;26
01/12/2019;13:00;68;29;39
01/12/2019;13:15;83;41;42
01/12/2019;13:30;75;46;29
01/12/2019;13:45;114;61;53
01/12/2019;14:00;83;41;42
01/12/2019;14:15;96;58;38
01/12/2019;14:30;101;56;45
01/12/2019;14:45;89;40;49
01/12/2019;15:00;101;57;44
01/12/2019;15:15;94;55;39
01/12/2019;15:30;93;46;47
01/12/2019;15:45;107;72;35
01/12/2019;16:00;92;39;53
01/12/2019;16:15;92;47;45
01/12/2019;16:30;85;33;52
01/12/2019;16:45;119;40;79
01/12/2019;17:00;104;63;41
01/12/2019;17:15;92;36;56
01/12/2019;17:30;134;68;66
01/12/2019;17:45;128;59;69
01/12/2019;18:00;71;44;27
01/12/2019;18:15;84;48;36
01/12/2019;18:30;84;44;40
01/12/2019;18:45;107;51;56
01/12/2019;19:00;63;36;27
01/12/2019;19:15;65;43;22
01/12/2019;19:30;84;43;41
01/12/2019;19:45;79;28;51
01/12/2019;20:00;70;25;45
01/12/2019;20:15;66;23;43
01/12/2019;20:30;54;17;37
01/12/2019;20:45;37;14;23
01/12/2019;21:00;24;6;18
01/12/2019;21:15;49;12;37
01/12/2019;21:30;35;11;24
01/12/2019;21:45;41;9;32
01/12/2019;22:00;40;16;24
01/12/2019;22:15;33;10;23
01/12/2019;22:30;24;11;13
01/12/2019;22:45;17;4;13
01/12/2019;23:00;14;8;6
01/12/2019;23:15;28;10;18
01/12/2019;23:30;16;2;14
01/12/2019;23:45;12;9;3
02/12/2019;00:00;13;7;6
02/12/2019;00:15;7;0;7
02/12/2019;00:30;5;2;3
02/12/2019;00:45;6;1;5
02/12/2019;01:00;6;2;4
02/12/2019;01:15;3;2;1
02/12/2019;01:30;3;2;1
02/12/2019;01:45;2;2;0
02/12/2019;02:00;2;0;2
02/12/2019;02:15;0;0;0
02/12/2019;02:30;1;1;0
02/12/2019;02:45;3;0;3
02/12/2019;03:00;0;0;0
02/12/2019;03:15;0;0;0
02/12/2019;03:30;2;1;1
02/12/2019;03:45;1;1;0
02/12/2019;04:00;0;0;0
02/12/2019;04:15;1;1;0
02/12/2019;04:30;1;1;0
02/12/2019;04:45;5;4;1
02/12/2019;05:00;4;3;1
02/12/2019;05:15;3;2;1
02/12/2019;05:30;14;9;5
02/12/2019;05:45;23;16;7
02/12/2019;06:00;24;14;10
02/12/2019;06:15;31;24;7
02/12/2019;06:30;52;33;19
02/12/2019;06:45;91;57;34
02/12/2019;07:00;85;45;40
02/12/2019;07:15;187;117;70
02/12/2019;07:30;455;304;151
02/12/2019;07:45;343;208;135
02/12/2019;08:00;189;115;74
02/12/2019;08:15;206;135;71
02/12/2019;08:30;181;91;90
02/12/2019;08:45;207;135;72
02/12/2019;09:00;185;110;75
02/12/2019;09:15;185;124;61
02/12/2019;09:30;214;144;70
02/12/2019;09:45;193;121;72
02/12/2019;10:00;130;72;58
02/12/2019;10:15;104;63;41
02/12/2019;10:30;114;67;47
02/12/2019;10:45;129;88;41
02/12/2019;11:00;164;81;83
02/12/2019;11:15;194;100;94
02/12/2019;11:30;147;83;64
02/12/2019;11:45;115;55;60
02/12/2019;12:00;143;67;76
02/12/2019;12:15;152;71;81
02/12/2019;12:30;186;72;114
02/12/2019;12:45;191;89;102
02/12/2019;13:00;308;83;225
02/12/2019;13:15;187;90;97
02/12/2019;13:30;185;98;87
02/12/2019;13:45;251;141;110
02/12/2019;14:00;188;90;98
02/12/2019;14:15;173;94;79
02/12/2019;14:30;140;77;63
02/12/2019;14:45;193;97;96
02/12/2019;15:00;177;100;77
02/12/2019;15:15;189;99;90
02/12/2019;15:30;384;163;221
02/12/2019;15:45;264;127;137
02/12/2019;16:00;222;104;118
02/12/2019;16:15;198;94;104
02/12/2019;16:30;223;100;123
02/12/2019;16:45;266;114;152
02/12/2019;17:00;234;115;119
02/12/2019;17:15;317;148;169
02/12/2019;17:30;241;113;128
02/12/2019;17:45;247;124;123
02/12/2019;18:00;254;119;135
02/12/2019;18:15;214;97;117
02/12/2019;18:30;214;107;107
02/12/2019;18:45;202;92;110
02/12/2019;19:00;201;73;128
02/12/2019;19:15;181;85;96
02/12/2019;19:30;155;61;94
02/12/2019;19:45;147;66;81
02/12/2019;20:00;133;56;77
02/12/2019;20:15;148;72;76
02/12/2019;20:30;84;28;56
02/12/2019;20:45;109;46;63
02/12/2019;21:00;91;30;61
02/12/2019;21:15;87;28;59
02/12/2019;21:30;85;31;54
02/12/2019;21:45;66;19;47
02/12/2019;22:00;87;48;39
02/12/2019;22:15;73;25;48
02/12/2019;22:30;45;16;29
02/12/2019;22:45;49;16;33
02/12/2019;23:00;42;14;28
02/12/2019;23:15;25;10;15
02/12/2019;23:30;26;6;20
02/12/2019;23:45;19;6;13
03/12/2019;00:00;29;9;20
03/12/2019;00:15;7;2;5
03/12/2019;00:30;11;6;5
03/12/2019;00:45;10;2;8
03/12/2019;01:00;3;0;3
03/12/2019;01:15;4;0;4
03/12/2019;01:30;4;3;1
03/12/2019;01:45;5;3;2
03/12/2019;02:00;3;3;0
03/12/2019;02:15;2;0;2
03/12/2019;02:30;2;1;1
03/12/2019;02:45;0;0;0
03/12/2019;03:00;0;0;0
03/12/2019;03:15;4;2;2
03/12/2019;03:30;1;0;1
03/12/2019;03:45;3;2;1
03/12/2019;04:00;1;1;0
03/12/2019;04:15;1;1;0
03/12/2019;04:30;3;3;0
03/12/2019;04:45;6;6;0
03/12/2019;05:00;1;1;0
03/12/2019;05:15;4;3;1
03/12/2019;05:30;17;11;6
03/12/2019;05:45;28;23;5
03/12/2019;06:00;22;11;11
03/12/2019;06:15;32;26;6
03/12/2019;06:30;66;44;22
03/12/2019;06:45;78;43;35
03/12/2019;07:00;78;50;28
03/12/2019;07:15;198;131;67
03/12/2019;07:30;453;297;156
03/12/2019;07:45;382;222;160
03/12/2019;08:00;206;119;87
03/12/2019;08:15;172;94;78
03/12/2019;08:30;210;114;96
03/12/2019;08:45;236;162;74
03/12/2019;09:00;195;137;58
03/12/2019;09:15;238;165;73
03/12/2019;09:30;248;157;91
03/12/2019;09:45;193;118;75
03/12/2019;10:00;127;80;47
03/12/2019;10:15;121;66;55
03/12/2019;10:30;145;79;66
03/12/2019;10:45;145;76;69
03/12/2019;11:00;133;63;70
03/12/2019;11:15;226;118;108
03/12/2019;11:30;160;80;80
03/12/2019;11:45;143;74;69
03/12/2019;12:00;143;57;86
03/12/2019;12:15;164;68;96
03/12/2019;12:30;169;63;106
03/12/2019;12:45;211;95;116
03/12/2019;13:00;321;109;212
03/12/2019;13:15;216;97;119
03/12/2019;13:30;190;97;93
03/12/2019;13:45;253;146;107
03/12/2019;14:00;175;90;85
03/12/2019;14:15;193;91;102
03/12/2019;14:30;174;79;95
03/12/2019;14:45;178;94;84
03/12/2019;15:00;181;96;85
03/12/2019;15:15;220;104;116
03/12/2019;15:30;395;148;247
03/12/2019;15:45;293;140;153
03/12/2019;16:00;224;101;123
03/12/2019;16:15;241;139;102
03/12/2019;16:30;249;138;111
03/12/2019;16:45;275;141;134
03/12/2019;17:00;288;143;145
03/12/2019;17:15;340;152;188
03/12/2019;17:30;225;110;115
03/12/2019;17:45;276;136;140
03/12/2019;18:00;233;92;141
03/12/2019;18:15;226;107;119
03/12/2019;18:30;202;90;112
03/12/2019;18:45;225;99;126
03/12/2019;19:00;220;81;139
03/12/2019;19:15;224;87;137
03/12/2019;19:30;178;84;94
03/12/2019;19:45;165;70;95
03/12/2019;20:00;141;62;79
03/12/2019;20:15;110;41;69
03/12/2019;20:30;90;35;55
03/12/2019;20:45;87;42;45
03/12/2019;21:00;83;29;54
03/12/2019;21:15;84;25;59
03/12/2019;21:30;76;28;48
03/12/2019;21:45;115;39;76
03/12/2019;22:00;90;22;68
03/12/2019;22:15;105;33;72
03/12/2019;22:30;57;17;40
03/12/2019;22:45;60;17;43
03/12/2019;23:00;42;14;28
03/12/2019;23:15;24;11;13
03/12/2019;23:30;33;10;23
03/12/2019;23:45;24;10;14
04/12/2019;00:00;9;4;5
04/12/2019;00:15;14;4;10
04/12/2019;00:30;10;1;9
04/12/2019;00:45;6;1;5
04/12/2019;01:00;10;5;5
04/12/2019;01:15;8;5;3
04/12/2019;01:30;9;3;6
04/12/2019;01:45;20;17;3
04/12/2019;02:00;2;1;1
04/12/2019;02:15;5;4;1
04/12/2019;02:30;6;1;5
04/12/2019;02:45;0;0;0
04/12/2019;03:00;2;0;2
04/12/2019;03:15;1;0;1
04/12/2019;03:30;0;0;0
04/12/2019;03:45;1;1;0
04/12/2019;04:00;0;0;0
04/12/2019;04:15;1;1;0
04/12/2019;04:30;1;0;1
04/12/2019;04:45;2;2;0
04/12/2019;05:00;4;3;1
04/12/2019;05:15;2;0;2
04/12/2019;05:30;20;17;3
04/12/2019;05:45;42;31;11
04/12/2019;06:00;22;14;8
04/12/2019;06:15;36;29;7
04/12/2019;06:30;52;38;14
04/12/2019;06:45;82;43;39
04/12/2019;07:00;78;45;33
04/12/2019;07:15;188;124;64
04/12/2019;07:30;375;249;126
04/12/2019;07:45;404;270;134
04/12/2019;08:00;223;138;85
04/12/2019;08:15;211;128;83
04/12/2019;08:30;190;107;83
04/12/2019;08:45;240;147;93
04/12/2019;09:00;190;130;60
04/12/2019;09:15;194;130;64
04/12/2019;09:30;219;125;94
04/12/2019;09:45;171;107;64
04/12/2019;10:00;116;68;48
04/12/2019;10:15;135;87;48
04/12/2019;10:30;113;74;39
04/12/2019;10:45;141;93;48
04/12/2019;11:00;145;72;73
04/12/2019;11:15;213;91;122
04/12/2019;11:30;166;74;92
04/12/2019;11:45;147;76;71
04/12/2019;12:00;124;51;73
04/12/2019;12:15;152;69;83
04/12/2019;12:30;160;66;94
04/12/2019;12:45;199;92;107
04/12/2019;13:00;345;100;245
04/12/2019;13:15;217;117;100
04/12/2019;13:30;169;80;89
04/12/2019;13:45;247;156;91
04/12/2019;14:00;161;70;91
04/12/2019;14:15;150;86;64
04/12/2019;14:30;133;58;75
04/12/2019;14:45;177;82;95
04/12/2019;15:00;157;80;77
04/12/2019;15:15;184;104;80
04/12/2019;15:30;317;105;212
04/12/2019;15:45;231;111;120
04/12/2019;16:00;186;92;94
04/12/2019;16:15;206;109;97
04/12/2019;16:30;217;100;117
04/12/2019;16:45;272;153;119
04/12/2019;17:00;278;133;145
04/12/2019;17:15;312;152;160
04/12/2019;17:30;221;107;114
04/12/2019;17:45;248;139;109
04/12/2019;18:00;274;139;135
04/12/2019;18:15;237;134;103
04/12/2019;18:30;194;92;102
04/12/2019;18:45;228;105;123
04/12/2019;19:00;202;85;117
04/12/2019;19:15;162;89;73
04/12/2019;19:30;150;65;85
04/12/2019;19:45;174;54;120
04/12/2019;20:00;164;73;91
04/12/2019;20:15;140;48;92
04/12/2019;20:30;129;40;89
04/12/2019;20:45;113;30;83
04/12/2019;21:00;104;34;70
04/12/2019;21:15;113;39;74
04/12/2019;21:30;61;14;47
04/12/2019;21:45;97;31;66
04/12/2019;22:00;99;35;64
04/12/2019;22:15;91;31;60
04/12/2019;22:30;64;25;39
04/12/2019;22:45;56;14;42
04/12/2019;23:00;40;12;28
04/12/2019;23:15;54;22;32
04/12/2019;23:30;32;12;20
04/12/2019;23:45;42;19;23
05/12/2019;00:00;25;11;14
05/12/2019;00:15;29;20;9
05/12/2019;00:30;24;11;13
05/12/2019;00:45;22;5;17
05/12/2019;01:00;18;7;11
05/12/2019;01:15;13;0;13
05/12/2019;01:30;6;4;2
05/12/2019;01:45;6;0;6
05/12/2019;02:00;9;5;4
05/12/2019;02:15;10;5;5
05/12/2019;02:30;8;6;2
05/12/2019;02:45;6;3;3
05/12/2019;03:00;2;0;2
05/12/2019;03:15;1;0;1
05/12/2019;03:30;1;1;0
05/12/2019;03:45;7;6;1
05/12/2019;04:00;1;1;0
05/12/2019;04:15;4;2;2
05/12/2019;04:30;3;2;1
05/12/2019;04:45;4;1;3
05/12/2019;05:00;3;3;0
05/12/2019;05:15;6;4;2
05/12/2019;05:30;12;9;3
05/12/2019;05:45;30;25;5
05/12/2019;06:00;23;16;7
05/12/2019;06:15;26;20;6
05/12/2019;06:30;56;40;16
05/12/2019;06:45;80;51;29
05/12/2019;07:00;77;39;38
05/12/2019;07:15;181;121;60
05/12/2019;07:30;452;289;163
05/12/2019;07:45;369;226;143
05/12/2019;08:00;249;133;116
05/12/2019;08:15;200;123;77
05/12/2019;08:30;180;123;57
05/12/2019;08:45;244;177;67
05/12/2019;09:00;179;115;64
05/12/2019;09:15;207;140;67
05/12/2019;09:30;227;138;89
05/12/2019;09:45;163;96;67
05/12/2019;10:00;126;73;53
05/12/2019;10:15;127;79;48
05/12/2019;10:30;120;68;52
05/12/2019;10:45;113;69;44
05/12/2019;11:00;131;68;63
05/12/2019;11:15;192;102;90
05/12/2019;11:30;129;68;61
05/12/2019;11:45;151;65;86
05/12/2019;12:00;136;57;79
05/12/2019;12:15;144;71;73
05/12/2019;12:30;157;55;102
05/12/2019;12:45;176;88;88
05/12/2019;13:00;283;83;200
05/12/2019;13:15;209;89;120
05/12/2019;13:30;171;88;83
05/12/2019;13:45;208;124;84
05/12/2019;14:00;181;85;96
05/12/2019;14:15;157;66;91
05/12/2019;14:30;154;75;79
05/12/2019;14:45;179;83;96
05/12/2019;15:00;153;68;85
05/12/2019;15:15;213;106;107
05/12/2019;15:30;360;160;200
05/12/2019;15:45;270;130;140
05/12/2019;16:00;226;109;117
05/12/2019;16:15;205;111;94
05/12/2019;16:30;225;108;117
05/12/2019;16:45;263;139;124
05/12/2019;17:00;286;145;141
05/12/2019;17:15;343;150;193
05/12/2019;17:30;227;131;96
05/12/2019;17:45;258;138;120
05/12/2019;18:00;243;111;132
05/12/2019;18:15;249;139;110
05/12/2019;18:30;235;130;105
05/12/2019;18:45;265;156;109
05/12/2019;19:00;191;97;94
05/12/2019;19:15;168;90;78
05/12/2019;19:30;144;72;72
05/12/2019;19:45;163;61;102
05/12/2019;20:00;162;80;82
05/12/2019;20:15;129;36;93
05/12/2019;20:30;132;43;89
05/12/2019;20:45;129;43;86
05/12/2019;21:00;85;36;49
05/12/2019;21:15;125;57;68
05/12/2019;21:30;93;27;66
05/12/2019;21:45;100;29;71
05/12/2019;22:00;97;35;62
05/12/2019;22:15;96;34;62
05/12/2019;22:30;73;26;47
05/12/2019;22:45;47;16;31
05/12/2019;23:00;52;11;41
05/12/2019;23:15;54;14;40
05/12/2019;23:30;42;16;26
05/12/2019;23:45;50;15;35
06/12/2019;00:00;27;8;19
06/12/2019;00:15;29;5;24
06/12/2019;00:30;28;8;20
06/12/2019;00:45;26;8;18
06/12/2019;01:00;16;0;16
06/12/2019;01:15;18;3;15
06/12/2019;01:30;15;2;13
06/12/2019;01:45;11;6;5
06/12/2019;02:00;3;1;2
06/12/2019;02:15;15;2;13
06/12/2019;02:30;3;0;3
06/12/2019;02:45;9;2;7
06/12/2019;03:00;7;3;4
06/12/2019;03:15;4;0;4
06/12/2019;03:30;2;0;2
06/12/2019;03:45;1;1;0
06/12/2019;04:00;1;1;0
06/12/2019;04:15;4;3;1
06/12/2019;04:30;2;2;0
06/12/2019;04:45;3;2;1
06/12/2019;05:00;7;4;3
06/12/2019;05:15;4;1;3
06/12/2019;05:30;8;7;1
06/12/2019;05:45;36;28;8
06/12/2019;06:00;23;17;6
06/12/2019;06:15;24;18;6
06/12/2019;06:30;57;38;19
06/12/2019;06:45;70;39;31
06/12/2019;07:00;65;34;31
06/12/2019;07:15;190;128;62
06/12/2019;07:30;437;281;156
06/12/2019;07:45;291;187;104
06/12/2019;08:00;183;107;76
06/12/2019;08:15;227;161;66
06/12/2019;08:30;209;143;66
06/12/2019;08:45;217;148;69
06/12/2019;09:00;165;106;59
06/12/2019;09:15;161;101;60
06/12/2019;09:30;216;131;85
06/12/2019;09:45;164;114;50
06/12/2019;10:00;114;79;35
06/12/2019;10:15;138;86;52
06/12/2019;10:30;128;73;55
06/12/2019;10:45;152;90;62
06/12/2019;11:00;163;84;79
06/12/2019;11:15;169;95;74
06/12/2019;11:30;141;66;75
06/12/2019;11:45;184;93;91
06/12/2019;12:00;186;87;99
06/12/2019;12:15;226;107;119
06/12/2019;12:30;225;98;127
06/12/2019;12:45;219;109;110
06/12/2019;13:00;350;106;244
06/12/2019;13:15;247;121;126
06/12/2019;13:30;213;98;115
06/12/2019;13:45;251;134;117
06/12/2019;14:00;215;121;94
06/12/2019;14:15;214;116;98
06/12/2019;14:30;207;110;97
06/12/2019;14:45;230;119;111
06/12/2019;15:00;218;126;92
06/12/2019;15:15;239;124;115
06/12/2019;15:30;221;99;122
06/12/2019;15:45;246;124;122
06/12/2019;16:00;235;103;132
06/12/2019;16:15;195;78;117
06/12/2019;16:30;244;93;151
06/12/2019;16:45;217;96;121
06/12/2019;17:00;231;97;134
06/12/2019;17:15;227;105;122
06/12/2019;17:30;208;83;125
06/12/2019;17:45;193;98;95
06/12/2019;18:00;199;88;111
06/12/2019;18:15;178;103;75
06/12/2019;18:30;166;98;68
06/12/2019;18:45;207;129;78
06/12/2019;19:00;181;93;88
06/12/2019;19:15;136;59;77
06/12/2019;19:30;117;50;67
06/12/2019;19:45;119;71;48
06/12/2019;20:00;92;39;53
06/12/2019;20:15;100;37;63
06/12/2019;20:30;96;45;51
06/12/2019;20:45;102;45;57
06/12/2019;21:00;84;25;59
06/12/2019;21:15;71;30;41
06/12/2019;21:30;83;20;63
06/12/2019;21:45;87;19;68
06/12/2019;22:00;77;13;64
06/12/2019;22:15;69;18;51
06/12/2019;22:30;57;27;30
06/12/2019;22:45;76;22;54
06/12/2019;23:00;80;28;52
06/12/2019;23:15;67;29;38
06/12/2019;23:30;59;19;40
06/12/2019;23:45;55;16;39
07/12/2019;00:00;63;20;43
07/12/2019;00:15;39;8;31
07/12/2019;00:30;37;12;25
07/12/2019;00:45;37;7;30
07/12/2019;01:00;24;7;17
07/12/2019;01:15;43;12;31
07/12/2019;01:30;26;9;17
07/12/2019;01:45;25;9;16
07/12/2019;02:00;23;8;15
07/12/2019;02:15;18;7;11
07/12/2019;02:30;19;4;15
07/12/2019;02:45;13;3;10
07/12/2019;03:00;8;5;3
07/12/2019;03:15;11;4;7
07/12/2019;03:30;12;7;5
07/12/2019;03:45;8;6;2
07/12/2019;04:00;6;2;4
07/12/2019;04:15;4;2;2
07/12/2019;04:30;5;4;1
07/12/2019;04:45;4;2;2
07/12/2019;05:00;2;1;1
07/12/2019;05:15;6;1;5
07/12/2019;05:30;12;6;6
07/12/2019;05:45;14;10;4
07/12/2019;06:00;10;7;3
07/12/2019;06:15;12;6;6
07/12/2019;06:30;18;12;6
07/12/2019;06:45;12;6;6
07/12/2019;07:00;11;9;2
07/12/2019;07:15;9;7;2
07/12/2019;07:30;20;13;7
07/12/2019;07:45;38;27;11
07/12/2019;08:00;27;19;8
07/12/2019;08:15;38;24;14
07/12/2019;08:30;44;21;23
07/12/2019;08:45;101;73;28
07/12/2019;09:00;67;41;26
07/12/2019;09:15;81;44;37
07/12/2019;09:30;91;71;20
07/12/2019;09:45;120;83;37
07/12/2019;10:00;111;67;44
07/12/2019;10:15;111;68;43
07/12/2019;10:30;148;101;47
07/12/2019;10:45;131;80;51
07/12/2019;11:00;143;70;73
07/12/2019;11:15;106;58;48
07/12/2019;11:30;137;79;58
07/12/2019;11:45;116;68;48
07/12/2019;12:00;140;78;62
07/12/2019;12:15;141;77;64
07/12/2019;12:30;133;86;47
07/12/2019;12:45;118;64;54
07/12/2019;13:00;164;92;72
07/12/2019;13:15;134;73;61
07/12/2019;13:30;130;74;56
07/12/2019;13:45;144;83;61
07/12/2019;14:00;133;67;66
07/12/2019;14:15;137;60;77
07/12/2019;14:30;157;90;67
07/12/2019;14:45;149;74;75
07/12/2019;15:00;169;93;76
07/12/2019;15:15;169;78;91
07/12/2019;15:30;136;73;63
07/12/2019;15:45;141;75;66
07/12/2019;16:00;114;54;60
07/12/2019;16:15;156;69;87
07/12/2019;16:30;130;78;52
07/12/2019;16:45;165;85;80
07/12/2019;17:00;137;72;65
07/12/2019;17:15;146;59;87
07/12/2019;17:30;151;73;78
07/12/2019;17:45;141;65;76
07/12/2019;18:00;127;54;73
07/12/2019;18:15;146;55;91
07/12/2019;18:30;144;68;76
07/12/2019;18:45;138;71;67
07/12/2019;19:00;146;84;62
07/12/2019;19:15;148;95;53
07/12/2019;19:30;113;70;43
07/12/2019;19:45;114;65;49
07/12/2019;20:00;89;50;39
07/12/2019;20:15;92;48;44
07/12/2019;20:30;60;36;24
07/12/2019;20:45;95;45;50
07/12/2019;21:00;65;41;24
07/12/2019;21:15;80;38;42
07/12/2019;21:30;60;22;38
07/12/2019;21:45;101;19;82
07/12/2019;22:00;82;19;63
07/12/2019;22:15;76;8;68
07/12/2019;22:30;65;21;44
07/12/2019;22:45;59;17;42
07/12/2019;23:00;63;18;45
07/12/2019;23:15;71;21;50
07/12/2019;23:30;51;16;35
07/12/2019;23:45;41;13;28
08/12/2019;00:00;58;21;37
08/12/2019;00:15;41;11;30
08/12/2019;00:30;40;15;25
08/12/2019;00:45;34;11;23
08/12/2019;01:00;36;9;27
08/12/2019;01:15;38;8;30
08/12/2019;01:30;57;21;36
08/12/2019;01:45;33;12;21
08/12/2019;02:00;26;14;12
08/12/2019;02:15;18;5;13
08/12/2019;02:30;17;6;11
08/12/2019;02:45;17;6;11
08/12/2019;03:00;16;0;16
08/12/2019;03:15;13;4;9
08/12/2019;03:30;8;4;4
08/12/2019;03:45;3;2;1
08/12/2019;04:00;9;5;4
08/12/2019;04:15;11;7;4
08/12/2019;04:30;2;1;1
08/12/2019;04:45;5;1;4
08/12/2019;05:00;4;0;4
08/12/2019;05:15;1;1;0
08/12/2019;05:30;9;3;6
08/12/2019;05:45;5;3;2
08/12/2019;06:00;3;1;2
08/12/2019;06:15;12;8;4
08/12/2019;06:30;5;4;1
08/12/2019;06:45;18;15;3
08/12/2019;07:00;6;2;4
08/12/2019;07:15;12;9;3
08/12/2019;07:30;13;4;9
08/12/2019;07:45;18;9;9
08/12/2019;08:00;19;14;5
08/12/2019;08:15;15;8;7
08/12/2019;08:30;36;15;21
08/12/2019;08:45;36;11;25
08/12/2019;09:00;20;6;14
08/12/2019;09:15;44;21;23
08/12/2019;09:30;37;26;11
08/12/2019;09:45;60;36;24
08/12/2019;10:00;48;25;23
08/12/2019;10:15;63;40;23
08/12/2019;10:30;56;38;18
08/12/2019;10:45;63;36;27
08/12/2019;11:00;84;52;32
08/12/2019;11:15;57;29;28
08/12/2019;11:30;77;41;36
08/12/2019;11:45;95;45;50
08/12/2019;12:00;77;44;33
08/12/2019;12:15;92;53;39
08/12/2019;12:30;105;52;53
08/12/2019;12:45;78;47;31
08/12/2019;13:00;103;50;53
08/12/2019;13:15;92;46;46
08/12/2019;13:30;87;41;46
08/12/2019;13:45;104;67;37
08/12/2019;14:00;108;55;53
08/12/2019;14:15;85;39;46
08/12/2019;14:30;116;66;50
08/12/2019;14:45;128;67;61
08/12/2019;15:00;115;61;54
08/12/2019;15:15;118;68;50
08/12/2019;15:30;111;62;49
08/12/2019;15:45;109;64;45
08/12/2019;16:00;100;51;49
08/12/2019;16:15;88;47;41
08/12/2019;16:30;108;61;47
08/12/2019;16:45;111;53;58
08/12/2019;17:00;97;60;37
08/12/2019;17:15;97;40;57
08/12/2019;17:30;127;69;58
08/12/2019;17:45;111;55;56
08/12/2019;18:00;100;40;60
08/12/2019;18:15;85;31;54
08/12/2019;18:30;83;35;48
08/12/2019;18:45;102;44;58
08/12/2019;19:00;68;30;38
08/12/2019;19:15;85;42;43
08/12/2019;19:30;66;23;43
08/12/2019;19:45;49;17;32
08/12/2019;20:00;59;15;44
08/12/2019;20:15;74;22;52
08/12/2019;20:30;54;18;36
08/12/2019;20:45;42;12;30
08/12/2019;21:00;47;17;30
08/12/2019;21:15;40;15;25
08/12/2019;21:30;31;13;18
08/12/2019;21:45;45;13;32
08/12/2019;22:00;40;18;22
08/12/2019;22:15;26;12;14
08/12/2019;22:30;24;7;17
08/12/2019;22:45;24;8;16
08/12/2019;23:00;28;6;22
08/12/2019;23:15;18;6;12
08/12/2019;23:30;10;5;5
08/12/2019;23:45;8;6;2
09/12/2019;00:00;8;5;3
09/12/2019;00:15;6;1;5
09/12/2019;00:30;3;1;2
09/12/2019;00:45;8;5;3
09/12/2019;01:00;5;1;4
09/12/2019;01:15;2;0;2
09/12/2019;01:30;3;1;2
09/12/2019;01:45;4;3;1
09/12/2019;02:00;1;1;0
09/12/2019;02:15;2;0;2
09/12/2019;02:30;1;0;1
09/12/2019;02:45;1;0;1
09/12/2019;03:00;2;1;1
09/12/2019;03:15;1;0;1
09/12/2019;03:30;2;1;1
09/12/2019;03:45;0;0;0
09/12/2019;04:00;2;0;2
09/12/2019;04:15;1;1;0
09/12/2019;04:30;4;3;1
09/12/2019;04:45;0;0;0
09/12/2019;05:00;5;3;2
09/12/2019;05:15;4;2;2
09/12/2019;05:30;9;5;4
09/12/2019;05:45;30;20;10
09/12/2019;06:00;24;16;8
09/12/2019;06:15;30;20;10
09/12/2019;06:30;57;36;21
09/12/2019;06:45;66;44;22
09/12/2019;07:00;76;40;36
09/12/2019;07:15;196;134;62
09/12/2019;07:30;464;291;173
09/12/2019;07:45;324;185;139
09/12/2019;08:00;199;120;79
09/12/2019;08:15;180;109;71
09/12/2019;08:30;192;113;79
09/12/2019;08:45;220;140;80
09/12/2019;09:00;179;109;70
09/12/2019;09:15;181;124;57
09/12/2019;09:30;244;161;83
09/12/2019;09:45;151;93;58
09/12/2019;10:00;121;72;49
09/12/2019;10:15;104;57;47
09/12/2019;10:30;123;66;57
09/12/2019;10:45;116;74;42
09/12/2019;11:00;149;66;83
09/12/2019;11:15;207;95;112
09/12/2019;11:30;165;67;98
09/12/2019;11:45;129;74;55
09/12/2019;12:00;136;65;71
09/12/2019;12:15;182;88;94
09/12/2019;12:30;186;82;104
09/12/2019;12:45;185;78;107
09/12/2019;13:00;303;89;214
09/12/2019;13:15;159;59;100
09/12/2019;13:30;138;66;72
09/12/2019;13:45;202;119;83
09/12/2019;14:00;123;63;60
09/12/2019;14:15;126;60;66
09/12/2019;14:30;134;65;69
09/12/2019;14:45;149;65;84
09/12/2019;15:00;140;74;66
09/12/2019;15:15;160;71;89
09/12/2019;15:30;286;128;158
09/12/2019;15:45;226;119;107
09/12/2019;16:00;166;90;76
09/12/2019;16:15;168;79;89
09/12/2019;16:30;191;88;103
09/12/2019;16:45;212;89;123
09/12/2019;17:00;194;92;102
09/12/2019;17:15;264;117;147
09/12/2019;17:30;213;107;106
09/12/2019;17:45;215;117;98
09/12/2019;18:00;235;100;135
09/12/2019;18:15;164;85;79
09/12/2019;18:30;147;76;71
09/12/2019;18:45;191;96;95
09/12/2019;19:00;172;62;110
09/12/2019;19:15;146;62;84
09/12/2019;19:30;110;41;69
09/12/2019;19:45;124;50;74
09/12/2019;20:00;120;46;74
09/12/2019;20:15;94;29;65
09/12/2019;20:30;82;31;51
09/12/2019;20:45;95;27;68
09/12/2019;21:00;74;26;48
09/12/2019;21:15;56;13;43
09/12/2019;21:30;53;20;33
09/12/2019;21:45;53;21;32
09/12/2019;22:00;61;25;36
09/12/2019;22:15;58;25;33
09/12/2019;22:30;50;15;35
09/12/2019;22:45;42;11;31
09/12/2019;23:00;43;19;24
09/12/2019;23:15;46;24;22
09/12/2019;23:30;20;9;11
09/12/2019;23:45;19;10;9
10/12/2019;00:00;14;3;11
10/12/2019;00:15;6;3;3
10/12/2019;00:30;10;5;5
10/12/2019;00:45;9;2;7
10/12/2019;01:00;9;6;3
10/12/2019;01:15;10;6;4
10/12/2019;01:30;6;3;3
10/12/2019;01:45;2;0;2
10/12/2019;02:00;4;2;2
10/12/2019;02:15;2;0;2
10/12/2019;02:30;5;1;4
10/12/2019;02:45;0;0;0
10/12/2019;03:00;1;0;1
10/12/2019;03:15;2;1;1
10/12/2019;03:30;1;1;0
10/12/2019;03:45;1;1;0
10/12/2019;04:00;1;1;0
10/12/2019;04:15;2;2;0
10/12/2019;04:30;3;2;1
10/12/2019;04:45;1;1;0
10/12/2019;05:00;1;1;0
10/12/2019;05:15;4;3;1
10/12/2019;05:30;10;8;2
10/12/2019;05:45;32;24;8
10/12/2019;06:00;19;14;5
10/12/2019;06:15;41;31;10
10/12/2019;06:30;53;39;14
10/12/2019;06:45;90;63;27
10/12/2019;07:00;68;47;21
10/12/2019;07:15;174;119;55
10/12/2019;07:30;490;325;165
10/12/2019;07:45;389;232;157
10/12/2019;08:00;226;128;98
10/12/2019;08:15;206;126;80
10/12/2019;08:30;180;104;76
10/12/2019;08:45;254;181;73
10/12/2019;09:00;168;112;56
10/12/2019;09:15;205;126;79
10/12/2019;09:30;283;191;92
10/12/2019;09:45;168;96;72
10/12/2019;10:00;116;77;39
10/12/2019;10:15;131;87;44
10/12/2019;10:30;131;72;59
10/12/2019;10:45;128;67;61
10/12/2019;11:00;169;94;75
10/12/2019;11:15;211;107;104
10/12/2019;11:30;163;94;69
10/12/2019;11:45;157;84;73
10/12/2019;12:00;170;89;81
10/12/2019;12:15;170;62;108
10/12/2019;12:30;176;67;109
10/12/2019;12:45;208;84;124
10/12/2019;13:00;333;98;235
10/12/2019;13:15;210;83;127
10/12/2019;13:30;204;92;112
10/12/2019;13:45;260;160;100
10/12/2019;14:00;189;87;102
10/12/2019;14:15;174;75;99
10/12/2019;14:30;178;97;81
10/12/2019;14:45;208;108;100
10/12/2019;15:00;178;87;91
10/12/2019;15:15;240;115;125
10/12/2019;15:30;356;137;219
10/12/2019;15:45;269;118;151
10/12/2019;16:00;219;97;122
10/12/2019;16:15;248;131;117
10/12/2019;16:30;246;123;123
10/12/2019;16:45;276;142;134
10/12/2019;17:00;284;137;147
10/12/2019;17:15;353;166;187
10/12/2019;17:30;216;104;112
10/12/2019;17:45;266;134;132
10/12/2019;18:00;243;114;129
10/12/2019;18:15;225;106;119
10/12/2019;18:30;192;99;93
10/12/2019;18:45;271;145;126
10/12/2019;19:00;210;93;117
10/12/2019;19:15;217;88;129
10/12/2019;19:30;186;76;110
10/12/2019;19:45;162;76;86
10/12/2019;20:00;119;55;64
10/12/2019;20:15;127;40;87
10/12/2019;20:30;114;37;77
10/12/2019;20:45;113;35;78
10/12/2019;21:00;97;37;60
10/12/2019;21:15;92;29;63
10/12/2019;21:30;61;18;43
10/12/2019;21:45;91;24;67
10/12/2019;22:00;86;23;63
10/12/2019;22:15;91;23;68
10/12/2019;22:30;57;12;45
10/12/2019;22:45;65;14;51
10/12/2019;23:00;45;21;24
10/12/2019;23:15;55;15;40
10/12/2019;23:30;23;9;14
10/12/2019;23:45;18;2;16
11/12/2019;00:00;17;5;12
11/12/2019;00:15;25;11;14
11/12/2019;00:30;10;3;7
11/12/2019;00:45;13;4;9
11/12/2019;01:00;17;9;8
11/12/2019;01:15;9;4;5
11/12/2019;01:30;7;3;4
11/12/2019;01:45;5;2;3
11/12/2019;02:00;2;1;1
11/12/2019;02:15;3;2;1
11/12/2019;02:30;3;0;3
11/12/2019;02:45;3;0;3
11/12/2019;03:00;2;2;0
11/12/2019;03:15;1;0;1
11/12/2019;03:30;1;1;0
11/12/2019;03:45;0;0;0
11/12/2019;04:00;0;0;0
11/12/2019;04:15;1;1;0
11/12/2019;04:30;3;3;0
11/12/2019;04:45;1;0;1
11/12/2019;05:00;3;2;1
11/12/2019;05:15;2;1;1
11/12/2019;05:30;15;8;7
11/12/2019;05:45;40;33;7
11/12/2019;06:00;25;17;8
11/12/2019;06:15;37;27;10
11/12/2019;06:30;46;32;14
11/12/2019;06:45;76;52;24
11/12/2019;07:00;79;47;32
11/12/2019;07:15;167;115;52
11/12/2019;07:30;480;296;184
11/12/2019;07:45;407;280;127
11/12/2019;08:00;240;140;100
11/12/2019;08:15;168;94;74
11/12/2019;08:30;185;118;67
11/12/2019;08:45;201;112;89
11/12/2019;09:00;166;105;61
11/12/2019;09:15;194;132;62
11/12/2019;09:30;217;138;79
11/12/2019;09:45;168;106;62
11/12/2019;10:00;103;72;31
11/12/2019;10:15;106;65;41
11/12/2019;10:30;103;56;47
11/12/2019;10:45;112;72;40
11/12/2019;11:00;146;76;70
11/12/2019;11:15;190;99;91
11/12/2019;11:30;167;78;89
11/12/2019;11:45;163;68;95
11/12/2019;12:00;139;57;82
11/12/2019;12:15;214;101;113
11/12/2019;12:30;174;56;118
11/12/2019;12:45;207;104;103
11/12/2019;13:00;377;133;244
11/12/2019;13:15;185;101;84
11/12/2019;13:30;160;75;85
11/12/2019;13:45;233;142;91
11/12/2019;14:00;193;107;86
11/12/2019;14:15;170;83;87
11/12/2019;14:30;152;69;83
11/12/2019;14:45;182;85;97
11/12/2019;15:00;191;94;97
11/12/2019;15:15;202;94;108
11/12/2019;15:30;305;110;195
11/12/2019;15:45;206;94;112
11/12/2019;16:00;197;86;111
11/12/2019;16:15;203;108;95
11/12/2019;16:30;248;125;123
11/12/2019;16:45;222;116;106
11/12/2019;17:00;275;132;143
11/12/2019;17:15;292;138;154
11/12/2019;17:30;268;119;149
11/12/2019;17:45;274;122;152
11/12/2019;18:00;233;91;142
11/12/2019;18:15;212;96;116
11/12/2019;18:30;169;78;91
11/12/2019;18:45;217;90;127
11/12/2019;19:00;214;91;123
11/12/2019;19:15;175;85;90
11/12/2019;19:30;153;59;94
11/12/2019;19:45;138;60;78
11/12/2019;20:00;151;67;84
11/12/2019;20:15;108;40;68
11/12/2019;20:30;105;35;70
11/12/2019;20:45;92;36;56
11/12/2019;21:00;82;28;54
11/12/2019;21:15;93;37;56
11/12/2019;21:30;80;40;40
11/12/2019;21:45;91;36;55
11/12/2019;22:00;93;42;51
11/12/2019;22:15;60;23;37
11/12/2019;22:30;69;34;35
11/12/2019;22:45;42;17;25
11/12/2019;23:00;49;13;36
11/12/2019;23:15;57;23;34
11/12/2019;23:30;39;13;26
11/12/2019;23:45;34;10;24
12/12/2019;00:00;40;15;25
12/12/2019;00:15;16;8;8
12/12/2019;00:30;14;4;10
12/12/2019;00:45;20;9;11
12/12/2019;01:00;18;4;14
12/12/2019;01:15;27;12;15
12/12/2019;01:30;11;4;7
12/12/2019;01:45;4;0;4
12/12/2019;02:00;4;2;2
12/12/2019;02:15;2;0;2
12/12/2019;02:30;10;5;5
12/12/2019;02:45;3;3;0
12/12/2019;03:00;0;0;0
12/12/2019;03:15;1;1;0
12/12/2019;03:30;2;1;1
12/12/2019;03:45;2;1;1
12/12/2019;04:00;3;2;1
12/12/2019;04:15;4;2;2
12/12/2019;04:30;2;1;1
12/12/2019;04:45;1;0;1
12/12/2019;05:00;3;3;0
12/12/2019;05:15;6;3;3
12/12/2019;05:30;12;8;4
12/12/2019;05:45;31;25;6
12/12/2019;06:00;19;11;8
12/12/2019;06:15;37;27;10
12/12/2019;06:30;32;17;15
12/12/2019;06:45;72;46;26
12/12/2019;07:00;76;49;27
12/12/2019;07:15;197;132;65
12/12/2019;07:30;453;305;148
12/12/2019;07:45;310;186;124
12/12/2019;08:00;185;120;65
12/12/2019;08:15;177;95;82
12/12/2019;08:30;141;92;49
12/12/2019;08:45;204;147;57
12/12/2019;09:00;148;86;62
12/12/2019;09:15;170;104;66
12/12/2019;09:30;217;149;68
12/12/2019;09:45;155;103;52
12/12/2019;10:00;105;74;31
12/12/2019;10:15;98;59;39
12/12/2019;10:30;101;61;40
12/12/2019;10:45;101;60;41
12/12/2019;11:00;133;66;67
12/12/2019;11:15;178;87;91
12/12/2019;11:30;127;62;65
12/12/2019;11:45;140;75;65
12/12/2019;12:00;135;61;74
12/12/2019;12:15;121;74;47
12/12/2019;12:30;160;79;81
12/12/2019;12:45;176;74;102
12/12/2019;13:00;292;62;230
12/12/2019;13:15;190;90;100
12/12/2019;13:30;157;92;65
12/12/2019;13:45;246;134;112
12/12/2019;14:00;198;92;106
12/12/2019;14:15;157;70;87
12/12/2019;14:30;154;75;79
12/12/2019;14:45;163;82;81
12/12/2019;15:00;181;101;80
12/12/2019;15:15;228;106;122
12/12/2019;15:30;330;138;192
12/12/2019;15:45;277;151;126
12/12/2019;16:00;189;104;85
12/12/2019;16:15;231;121;110
12/12/2019;16:30;219;78;141
12/12/2019;16:45;259;132;127
12/12/2019;17:00;266;124;142
12/12/2019;17:15;278;122;156
12/12/2019;17:30;228;104;124
12/12/2019;17:45;269;136;133
12/12/2019;18:00;243;101;142
12/12/2019;18:15;189;87;102
12/12/2019;18:30;196;81;115
12/12/2019;18:45;253;127;126
12/12/2019;19:00;211;81;130
12/12/2019;19:15;185;94;91
12/12/2019;19:30;140;69;71
12/12/2019;19:45;154;66;88
12/12/2019;20:00;133;64;69
12/12/2019;20:15;127;50;77
12/12/2019;20:30;114;42;72
12/12/2019;20:45;109;44;65
12/12/2019;21:00;84;33;51
12/12/2019;21:15;82;37;45
12/12/2019;21:30;65;20;45
12/12/2019;21:45;97;41;56
12/12/2019;22:00;110;47;63
12/12/2019;22:15;98;32;66
12/12/2019;22:30;73;25;48
12/12/2019;22:45;59;17;42
12/12/2019;23:00;64;20;44
12/12/2019;23:15;42;15;27
12/12/2019;23:30;34;11;23
12/12/2019;23:45;22;10;12
13/12/2019;00:00;38;16;22
13/12/2019;00:15;29;9;20
13/12/2019;00:30;17;6;11
13/12/2019;00:45;24;8;16
13/12/2019;01:00;12;2;10
13/12/2019;01:15;17;4;13
13/12/2019;01:30;11;1;10
13/12/2019;01:45;14;5;9
13/12/2019;02:00;11;4;7
13/12/2019;02:15;6;4;2
13/12/2019;02:30;9;2;7
13/12/2019;02:45;5;2;3
13/12/2019;03:00;5;0;5
13/12/2019;03:15;4;2;2
13/12/2019;03:30;1;0;1
13/12/2019;03:45;2;2;0
13/12/2019;04:00;10;7;3
13/12/2019;04:15;5;2;3
13/12/2019;04:30;1;1;0
13/12/2019;04:45;5;3;2
13/12/2019;05:00;1;1;0
13/12/2019;05:15;7;5;2
13/12/2019;05:30;19;11;8
13/12/2019;05:45;24;18;6
13/12/2019;06:00;19;14;5
13/12/2019;06:15;51;42;9
13/12/2019;06:30;52;37;15
13/12/2019;06:45;72;42;30
13/12/2019;07:00;73;48;25
13/12/2019;07:15;160;108;52
13/12/2019;07:30;397;256;141
13/12/2019;07:45;264;168;96
13/12/2019;08:00;146;92;54
13/12/2019;08:15;152;95;57
13/12/2019;08:30;163;101;62
13/12/2019;08:45;217;137;80
13/12/2019;09:00;130;87;43
13/12/2019;09:15;124;78;46
13/12/2019;09:30;118;69;49
13/12/2019;09:45;109;72;37
13/12/2019;10:00;76;46;30
13/12/2019;10:15;95;54;41
13/12/2019;10:30;88;49;39
13/12/2019;10:45;85;50;35
13/12/2019;11:00;63;34;29
13/12/2019;11:15;148;67;81
13/12/2019;11:30;104;60;44
13/12/2019;11:45;103;49;54
13/12/2019;12:00;132;59;73
13/12/2019;12:15;167;85;82
13/12/2019;12:30;147;70;77
13/12/2019;12:45;176;79;97
13/12/2019;13:00;314;91;223
13/12/2019;13:15;165;77;88
13/12/2019;13:30;148;73;75
13/12/2019;13:45;142;67;75
13/12/2019;14:00;148;66;82
13/12/2019;14:15;142;76;66
13/12/2019;14:30;139;69;70
13/12/2019;14:45;159;77;82
13/12/2019;15:00;131;66;65
13/12/2019;15:15;113;52;61
13/12/2019;15:30;132;66;66
13/12/2019;15:45;165;80;85
13/12/2019;16:00;147;70;77
13/12/2019;16:15;155;74;81
13/12/2019;16:30;121;63;58
13/12/2019;16:45;159;78;81
13/12/2019;17:00;140;74;66
13/12/2019;17:15;155;73;82
13/12/2019;17:30;117;60;57
13/12/2019;17:45;186;106;80
13/12/2019;18:00;144;67;77
13/12/2019;18:15;135;66;69
13/12/2019;18:30;123;59;64
13/12/2019;18:45;129;71;58
13/12/2019;19:00;147;59;88
13/12/2019;19:15;113;50;63
13/12/2019;19:30;93;50;43
13/12/2019;19:45;100;52;48
13/12/2019;20:00;66;24;42
13/12/2019;20:15;72;45;27
13/12/2019;20:30;57;23;34
13/12/2019;20:45;63;35;28
13/12/2019;21:00;65;29;36
13/12/2019;21:15;64;28;36
13/12/2019;21:30;55;20;35
13/12/2019;21:45;48;18;30
13/12/2019;22:00;88;37;51
13/12/2019;22:15;47;10;37
13/12/2019;22:30;41;14;27
13/12/2019;22:45;44;14;30
13/12/2019;23:00;48;15;33
13/12/2019;23:15;56;23;33
13/12/2019;23:30;34;12;22
13/12/2019;23:45;39;9;30
14/12/2019;00:00;42;13;29
14/12/2019;00:15;49;16;33
14/12/2019;00:30;24;4;20
14/12/2019;00:45;33;11;22
14/12/2019;01:00;38;14;24
14/12/2019;01:15;17;6;11
14/12/2019;01:30;16;0;16
14/12/2019;01:45;19;4;15
14/12/2019;02:00;19;8;11
14/12/2019;02:15;39;9;30
14/12/2019;02:30;17;2;15
14/12/2019;02:45;18;5;13
14/12/2019;03:00;8;6;2
14/12/2019;03:15;16;3;13
14/12/2019;03:30;20;7;13
14/12/2019;03:45;8;3;5
14/12/2019;04:00;7;3;4
14/12/2019;04:15;3;1;2
14/12/2019;04:30;6;2;4
14/12/2019;04:45;9;1;8
14/12/2019;05:00;4;3;1
14/12/2019;05:15;5;3;2
14/12/2019;05:30;13;9;4
14/12/2019;05:45;13;9;4
14/12/2019;06:00;3;3;0
14/12/2019;06:15;14;10;4
14/12/2019;06:30;17;11;6
14/12/2019;06:45;16;9;7
14/12/2019;07:00;13;11;2
14/12/2019;07:15;13;10;3
14/12/2019;07:30;13;10;3
14/12/2019;07:45;27;15;12
14/12/2019;08:00;31;18;13
14/12/2019;08:15;32;23;9
14/12/2019;08:30;38;24;14
14/12/2019;08:45;58;44;14
14/12/2019;09:00;51;36;15
14/12/2019;09:15;54;35;19
14/12/2019;09:30;64;45;19
14/12/2019;09:45;107;67;40
14/12/2019;10:00;103;63;40
14/12/2019;10:15;96;57;39
14/12/2019;10:30;107;59;48
14/12/2019;10:45;146;110;36
14/12/2019;11:00;116;68;48
14/12/2019;11:15;113;73;40
14/12/2019;11:30;126;66;60
14/12/2019;11:45;135;80;55
14/12/2019;12:00;131;71;60
14/12/2019;12:15;131;68;63
14/12/2019;12:30;159;85;74
14/12/2019;12:45;179;97;82
14/12/2019;13:00;119;57;62
14/12/2019;13:15;126;68;58
14/12/2019;13:30;148;76;72
14/12/2019;13:45;119;55;64
14/12/2019;14:00;108;62;46
14/12/2019;14:15;141;75;66
14/12/2019;14:30;125;64;61
14/12/2019;14:45;160;90;70
14/12/2019;15:00;153;76;77
14/12/2019;15:15;156;82;74
14/12/2019;15:30;158;82;76
14/12/2019;15:45;152;81;71
14/12/2019;16:00;141;65;76
14/12/2019;16:15;133;68;65
14/12/2019;16:30;132;70;62
14/12/2019;16:45;144;80;64
14/12/2019;17:00;131;63;68
14/12/2019;17:15;158;67;91
14/12/2019;17:30;135;60;75
14/12/2019;17:45;143;80;63
14/12/2019;18:00;110;51;59
14/12/2019;18:15;158;62;96
14/12/2019;18:30;127;65;62
14/12/2019;18:45;171;97;74
14/12/2019;19:00;112;48;64
14/12/2019;19:15;89;45;44
14/12/2019;19:30;100;51;49
14/12/2019;19:45;87;45;42
14/12/2019;20:00;83;47;36
14/12/2019;20:15;83;53;30
14/12/2019;20:30;59;33;26
14/12/2019;20:45;76;37;39
14/12/2019;21:00;68;30;38
14/12/2019;21:15;76;31;45
14/12/2019;21:30;57;28;29
14/12/2019;21:45;70;23;47
14/12/2019;22:00;55;19;36
14/12/2019;22:15;58;16;42
14/12/2019;22:30;52;19;33
14/12/2019;22:45;56;17;39
14/12/2019;23:00;42;11;31
14/12/2019;23:15;46;9;37
14/12/2019;23:30;39;12;27
14/12/2019;23:45;39;15;24
15/12/2019;00:00;49;16;33
15/12/2019;00:15;45;11;34
15/12/2019;00:30;39;12;27
15/12/2019;00:45;41;13;28
15/12/2019;01:00;27;3;24
15/12/2019;01:15;40;16;24
15/12/2019;01:30;47;12;35
15/12/2019;01:45;15;6;9
15/12/2019;02:00;20;5;15
15/12/2019;02:15;19;5;14
15/12/2019;02:30;28;12;16
15/12/2019;02:45;27;4;23
15/12/2019;03:00;14;4;10
15/12/2019;03:15;13;5;8
15/12/2019;03:30;4;0;4
15/12/2019;03:45;14;6;8
15/12/2019;04:00;7;3;4
15/12/2019;04:15;10;4;6
15/12/2019;04:30;3;2;1
15/12/2019;04:45;2;2;0
15/12/2019;05:00;10;6;4
15/12/2019;05:15;4;0;4
15/12/2019;05:30;5;4;1
15/12/2019;05:45;3;2;1
15/12/2019;06:00;4;1;3
15/12/2019;06:15;8;5;3
15/12/2019;06:30;5;3;2
15/12/2019;06:45;13;8;5
15/12/2019;07:00;7;5;2
15/12/2019;07:15;10;9;1
15/12/2019;07:30;12;5;7
15/12/2019;07:45;16;11;5
15/12/2019;08:00;6;3;3
15/12/2019;08:15;16;5;11
15/12/2019;08:30;22;8;14
15/12/2019;08:45;38;23;15
15/12/2019;09:00;30;13;17
15/12/2019;09:15;41;20;21
15/12/2019;09:30;64;37;27
15/12/2019;09:45;77;41;36
15/12/2019;10:00;50;29;21
15/12/2019;10:15;53;38;15
15/12/2019;10:30;58;47;11
15/12/2019;10:45;51;30;21
15/12/2019;11:00;59;21;38
15/12/2019;11:15;66;35;31
15/12/2019;11:30;56;33;23
15/12/2019;11:45;59;33;26
15/12/2019;12:00;85;47;38
15/12/2019;12:15;100;50;50
15/12/2019;12:30;102;60;42
15/12/2019;12:45;83;42;41
15/12/2019;13:00;61;32;29
15/12/2019;13:15;85;53;32
15/12/2019;13:30;74;42;32
15/12/2019;13:45;123;73;50
15/12/2019;14:00;128;47;81
15/12/2019;14:15;113;63;50
15/12/2019;14:30;111;62;49
15/12/2019;14:45;101;60;41
15/12/2019;15:00;133;71;62
15/12/2019;15:15;98;50;48
15/12/2019;15:30;125;78;47
15/12/2019;15:45;109;69;40
15/12/2019;16:00;102;53;49
15/12/2019;16:15;116;64;52
15/12/2019;16:30;92;49;43
15/12/2019;16:45;130;69;61
15/12/2019;17:00;100;52;48
15/12/2019;17:15;94;49;45
15/12/2019;17:30;86;38;48
15/12/2019;17:45;90;34;56
15/12/2019;18:00;103;42;61
15/12/2019;18:15;90;40;50
15/12/2019;18:30;98;49;49
15/12/2019;18:45;99;47;52
15/12/2019;19:00;87;33;54
15/12/2019;19:15;65;30;35
15/12/2019;19:30;95;44;51
15/12/2019;19:45;66;29;37
15/12/2019;20:00;82;32;50
15/12/2019;20:15;66;19;47
15/12/2019;20:30;48;21;27
15/12/2019;20:45;39;12;27
15/12/2019;21:00;35;11;24
15/12/2019;21:15;47;12;35
15/12/2019;21:30;29;11;18
15/12/2019;21:45;38;13;25
15/12/2019;22:00;36;18;18
15/12/2019;22:15;34;13;21
15/12/2019;22:30;38;11;27
15/12/2019;22:45;37;12;25
15/12/2019;23:00;14;7;7
15/12/2019;23:15;21;8;13
15/12/2019;23:30;18;8;10
15/12/2019;23:45;18;6;12
16/12/2019;00:00;17;5;12
16/12/2019;00:15;6;2;4
16/12/2019;00:30;5;3;2
16/12/2019;00:45;8;4;4
16/12/2019;01:00;9;7;2
16/12/2019;01:15;3;2;1
16/12/2019;01:30;3;1;2
16/12/2019;01:45;2;1;1
16/12/2019;02:00;2;2;0
16/12/2019;02:15;4;0;4
16/12/2019;02:30;2;1;1
16/12/2019;02:45;3;1;2
16/12/2019;03:00;1;1;0
16/12/2019;03:15;0;0;0
16/12/2019;03:30;0;0;0
16/12/2019;03:45;1;1;0
16/12/2019;04:00;0;0;0
16/12/2019;04:15;1;1;0
16/12/2019;04:30;2;2;0
16/12/2019;04:45;5;3;2
16/12/2019;05:00;4;1;3
16/12/2019;05:15;7;5;2
16/12/2019;05:30;12;8;4
16/12/2019;05:45;24;19;5
16/12/2019;06:00;26;18;8
16/12/2019;06:15;36;27;9
16/12/2019;06:30;50;33;17
16/12/2019;06:45;83;56;27
16/12/2019;07:00;90;61;29
16/12/2019;07:15;206;135;71
16/12/2019;07:30;425;264;161
16/12/2019;07:45;285;172;113
16/12/2019;08:00;185;103;82
16/12/2019;08:15;173;103;70
16/12/2019;08:30;222;140;82
16/12/2019;08:45;213;132;81
16/12/2019;09:00;168;110;58
16/12/2019;09:15;197;137;60
16/12/2019;09:30;269;162;107
16/12/2019;09:45;189;125;64
16/12/2019;10:00;132;72;60
16/12/2019;10:15;131;80;51
16/12/2019;10:30;124;75;49
16/12/2019;10:45;168;100;68
16/12/2019;11:00;142;70;72
16/12/2019;11:15;217;108;109
16/12/2019;11:30;163;82;81
16/12/2019;11:45;156;86;70
16/12/2019;12:00;165;69;96
16/12/2019;12:15;167;84;83
16/12/2019;12:30;175;60;115
16/12/2019;12:45;200;89;111
16/12/2019;13:00;302;87;215
16/12/2019;13:15;187;95;92
16/12/2019;13:30;167;77;90
16/12/2019;13:45;235;123;112
16/12/2019;14:00;143;68;75
16/12/2019;14:15;150;83;67
16/12/2019;14:30;177;100;77
16/12/2019;14:45;202;106;96
16/12/2019;15:00;196;106;90
16/12/2019;15:15;210;106;104
16/12/2019;15:30;344;146;198
16/12/2019;15:45;305;164;141
16/12/2019;16:00;224;125;99
16/12/2019;16:15;291;146;145
16/12/2019;16:30;273;120;153
16/12/2019;16:45;238;118;120
16/12/2019;17:00;265;116;149
16/12/2019;17:15;325;133;192
16/12/2019;17:30;289;125;164
16/12/2019;17:45;255;124;131
16/12/2019;18:00;245;107;138
16/12/2019;18:15;209;93;116
16/12/2019;18:30;164;65;99
16/12/2019;18:45;246;119;127
16/12/2019;19:00;239;111;128
16/12/2019;19:15;173;77;96
16/12/2019;19:30;160;59;101
16/12/2019;19:45;149;74;75
16/12/2019;20:00;131;41;90
16/12/2019;20:15;131;44;87
16/12/2019;20:30;108;44;64
16/12/2019;20:45;107;42;65
16/12/2019;21:00;97;35;62
16/12/2019;21:15;104;32;72
16/12/2019;21:30;75;20;55
16/12/2019;21:45;82;37;45
16/12/2019;22:00;82;32;50
16/12/2019;22:15;77;30;47
16/12/2019;22:30;68;24;44
16/12/2019;22:45;64;22;42
16/12/2019;23:00;52;15;37
16/12/2019;23:15;53;20;33
16/12/2019;23:30;47;18;29
16/12/2019;23:45;21;5;16
17/12/2019;00:00;25;10;15
17/12/2019;00:15;22;6;16
17/12/2019;00:30;17;3;14
17/12/2019;00:45;14;6;8
17/12/2019;01:00;14;2;12
17/12/2019;01:15;16;3;13
17/12/2019;01:30;12;1;11
17/12/2019;01:45;10;1;9
17/12/2019;02:00;1;1;0
17/12/2019;02:15;6;1;5
17/12/2019;02:30;4;2;2
17/12/2019;02:45;3;1;2
17/12/2019;03:00;2;2;0
17/12/2019;03:15;4;3;1
17/12/2019;03:30;5;3;2
17/12/2019;03:45;4;3;1
17/12/2019;04:00;1;0;1
17/12/2019;04:15;4;1;3
17/12/2019;04:30;3;3;0
17/12/2019;04:45;5;3;2
17/12/2019;05:00;3;2;1
17/12/2019;05:15;10;6;4
17/12/2019;05:30;9;6;3
17/12/2019;05:45;27;20;7
17/12/2019;06:00;16;7;9
17/12/2019;06:15;41;29;12
17/12/2019;06:30;46;27;19
17/12/2019;06:45;74;51;23
17/12/2019;07:00;88;45;43
17/12/2019;07:15;188;141;47
17/12/2019;07:30;434;258;176
17/12/2019;07:45;384;259;125
17/12/2019;08:00;233;136;97
17/12/2019;08:15;211;115;96
17/12/2019;08:30;191;121;70
17/12/2019;08:45;243;162;81
17/12/2019;09:00;168;98;70
17/12/2019;09:15;256;180;76
17/12/2019;09:30;302;187;115
17/12/2019;09:45;189;113;76
17/12/2019;10:00;139;91;48
17/12/2019;10:15;141;98;43
17/12/2019;10:30;147;94;53
17/12/2019;10:45;147;86;61
17/12/2019;11:00;150;65;85
17/12/2019;11:15;238;117;121
17/12/2019;11:30;146;75;71
17/12/2019;11:45;163;68;95
17/12/2019;12:00;166;79;87
17/12/2019;12:15;192;67;125
17/12/2019;12:30;197;79;118
17/12/2019;12:45;240;94;146
17/12/2019;13:00;305;90;215
17/12/2019;13:15;213;99;114
17/12/2019;13:30;180;94;86
17/12/2019;13:45;262;178;84
17/12/2019;14:00;179;92;87
17/12/2019;14:15;195;98;97
17/12/2019;14:30;178;81;97
17/12/2019;14:45;208;111;97
17/12/2019;15:00;178;84;94
17/12/2019;15:15;213;113;100
17/12/2019;15:30;394;162;232
17/12/2019;15:45;269;132;137
17/12/2019;16:00;241;111;130
17/12/2019;16:15;244;116;128
17/12/2019;16:30;245;126;119
17/12/2019;16:45;291;159;132
17/12/2019;17:00;278;127;151
17/12/2019;17:15;354;169;185
17/12/2019;17:30;246;120;126
17/12/2019;17:45;263;154;109
17/12/2019;18:00;244;103;141
17/12/2019;18:15;275;153;122
17/12/2019;18:30;215;103;112
17/12/2019;18:45;229;124;105
17/12/2019;19:00;235;83;152
17/12/2019;19:15;192;96;96
17/12/2019;19:30;186;81;105
17/12/2019;19:45;161;66;95
17/12/2019;20:00;137;49;88
17/12/2019;20:15;124;53;71
17/12/2019;20:30;110;48;62
17/12/2019;20:45;85;31;54
17/12/2019;21:00;88;22;66
17/12/2019;21:15;107;27;80
17/12/2019;21:30;96;20;76
17/12/2019;21:45;96;27;69
17/12/2019;22:00;91;26;65
17/12/2019;22:15;96;33;63
17/12/2019;22:30;80;25;55
17/12/2019;22:45;60;15;45
17/12/2019;23:00;56;13;43
17/12/2019;23:15;55;24;31
17/12/2019;23:30;34;11;23
17/12/2019;23:45;31;4;27
18/12/2019;00:00;39;12;27
18/12/2019;00:15;32;13;19
18/12/2019;00:30;24;5;19
18/12/2019;00:45;21;8;13
18/12/2019;01:00;18;7;11
18/12/2019;01:15;23;7;16
18/12/2019;01:30;9;5;4
18/12/2019;01:45;13;6;7
18/12/2019;02:00;7;5;2
18/12/2019;02:15;9;7;2
18/12/2019;02:30;9;4;5
18/12/2019;02:45;2;1;1
18/12/2019;03:00;3;0;3
18/12/2019;03:15;2;0;2
18/12/2019;03:30;0;0;0
18/12/2019;03:45;3;3;0
18/12/2019;04:00;3;1;2
18/12/2019;04:15;2;2;0
18/12/2019;04:30;2;2;0
18/12/2019;04:45;3;2;1
18/12/2019;05:00;3;2;1
18/12/2019;05:15;11;8;3
18/12/2019;05:30;15;11;4
18/12/2019;05:45;33;26;7
18/12/2019;06:00;30;16;14
18/12/2019;06:15;31;21;10
18/12/2019;06:30;56;40;16
18/12/2019;06:45;72;46;26
18/12/2019;07:00;88;52;36
18/12/2019;07:15;202;128;74
18/12/2019;07:30;447;297;150
18/12/2019;07:45;376;242;134
18/12/2019;08:00;219;126;93
18/12/2019;08:15;236;138;98
18/12/2019;08:30;177;97;80
18/12/2019;08:45;225;139;86
18/12/2019;09:00;156;105;51
18/12/2019;09:15;219;155;64
18/12/2019;09:30;250;164;86
18/12/2019;09:45;208;137;71
18/12/2019;10:00;128;75;53
18/12/2019;10:15;133;81;52
18/12/2019;10:30;133;77;56
18/12/2019;10:45;124;84;40
18/12/2019;11:00;146;73;73
18/12/2019;11:15;163;85;78
18/12/2019;11:30;176;85;91
18/12/2019;11:45;149;78;71
18/12/2019;12:00;177;87;90
18/12/2019;12:15;192;105;87
18/12/2019;12:30;184;83;101
18/12/2019;12:45;185;88;97
18/12/2019;13:00;362;124;238
18/12/2019;13:15;242;137;105
18/12/2019;13:30;200;104;96
18/12/2019;13:45;242;124;118
18/12/2019;14:00;185;105;80
18/12/2019;14:15;185;104;81
18/12/2019;14:30;164;83;81
18/12/2019;14:45;198;106;92
18/12/2019;15:00;163;87;76
18/12/2019;15:15;217;109;108
18/12/2019;15:30;363;165;198
18/12/2019;15:45;232;100;132
18/12/2019;16:00;214;101;113
18/12/2019;16:15;234;110;124
18/12/2019;16:30;234;112;122
18/12/2019;16:45;315;169;146
18/12/2019;17:00;234;128;106
18/12/2019;17:15;303;132;171
18/12/2019;17:30;265;122;143
18/12/2019;17:45;259;135;124
18/12/2019;18:00;262;128;134
18/12/2019;18:15;242;120;122
18/12/2019;18:30;218;108;110
18/12/2019;18:45;228;111;117
18/12/2019;19:00;233;96;137
18/12/2019;19:15;178;94;84
18/12/2019;19:30;139;68;71
18/12/2019;19:45;155;78;77
18/12/2019;20:00;165;66;99
18/12/2019;20:15;119;47;72
18/12/2019;20:30;96;30;66
18/12/2019;20:45;108;30;78
18/12/2019;21:00;112;29;83
18/12/2019;21:15;84;28;56
18/12/2019;21:30;88;29;59
18/12/2019;21:45;66;19;47
18/12/2019;22:00;71;24;47
18/12/2019;22:15;86;29;57
18/12/2019;22:30;84;26;58
18/12/2019;22:45;67;14;53
18/12/2019;23:00;48;15;33
18/12/2019;23:15;46;21;25
18/12/2019;23:30;57;15;42
18/12/2019;23:45;38;12;26
19/12/2019;00:00;36;9;27
19/12/2019;00:15;44;11;33
19/12/2019;00:30;19;6;13
19/12/2019;00:45;23;8;15
19/12/2019;01:00;20;5;15
19/12/2019;01:15;32;7;25
19/12/2019;01:30;15;5;10
19/12/2019;01:45;9;5;4
19/12/2019;02:00;8;6;2
19/12/2019;02:15;8;5;3
19/12/2019;02:30;15;12;3
19/12/2019;02:45;2;0;2
19/12/2019;03:00;3;2;1
19/12/2019;03:15;3;0;3
19/12/2019;03:30;2;1;1
19/12/2019;03:45;3;1;2
19/12/2019;04:00;0;0;0
19/12/2019;04:15;3;3;0
19/12/2019;04:30;4;4;0
19/12/2019;04:45;4;1;3
19/12/2019;05:00;2;1;1
19/12/2019;05:15;10;6;4
19/12/2019;05:30;20;17;3
19/12/2019;05:45;22;13;9
19/12/2019;06:00;20;11;9
19/12/2019;06:15;30;25;5
19/12/2019;06:30;46;26;20
19/12/2019;06:45;67;44;23
19/12/2019;07:00;73;38;35
19/12/2019;07:15;198;138;60
19/12/2019;07:30;407;262;145
19/12/2019;07:45;316;205;111
19/12/2019;08:00;181;111;70
19/12/2019;08:15;175;90;85
19/12/2019;08:30;168;90;78
19/12/2019;08:45;204;146;58
19/12/2019;09:00;163;106;57
19/12/2019;09:15;177;121;56
19/12/2019;09:30;196;118;78
19/12/2019;09:45;159;101;58
19/12/2019;10:00;106;69;37
19/12/2019;10:15;107;65;42
19/12/2019;10:30;123;79;44
19/12/2019;10:45;120;67;53
19/12/2019;11:00;171;92;79
19/12/2019;11:15;181;95;86
19/12/2019;11:30;129;58;71
19/12/2019;11:45;150;72;78
19/12/2019;12:00;181;86;95
19/12/2019;12:15;143;85;58
19/12/2019;12:30;172;75;97
19/12/2019;12:45;205;98;107
19/12/2019;13:00;265;81;184
19/12/2019;13:15;187;71;116
19/12/2019;13:30;208;75;133
19/12/2019;13:45;259;155;104
19/12/2019;14:00;173;87;86
19/12/2019;14:15;161;84;77
19/12/2019;14:30;159;76;83
19/12/2019;14:45;199;100;99
19/12/2019;15:00;188;91;97
19/12/2019;15:15;216;97;119
19/12/2019;15:30;358;148;210
19/12/2019;15:45;283;164;119
19/12/2019;16:00;213;106;107
19/12/2019;16:15;224;128;96
19/12/2019;16:30;236;110;126
19/12/2019;16:45;245;121;124
19/12/2019;17:00;253;109;144
19/12/2019;17:15;284;118;166
19/12/2019;17:30;258;125;133
19/12/2019;17:45;214;112;102
19/12/2019;18:00;231;114;117
19/12/2019;18:15;214;120;94
19/12/2019;18:30;209;101;108
19/12/2019;18:45;210;121;89
19/12/2019;19:00;178;56;122
19/12/2019;19:15;167;92;75
19/12/2019;19:30;131;59;72
19/12/2019;19:45;153;77;76
19/12/2019;20:00;112;37;75
19/12/2019;20:15;107;40;67
19/12/2019;20:30;86;29;57
19/12/2019;20:45;77;28;49
19/12/2019;21:00;77;30;47
19/12/2019;21:15;93;30;63
19/12/2019;21:30;91;28;63
19/12/2019;21:45;77;22;55
19/12/2019;22:00;72;25;47
19/12/2019;22:15;72;30;42
19/12/2019;22:30;49;13;36
19/12/2019;22:45;55;21;34
19/12/2019;23:00;59;22;37
19/12/2019;23:15;80;29;51
19/12/2019;23:30;48;17;31
19/12/2019;23:45;43;11;32
20/12/2019;00:00;53;24;29
20/12/2019;00:15;33;18;15
20/12/2019;00:30;32;10;22
20/12/2019;00:45;25;8;17
20/12/2019;01:00;44;4;40
20/12/2019;01:15;27;5;22
20/12/2019;01:30;20;3;17
20/12/2019;01:45;15;4;11
20/12/2019;02:00;5;5;0
20/12/2019;02:15;10;4;6
20/12/2019;02:30;8;6;2
20/12/2019;02:45;4;1;3
20/12/2019;03:00;9;5;4
20/12/2019;03:15;7;3;4
20/12/2019;03:30;1;0;1
20/12/2019;03:45;4;2;2
20/12/2019;04:00;1;0;1
20/12/2019;04:15;1;0;1
20/12/2019;04:30;3;2;1
20/12/2019;04:45;2;2;0
20/12/2019;05:00;1;1;0
20/12/2019;05:15;5;2;3
20/12/2019;05:30;11;10;1
20/12/2019;05:45;20;16;4
20/12/2019;06:00;24;13;11
20/12/2019;06:15;29;19;10
20/12/2019;06:30;42;27;15
20/12/2019;06:45;52;23;29
20/12/2019;07:00;55;35;20
20/12/2019;07:15;89;34;55
20/12/2019;07:30;220;93;127
20/12/2019;07:45;223;144;79
20/12/2019;08:00;133;85;48
20/12/2019;08:15;137;81;56
20/12/2019;08:30;159;102;57
20/12/2019;08:45;184;116;68
20/12/2019;09:00;185;137;48
20/12/2019;09:15;280;220;60
20/12/2019;09:30;233;165;68
20/12/2019;09:45;154;88;66
20/12/2019;10:00;143;84;59
20/12/2019;10:15;147;77;70
20/12/2019;10:30;143;81;62
20/12/2019;10:45;126;66;60
20/12/2019;11:00;148;80;68
20/12/2019;11:15;164;95;69
20/12/2019;11:30;155;78;77
20/12/2019;11:45;172;91;81
20/12/2019;12:00;180;77;103
20/12/2019;12:15;265;120;145
20/12/2019;12:30;217;108;109
20/12/2019;12:45;165;75;90
20/12/2019;13:00;254;77;177
20/12/2019;13:15;179;73;106
20/12/2019;13:30;179;73;106
20/12/2019;13:45;170;78;92
20/12/2019;14:00;190;101;89
20/12/2019;14:15;158;77;81
20/12/2019;14:30;185;107;78
20/12/2019;14:45;188;82;106
20/12/2019;15:00;147;91;56
20/12/2019;15:15;192;97;95
20/12/2019;15:30;168;82;86
20/12/2019;15:45;186;90;96
20/12/2019;16:00;173;91;82
20/12/2019;16:15;158;87;71
20/12/2019;16:30;172;84;88
20/12/2019;16:45;178;77;101
20/12/2019;17:00;159;70;89
20/12/2019;17:15;148;80;68
20/12/2019;17:30;145;70;75
20/12/2019;17:45;152;70;82
20/12/2019;18:00;137;71;66
20/12/2019;18:15;168;84;84
20/12/2019;18:30;148;70;78
20/12/2019;18:45;145;71;74
20/12/2019;19:00;122;54;68
20/12/2019;19:15;104;51;53
20/12/2019;19:30;100;43;57
20/12/2019;19:45;65;29;36
20/12/2019;20:00;73;29;44
20/12/2019;20:15;77;35;42
20/12/2019;20:30;77;28;49
20/12/2019;20:45;84;30;54
20/12/2019;21:00;49;19;30
20/12/2019;21:15;40;17;23
20/12/2019;21:30;39;11;28
20/12/2019;21:45;50;21;29
20/12/2019;22:00;52;13;39
20/12/2019;22:15;48;18;30
20/12/2019;22:30;85;43;42
20/12/2019;22:45;52;13;39
20/12/2019;23:00;47;9;38
20/12/2019;23:15;26;5;21
20/12/2019;23:30;44;9;35
20/12/2019;23:45;50;10;40
21/12/2019;00:00;25;6;19
21/12/2019;00:15;22;3;19
21/12/2019;00:30;43;16;27
21/12/2019;00:45;20;3;17
21/12/2019;01:00;19;7;12
21/12/2019;01:15;27;7;20
21/12/2019;01:30;20;5;15
21/12/2019;01:45;17;6;11
21/12/2019;02:00;21;8;13
21/12/2019;02:15;19;6;13
21/12/2019;02:30;12;3;9
21/12/2019;02:45;14;6;8
21/12/2019;03:00;11;5;6
21/12/2019;03:15;11;7;4
21/12/2019;03:30;9;4;5
21/12/2019;03:45;16;4;12
21/12/2019;04:00;10;4;6
21/12/2019;04:15;5;3;2
21/12/2019;04:30;3;3;0
21/12/2019;04:45;5;2;3
21/12/2019;05:00;2;1;1
21/12/2019;05:15;2;1;1
21/12/2019;05:30;11;7;4
21/12/2019;05:45;10;9;1
21/12/2019;06:00;4;3;1
21/12/2019;06:15;7;5;2
21/12/2019;06:30;4;3;1
21/12/2019;06:45;14;6;8
21/12/2019;07:00;9;4;5
21/12/2019;07:15;13;8;5
21/12/2019;07:30;9;5;4
21/12/2019;07:45;18;7;11
21/12/2019;08:00;13;8;5
21/12/2019;08:15;25;9;16
21/12/2019;08:30;28;20;8
21/12/2019;08:45;40;26;14
21/12/2019;09:00;47;28;19
21/12/2019;09:15;62;45;17
21/12/2019;09:30;68;46;22
21/12/2019;09:45;104;62;42
21/12/2019;10:00;62;25;37
21/12/2019;10:15;81;59;22
21/12/2019;10:30;94;62;32
21/12/2019;10:45;108;62;46
21/12/2019;11:00;95;51;44
21/12/2019;11:15;110;62;48
21/12/2019;11:30;118;65;53
21/12/2019;11:45;151;85;66
21/12/2019;12:00;115;69;46
21/12/2019;12:15;120;49;71
21/12/2019;12:30;115;67;48
21/12/2019;12:45;124;79;45
21/12/2019;13:00;125;69;56
21/12/2019;13:15;122;64;58
21/12/2019;13:30;107;65;42
21/12/2019;13:45;132;63;69
21/12/2019;14:00;100;32;68
21/12/2019;14:15;115;74;41
21/12/2019;14:30;124;59;65
21/12/2019;14:45;123;70;53
21/12/2019;15:00;105;52;53
21/12/2019;15:15;117;72;45
21/12/2019;15:30;105;48;57
21/12/2019;15:45;95;46;49
21/12/2019;16:00;133;59;74
21/12/2019;16:15;111;53;58
21/12/2019;16:30;107;48;59
21/12/2019;16:45;103;47;56
21/12/2019;17:00;120;59;61
21/12/2019;17:15;127;71;56
21/12/2019;17:30;93;32;61
21/12/2019;17:45;92;50;42
21/12/2019;18:00;120;46;74
21/12/2019;18:15;95;57;38
21/12/2019;18:30;81;38;43
21/12/2019;18:45;94;49;45
21/12/2019;19:00;111;63;48
21/12/2019;19:15;83;52;31
21/12/2019;19:30;93;50;43
21/12/2019;19:45;69;41;28
21/12/2019;20:00;49;20;29
21/12/2019;20:15;63;37;26
21/12/2019;20:30;45;23;22
21/12/2019;20:45;37;21;16
21/12/2019;21:00;40;18;22
21/12/2019;21:15;41;18;23
21/12/2019;21:30;40;11;29
21/12/2019;21:45;71;24;47
21/12/2019;22:00;37;9;28
21/12/2019;22:15;55;9;46
21/12/2019;22:30;29;3;26
21/12/2019;22:45;41;14;27
21/12/2019;23:00;31;14;17
21/12/2019;23:15;29;9;20
21/12/2019;23:30;32;5;27
21/12/2019;23:45;29;9;20
22/12/2019;00:00;27;4;23
22/12/2019;00:15;27;8;19
22/12/2019;00:30;33;3;30
22/12/2019;00:45;20;7;13
22/12/2019;01:00;14;7;7
22/12/2019;01:15;19;2;17
22/12/2019;01:30;9;2;7
22/12/2019;01:45;16;5;11
22/12/2019;02:00;24;5;19
22/12/2019;02:15;10;1;9
22/12/2019;02:30;5;1;4
22/12/2019;02:45;10;2;8
22/12/2019;03:00;14;3;11
22/12/2019;03:15;13;1;12
22/12/2019;03:30;12;4;8
22/12/2019;03:45;6;2;4
22/12/2019;04:00;2;0;2
22/12/2019;04:15;6;1;5
22/12/2019;04:30;2;0;2
22/12/2019;04:45;2;1;1
22/12/2019;05:00;2;0;2
22/12/2019;05:15;1;0;1
22/12/2019;05:30;10;4;6
22/12/2019;05:45;7;3;4
22/12/2019;06:00;5;1;4
22/12/2019;06:15;8;7;1
22/12/2019;06:30;5;2;3
22/12/2019;06:45;10;8;2
22/12/2019;07:00;6;2;4
22/12/2019;07:15;6;6;0
22/12/2019;07:30;5;3;2
22/12/2019;07:45;5;3;2
22/12/2019;08:00;5;3;2
22/12/2019;08:15;14;6;8
22/12/2019;08:30;9;4;5
22/12/2019;08:45;8;3;5
22/12/2019;09:00;13;8;5
22/12/2019;09:15;11;6;5
22/12/2019;09:30;22;12;10
22/12/2019;09:45;33;18;15
22/12/2019;10:00;19;6;13
22/12/2019;10:15;23;19;4
22/12/2019;10:30;33;24;9
22/12/2019;10:45;29;12;17
22/12/2019;11:00;28;17;11
22/12/2019;11:15;37;20;17
22/12/2019;11:30;34;13;21
22/12/2019;11:45;34;17;17
22/12/2019;12:00;37;21;16
22/12/2019;12:15;39;20;19
22/12/2019;12:30;39;20;19
22/12/2019;12:45;36;18;18
22/12/2019;13:00;30;12;18
22/12/2019;13:15;28;9;19
22/12/2019;13:30;21;12;9
22/12/2019;13:45;36;19;17
22/12/2019;14:00;31;14;17
22/12/2019;14:15;23;14;9
22/12/2019;14:30;23;12;11
22/12/2019;14:45;31;19;12
22/12/2019;15:00;44;20;24
22/12/2019;15:15;40;27;13
22/12/2019;15:30;33;22;11
22/12/2019;15:45;34;18;16
22/12/2019;16:00;33;20;13
22/12/2019;16:15;32;19;13
22/12/2019;16:30;37;23;14
22/12/2019;16:45;57;38;19
22/12/2019;17:00;41;20;21
22/12/2019;17:15;30;15;15
22/12/2019;17:30;37;12;25
22/12/2019;17:45;42;25;17
22/12/2019;18:00;41;21;20
22/12/2019;18:15;21;9;12
22/12/2019;18:30;36;19;17
22/12/2019;18:45;55;32;23
22/12/2019;19:00;42;30;12
22/12/2019;19:15;44;31;13
22/12/2019;19:30;27;17;10
22/12/2019;19:45;34;16;18
22/12/2019;20:00;46;25;21
22/12/2019;20:15;36;18;18
22/12/2019;20:30;36;14;22
22/12/2019;20:45;14;4;10
22/12/2019;21:00;36;18;18
22/12/2019;21:15;17;7;10
22/12/2019;21:30;27;13;14
22/12/2019;21:45;18;4;14
22/12/2019;22:00;19;5;14
22/12/2019;22:15;32;16;16
22/12/2019;22:30;24;8;16
22/12/2019;22:45;16;4;12
22/12/2019;23:00;14;1;13
22/12/2019;23:15;19;1;18
22/12/2019;23:30;13;6;7
22/12/2019;23:45;8;2;6
23/12/2019;00:00;13;3;10
23/12/2019;00:15;11;5;6
23/12/2019;00:30;9;3;6
23/12/2019;00:45;13;1;12
23/12/2019;01:00;10;1;9
23/12/2019;01:15;12;3;9
23/12/2019;01:30;17;4;13
23/12/2019;01:45;10;2;8
23/12/2019;02:00;3;1;2
23/12/2019;02:15;6;6;0
23/12/2019;02:30;4;2;2
23/12/2019;02:45;1;1;0
23/12/2019;03:00;0;0;0
23/12/2019;03:15;2;0;2
23/12/2019;03:30;10;2;8
23/12/2019;03:45;0;0;0
23/12/2019;04:00;0;0;0
23/12/2019;04:15;5;0;5
23/12/2019;04:30;2;1;1
23/12/2019;04:45;4;2;2
23/12/2019;05:00;4;1;3
23/12/2019;05:15;2;2;0
23/12/2019;05:30;5;3;2
23/12/2019;05:45;19;15;4
23/12/2019;06:00;13;10;3
23/12/2019;06:15;20;14;6
23/12/2019;06:30;21;18;3
23/12/2019;06:45;18;13;5
23/12/2019;07:00;18;9;9
23/12/2019;07:15;34;21;13
23/12/2019;07:30;28;14;14
23/12/2019;07:45;52;37;15
23/12/2019;08:00;44;29;15
23/12/2019;08:15;37;25;12
23/12/2019;08:30;37;27;10
23/12/2019;08:45;62;44;18
23/12/2019;09:00;69;48;21
23/12/2019;09:15;61;43;18
23/12/2019;09:30;79;61;18
23/12/2019;09:45;96;60;36
23/12/2019;10:00;79;48;31
23/12/2019;10:15;94;46;48
23/12/2019;10:30;88;47;41
23/12/2019;10:45;98;60;38
23/12/2019;11:00;78;34;44
23/12/2019;11:15;99;57;42
23/12/2019;11:30;82;41;41
23/12/2019;11:45;91;36;55
23/12/2019;12:00;105;43;62
23/12/2019;12:15;83;30;53
23/12/2019;12:30;90;47;43
23/12/2019;12:45;95;50;45
23/12/2019;13:00;121;47;74
23/12/2019;13:15;84;41;43
23/12/2019;13:30;86;45;41
23/12/2019;13:45;105;61;44
23/12/2019;14:00;80;36;44
23/12/2019;14:15;95;53;42
23/12/2019;14:30;90;45;45
23/12/2019;14:45;82;41;41
23/12/2019;15:00;104;52;52
23/12/2019;15:15;88;40;48
23/12/2019;15:30;130;71;59
23/12/2019;15:45;136;60;76
23/12/2019;16:00;110;52;58
23/12/2019;16:15;98;43;55
23/12/2019;16:30;85;39;46
23/12/2019;16:45;105;48;57
23/12/2019;17:00;108;37;71
23/12/2019;17:15;99;49;50
23/12/2019;17:30;84;42;42
23/12/2019;17:45;80;26;54
23/12/2019;18:00;63;35;28
23/12/2019;18:15;68;22;46
23/12/2019;18:30;64;18;46
23/12/2019;18:45;72;25;47
23/12/2019;19:00;68;27;41
23/12/2019;19:15;61;22;39
23/12/2019;19:30;52;23;29
23/12/2019;19:45;44;17;27
23/12/2019;20:00;40;19;21
23/12/2019;20:15;39;18;21
23/12/2019;20:30;35;18;17
23/12/2019;20:45;19;8;11
23/12/2019;21:00;22;10;12
23/12/2019;21:15;19;6;13
23/12/2019;21:30;21;8;13
23/12/2019;21:45;16;8;8
23/12/2019;22:00;15;6;9
23/12/2019;22:15;15;11;4
23/12/2019;22:30;23;7;16
23/12/2019;22:45;26;14;12
23/12/2019;23:00;13;3;10
23/12/2019;23:15;9;4;5
23/12/2019;23:30;11;2;9
23/12/2019;23:45;8;2;6
24/12/2019;00:00;16;8;8
24/12/2019;00:15;14;6;8
24/12/2019;00:30;12;3;9
24/12/2019;00:45;10;3;7
24/12/2019;01:00;7;1;6
24/12/2019;01:15;12;4;8
24/12/2019;01:30;10;4;6
24/12/2019;01:45;4;2;2
24/12/2019;02:00;3;2;1
24/12/2019;02:15;3;0;3
24/12/2019;02:30;1;0;1
24/12/2019;02:45;2;0;2
24/12/2019;03:00;8;1;7
24/12/2019;03:15;4;2;2
24/12/2019;03:30;6;4;2
24/12/2019;03:45;0;0;0
24/12/2019;04:00;1;0;1
24/12/2019;04:15;1;0;1
24/12/2019;04:30;1;1;0
24/12/2019;04:45;3;3;0
24/12/2019;05:00;4;1;3
24/12/2019;05:15;2;1;1
24/12/2019;05:30;9;7;2
24/12/2019;05:45;9;7;2
24/12/2019;06:00;7;5;2
24/12/2019;06:15;4;2;2
24/12/2019;06:30;7;6;1
24/12/2019;06:45;9;6;3
24/12/2019;07:00;9;7;2
24/12/2019;07:15;10;9;1
24/12/2019;07:30;15;11;4
24/12/2019;07:45;28;22;6
24/12/2019;08:00;30;20;10
24/12/2019;08:15;37;26;11
24/12/2019;08:30;37;18;19
24/12/2019;08:45;43;27;16
24/12/2019;09:00;45;28;17
24/12/2019;09:15;67;46;21
24/12/2019;09:30;72;45;27
24/12/2019;09:45;89;56;33
24/12/2019;10:00;83;53;30
24/12/2019;10:15;73;42;31
24/12/2019;10:30;79;48;31
24/12/2019;10:45;72;34;38
24/12/2019;11:00;78;35;43
24/12/2019;11:15;71;32;39
24/12/2019;11:30;51;13;38
24/12/2019;11:45;69;35;34
24/12/2019;12:00;50;15;35
24/12/2019;12:15;66;24;42
24/12/2019;12:30;49;20;29
24/12/2019;12:45;48;20;28
24/12/2019;13:00;52;13;39
24/12/2019;13:15;41;15;26
24/12/2019;13:30;33;19;14
24/12/2019;13:45;56;31;25
24/12/2019;14:00;51;11;40
24/12/2019;14:15;30;11;19
24/12/2019;14:30;18;7;11
24/12/2019;14:45;35;18;17
24/12/2019;15:00;20;11;9
24/12/2019;15:15;38;15;23
24/12/2019;15:30;28;14;14
24/12/2019;15:45;20;9;11
24/12/2019;16:00;23;6;17
24/12/2019;16:15;42;12;30
24/12/2019;16:30;27;10;17
24/12/2019;16:45;25;13;12
24/12/2019;17:00;23;11;12
24/12/2019;17:15;15;9;6
24/12/2019;17:30;16;9;7
24/12/2019;17:45;15;11;4
24/12/2019;18:00;14;5;9
24/12/2019;18:15;27;9;18
24/12/2019;18:30;13;8;5
24/12/2019;18:45;10;2;8
24/12/2019;19:00;28;10;18
24/12/2019;19:15;10;4;6
24/12/2019;19:30;11;7;4
24/12/2019;19:45;7;6;1
24/12/2019;20:00;14;6;8
24/12/2019;20:15;3;2;1
24/12/2019;20:30;9;5;4
24/12/2019;20:45;10;6;4
24/12/2019;21:00;9;3;6
24/12/2019;21:15;9;7;2
24/12/2019;21:30;7;4;3
24/12/2019;21:45;5;5;0
24/12/2019;22:00;5;3;2
24/12/2019;22:15;9;6;3
24/12/2019;22:30;12;4;8
24/12/2019;22:45;14;8;6
24/12/2019;23:00;10;6;4
24/12/2019;23:15;15;10;5
24/12/2019;23:30;5;3;2
24/12/2019;23:45;15;10;5
25/12/2019;00:00;14;8;6
25/12/2019;00:15;15;9;6
25/12/2019;00:30;12;3;9
25/12/2019;00:45;10;2;8
25/12/2019;01:00;4;2;2
25/12/2019;01:15;1;1;0
25/12/2019;01:30;4;1;3
25/12/2019;01:45;3;0;3
25/12/2019;02:00;10;1;9
25/12/2019;02:15;10;4;6
25/12/2019;02:30;4;1;3
25/12/2019;02:45;5;1;4
25/12/2019;03:00;0;0;0
25/12/2019;03:15;3;0;3
25/12/2019;03:30;2;0;2
25/12/2019;03:45;0;0;0
25/12/2019;04:00;3;2;1
25/12/2019;04:15;2;0;2
25/12/2019;04:30;2;0;2
25/12/2019;04:45;0;0;0
25/12/2019;05:00;2;1;1
25/12/2019;05:15;2;2;0
25/12/2019;05:30;2;1;1
25/12/2019;05:45;8;4;4
25/12/2019;06:00;4;2;2
25/12/2019;06:15;4;3;1
25/12/2019;06:30;3;1;2
25/12/2019;06:45;5;4;1
25/12/2019;07:00;1;0;1
25/12/2019;07:15;5;3;2
25/12/2019;07:30;2;2;0
25/12/2019;07:45;4;3;1
25/12/2019;08:00;4;2;2
25/12/2019;08:15;1;0;1
25/12/2019;08:30;3;2;1
25/12/2019;08:45;8;1;7
25/12/2019;09:00;7;2;5
25/12/2019;09:15;12;6;6
25/12/2019;09:30;15;10;5
25/12/2019;09:45;11;8;3
25/12/2019;10:00;6;3;3
25/12/2019;10:15;5;0;5
25/12/2019;10:30;7;4;3
25/12/2019;10:45;15;11;4
25/12/2019;11:00;23;10;13
25/12/2019;11:15;22;9;13
25/12/2019;11:30;30;12;18
25/12/2019;11:45;41;21;20
25/12/2019;12:00;24;10;14
25/12/2019;12:15;26;22;4
25/12/2019;12:30;20;10;10
25/12/2019;12:45;27;13;14
25/12/2019;13:00;38;20;18
25/12/2019;13:15;22;10;12
25/12/2019;13:30;16;6;10
25/12/2019;13:45;22;13;9
25/12/2019;14:00;16;6;10
25/12/2019;14:15;21;5;16
25/12/2019;14:30;22;11;11
25/12/2019;14:45;19;7;12
25/12/2019;15:00;14;9;5
25/12/2019;15:15;18;5;13
25/12/2019;15:30;18;7;11
25/12/2019;15:45;12;8;4
25/12/2019;16:00;20;11;9
25/12/2019;16:15;13;9;4
25/12/2019;16:30;18;6;12
25/12/2019;16:45;20;10;10
25/12/2019;17:00;23;9;14
25/12/2019;17:15;22;11;11
25/12/2019;17:30;17;7;10
25/12/2019;17:45;28;15;13
25/12/2019;18:00;17;6;11
25/12/2019;18:15;23;8;15
25/12/2019;18:30;10;5;5
25/12/2019;18:45;16;8;8
25/12/2019;19:00;14;4;10
25/12/2019;19:15;20;13;7
25/12/2019;19:30;8;6;2
25/12/2019;19:45;13;9;4
25/12/2019;20:00;11;4;7
25/12/2019;20:15;6;3;3
25/12/2019;20:30;12;4;8
25/12/2019;20:45;5;3;2
25/12/2019;21:00;16;8;8
25/12/2019;21:15;18;14;4
25/12/2019;21:30;8;2;6
25/12/2019;21:45;10;6;4
25/12/2019;22:00;12;5;7
25/12/2019;22:15;10;3;7
25/12/2019;22:30;3;2;1
25/12/2019;22:45;13;7;6
25/12/2019;23:00;8;2;6
25/12/2019;23:15;4;1;3
25/12/2019;23:30;9;5;4
25/12/2019;23:45;5;3;2
26/12/2019;00:00;10;7;3
26/12/2019;00:15;10;6;4
26/12/2019;00:30;9;5;4
26/12/2019;00:45;5;3;2
26/12/2019;01:00;11;5;6
26/12/2019;01:15;2;2;0
26/12/2019;01:30;5;1;4
26/12/2019;01:45;7;0;7
26/12/2019;02:00;3;1;2
26/12/2019;02:15;4;0;4
26/12/2019;02:30;1;0;1
26/12/2019;02:45;5;1;4
26/12/2019;03:00;1;0;1
26/12/2019;03:15;2;1;1
26/12/2019;03:30;1;0;1
26/12/2019;03:45;1;1;0
26/12/2019;04:00;3;1;2
26/12/2019;04:15;0;0;0
26/12/2019;04:30;1;0;1
26/12/2019;04:45;0;0;0
26/12/2019;05:00;1;1;0
26/12/2019;05:15;0;0;0
26/12/2019;05:30;3;1;2
26/12/2019;05:45;8;5;3
26/12/2019;06:00;5;3;2
26/12/2019;06:15;5;5;0
26/12/2019;06:30;4;1;3
26/12/2019;06:45;6;1;5
26/12/2019;07:00;2;2;0
26/12/2019;07:15;5;3;2
26/12/2019;07:30;5;5;0
26/12/2019;07:45;7;6;1
26/12/2019;08:00;3;1;2
26/12/2019;08:15;7;5;2
26/12/2019;08:30;2;1;1
26/12/2019;08:45;20;7;13
26/12/2019;09:00;6;5;1
26/12/2019;09:15;9;6;3
26/12/2019;09:30;20;12;8
26/12/2019;09:45;20;15;5
26/12/2019;10:00;8;5;3
26/12/2019;10:15;14;5;9
26/12/2019;10:30;14;8;6
26/12/2019;10:45;24;16;8
26/12/2019;11:00;20;18;2
26/12/2019;11:15;22;6;16
26/12/2019;11:30;38;17;21
26/12/2019;11:45;23;9;14
26/12/2019;12:00;17;11;6
26/12/2019;12:15;23;8;15
26/12/2019;12:30;19;11;8
26/12/2019;12:45;26;12;14
26/12/2019;13:00;28;16;12
26/12/2019;13:15;31;18;13
26/12/2019;13:30;26;13;13
26/12/2019;13:45;21;8;13
26/12/2019;14:00;22;8;14
26/12/2019;14:15;25;11;14
26/12/2019;14:30;31;11;20
26/12/2019;14:45;31;8;23
26/12/2019;15:00;26;12;14
26/12/2019;15:15;38;14;24
26/12/2019;15:30;35;14;21
26/12/2019;15:45;23;15;8
26/12/2019;16:00;35;24;11
26/12/2019;16:15;31;21;10
26/12/2019;16:30;60;45;15
26/12/2019;16:45;42;28;14
26/12/2019;17:00;23;12;11
26/12/2019;17:15;26;12;14
26/12/2019;17:30;24;12;12
26/12/2019;17:45;13;7;6
26/12/2019;18:00;25;12;13
26/12/2019;18:15;23;11;12
26/12/2019;18:30;43;7;36
26/12/2019;18:45;29;17;12
26/12/2019;19:00;15;8;7
26/12/2019;19:15;18;2;16
26/12/2019;19:30;18;9;9
26/12/2019;19:45;25;19;6
26/12/2019;20:00;26;5;21
26/12/2019;20:15;19;10;9
26/12/2019;20:30;17;6;11
26/12/2019;20:45;16;6;10
26/12/2019;21:00;12;6;6
26/12/2019;21:15;14;4;10
26/12/2019;21:30;18;9;9
26/12/2019;21:45;14;4;10
26/12/2019;22:00;23;10;13
26/12/2019;22:15;14;11;3
26/12/2019;22:30;11;6;5
26/12/2019;22:45;10;3;7
26/12/2019;23:00;7;2;5
26/12/2019;23:15;10;2;8
26/12/2019;23:30;13;2;11
26/12/2019;23:45;10;3;7
27/12/2019;00:00;10;4;6
27/12/2019;00:15;10;2;8
27/12/2019;00:30;6;1;5
27/12/2019;00:45;5;1;4
27/12/2019;01:00;10;3;7
27/12/2019;01:15;7;3;4
27/12/2019;01:30;4;1;3
27/12/2019;01:45;2;2;0
27/12/2019;02:00;4;1;3
27/12/2019;02:15;2;2;0
27/12/2019;02:30;7;4;3
27/12/2019;02:45;0;0;0
27/12/2019;03:00;3;0;3
27/12/2019;03:15;5;5;0
27/12/2019;03:30;0;0;0
27/12/2019;03:45;1;1;0
27/12/2019;04:00;1;0;1
27/12/2019;04:15;6;1;5
27/12/2019;04:30;3;2;1
27/12/2019;04:45;3;2;1
27/12/2019;05:00;0;0;0
27/12/2019;05:15;3;2;1
27/12/2019;05:30;1;0;1
27/12/2019;05:45;10;9;1
27/12/2019;06:00;9;7;2
27/12/2019;06:15;7;6;1
27/12/2019;06:30;24;15;9
27/12/2019;06:45;20;10;10
27/12/2019;07:00;17;12;5
27/12/2019;07:15;17;12;5
27/12/2019;07:30;26;16;10
27/12/2019;07:45;18;11;7
27/12/2019;08:00;15;10;5
27/12/2019;08:15;29;17;12
27/12/2019;08:30;27;19;8
27/12/2019;08:45;46;36;10
27/12/2019;09:00;21;15;6
27/12/2019;09:15;25;18;7
27/12/2019;09:30;21;16;5
27/12/2019;09:45;36;26;10
27/12/2019;10:00;28;22;6
27/12/2019;10:15;42;28;14
27/12/2019;10:30;47;28;19
27/12/2019;10:45;38;22;16
27/12/2019;11:00;48;26;22
27/12/2019;11:15;50;30;20
27/12/2019;11:30;60;35;25
27/12/2019;11:45;51;24;27
27/12/2019;12:00;62;27;35
27/12/2019;12:15;70;42;28
27/12/2019;12:30;65;31;34
27/12/2019;12:45;63;31;32
27/12/2019;13:00;67;27;40
27/12/2019;13:15;54;27;27
27/12/2019;13:30;68;39;29
27/12/2019;13:45;72;42;30
27/12/2019;14:00;52;25;27
27/12/2019;14:15;73;41;32
27/12/2019;14:30;75;41;34
27/12/2019;14:45;76;46;30
27/12/2019;15:00;67;31;36
27/12/2019;15:15;65;40;25
27/12/2019;15:30;61;34;27
27/12/2019;15:45;61;28;33
27/12/2019;16:00;63;14;49
27/12/2019;16:15;73;41;32
27/12/2019;16:30;68;32;36
27/12/2019;16:45;69;32;37
27/12/2019;17:00;60;29;31
27/12/2019;17:15;53;24;29
27/12/2019;17:30;63;29;34
27/12/2019;17:45;57;27;30
27/12/2019;18:00;46;18;28
27/12/2019;18:15;44;26;18
27/12/2019;18:30;46;11;35
27/12/2019;18:45;44;18;26
27/12/2019;19:00;34;15;19
27/12/2019;19:15;25;9;16
27/12/2019;19:30;41;27;14
27/12/2019;19:45;38;18;20
27/12/2019;20:00;44;23;21
27/12/2019;20:15;27;9;18
27/12/2019;20:30;36;19;17
27/12/2019;20:45;21;13;8
27/12/2019;21:00;21;10;11
27/12/2019;21:15;23;9;14
27/12/2019;21:30;19;10;9
27/12/2019;21:45;16;4;12
27/12/2019;22:00;14;4;10
27/12/2019;22:15;12;2;10
27/12/2019;22:30;18;5;13
27/12/2019;22:45;12;4;8
27/12/2019;23:00;19;5;14
27/12/2019;23:15;21;5;16
27/12/2019;23:30;22;10;12
27/12/2019;23:45;9;2;7
28/12/2019;00:00;12;5;7
28/12/2019;00:15;15;4;11
28/12/2019;00:30;10;3;7
28/12/2019;00:45;5;3;2
28/12/2019;01:00;13;4;9
28/12/2019;01:15;8;3;5
28/12/2019;01:30;11;2;9
28/12/2019;01:45;12;1;11
28/12/2019;02:00;5;2;3
28/12/2019;02:15;3;0;3
28/12/2019;02:30;4;2;2
28/12/2019;02:45;8;0;8
28/12/2019;03:00;4;0;4
28/12/2019;03:15;4;2;2
28/12/2019;03:30;5;1;4
28/12/2019;03:45;3;1;2
28/12/2019;04:00;2;1;1
28/12/2019;04:15;2;2;0
28/12/2019;04:30;2;1;1
28/12/2019;04:45;2;1;1
28/12/2019;05:00;4;4;0
28/12/2019;05:15;4;2;2
28/12/2019;05:30;7;3;4
28/12/2019;05:45;10;6;4
28/12/2019;06:00;6;6;0
28/12/2019;06:15;8;5;3
28/12/2019;06:30;7;6;1
28/12/2019;06:45;11;5;6
28/12/2019;07:00;9;4;5
28/12/2019;07:15;9;6;3
28/12/2019;07:30;12;8;4
28/12/2019;07:45;6;3;3
28/12/2019;08:00;19;10;9
28/12/2019;08:15;24;13;11
28/12/2019;08:30;19;11;8
28/12/2019;08:45;22;18;4
28/12/2019;09:00;28;22;6
28/12/2019;09:15;39;30;9
28/12/2019;09:30;35;25;10
28/12/2019;09:45;51;36;15
28/12/2019;10:00;38;22;16
28/12/2019;10:15;60;31;29
28/12/2019;10:30;47;30;17
28/12/2019;10:45;66;42;24
28/12/2019;11:00;56;28;28
28/12/2019;11:15;61;36;25
28/12/2019;11:30;64;37;27
28/12/2019;11:45;70;44;26
28/12/2019;12:00;74;42;32
28/12/2019;12:15;63;32;31
28/12/2019;12:30;72;31;41
28/12/2019;12:45;69;39;30
28/12/2019;13:00;90;55;35
28/12/2019;13:15;73;47;26
28/12/2019;13:30;74;34;40
28/12/2019;13:45;84;47;37
28/12/2019;14:00;61;23;38
28/12/2019;14:15;70;41;29
28/12/2019;14:30;68;30;38
28/12/2019;14:45;74;38;36
28/12/2019;15:00;69;30;39
28/12/2019;15:15;64;33;31
28/12/2019;15:30;87;41;46
28/12/2019;15:45;67;30;37
28/12/2019;16:00;51;19;32
28/12/2019;16:15;65;26;39
28/12/2019;16:30;57;22;35
28/12/2019;16:45;59;28;31
28/12/2019;17:00;68;22;46
28/12/2019;17:15;60;24;36
28/12/2019;17:30;59;21;38
28/12/2019;17:45;62;30;32
28/12/2019;18:00;36;11;25
28/12/2019;18:15;45;23;22
28/12/2019;18:30;52;25;27
28/12/2019;18:45;50;18;32
28/12/2019;19:00;40;21;19
28/12/2019;19:15;44;22;22
28/12/2019;19:30;41;23;18
28/12/2019;19:45;43;25;18
28/12/2019;20:00;37;15;22
28/12/2019;20:15;40;18;22
28/12/2019;20:30;36;12;24
28/12/2019;20:45;21;14;7
28/12/2019;21:00;22;9;13
28/12/2019;21:15;22;14;8
28/12/2019;21:30;12;8;4
28/12/2019;21:45;26;11;15
28/12/2019;22:00;30;16;14
28/12/2019;22:15;21;11;10
28/12/2019;22:30;15;3;12
28/12/2019;22:45;15;4;11
28/12/2019;23:00;17;6;11
28/12/2019;23:15;23;11;12
28/12/2019;23:30;16;2;14
28/12/2019;23:45;14;5;9
29/12/2019;00:00;25;5;20
29/12/2019;00:15;19;7;12
29/12/2019;00:30;18;7;11
29/12/2019;00:45;11;2;9
29/12/2019;01:00;4;1;3
29/12/2019;01:15;11;1;10
29/12/2019;01:30;14;3;11
29/12/2019;01:45;10;5;5
29/12/2019;02:00;13;7;6
29/12/2019;02:15;6;4;2
29/12/2019;02:30;6;0;6
29/12/2019;02:45;5;1;4
29/12/2019;03:00;12;1;11
29/12/2019;03:15;5;0;5
29/12/2019;03:30;1;0;1
29/12/2019;03:45;4;1;3
29/12/2019;04:00;2;1;1
29/12/2019;04:15;3;1;2
29/12/2019;04:30;1;0;1
29/12/2019;04:45;4;3;1
29/12/2019;05:00;2;1;1
29/12/2019;05:15;2;0;2
29/12/2019;05:30;1;0;1
29/12/2019;05:45;5;2;3
29/12/2019;06:00;2;2;0
29/12/2019;06:15;3;3;0
29/12/2019;06:30;3;3;0
29/12/2019;06:45;6;1;5
29/12/2019;07:00;5;5;0
29/12/2019;07:15;4;2;2
29/12/2019;07:30;3;3;0
29/12/2019;07:45;6;5;1
29/12/2019;08:00;7;3;4
29/12/2019;08:15;4;2;2
29/12/2019;08:30;8;5;3
29/12/2019;08:45;14;12;2
29/12/2019;09:00;4;1;3
29/12/2019;09:15;14;7;7
29/12/2019;09:30;20;12;8
29/12/2019;09:45;23;11;12
29/12/2019;10:00;19;5;14
29/12/2019;10:15;23;10;13
29/12/2019;10:30;18;12;6
29/12/2019;10:45;23;13;10
29/12/2019;11:00;23;16;7
29/12/2019;11:15;27;15;12
29/12/2019;11:30;29;11;18
29/12/2019;11:45;35;17;18
29/12/2019;12:00;34;20;14
29/12/2019;12:15;32;16;16
29/12/2019;12:30;30;13;17
29/12/2019;12:45;32;15;17
29/12/2019;13:00;32;17;15
29/12/2019;13:15;58;43;15
29/12/2019;13:30;54;23;31
29/12/2019;13:45;39;24;15
29/12/2019;14:00;48;20;28
29/12/2019;14:15;49;21;28
29/12/2019;14:30;56;31;25
29/12/2019;14:45;45;25;20
29/12/2019;15:00;42;17;25
29/12/2019;15:15;50;18;32
29/12/2019;15:30;49;28;21
29/12/2019;15:45;30;11;19
29/12/2019;16:00;46;29;17
29/12/2019;16:15;45;23;22
29/12/2019;16:30;48;22;26
29/12/2019;16:45;48;20;28
29/12/2019;17:00;56;18;38
29/12/2019;17:15;50;21;29
29/12/2019;17:30;47;26;21
29/12/2019;17:45;54;34;20
29/12/2019;18:00;48;30;18
29/12/2019;18:15;49;23;26
29/12/2019;18:30;20;7;13
29/12/2019;18:45;27;8;19
29/12/2019;19:00;12;5;7
29/12/2019;19:15;26;13;13
29/12/2019;19:30;28;12;16
29/12/2019;19:45;26;11;15
29/12/2019;20:00;20;10;10
29/12/2019;20:15;23;6;17
29/12/2019;20:30;19;11;8
29/12/2019;20:45;23;5;18
29/12/2019;21:00;26;17;9
29/12/2019;21:15;30;5;25
29/12/2019;21:30;34;4;30
29/12/2019;21:45;8;3;5
29/12/2019;22:00;26;16;10
29/12/2019;22:15;14;6;8
29/12/2019;22:30;12;2;10
29/12/2019;22:45;7;5;2
29/12/2019;23:00;11;3;8
29/12/2019;23:15;12;7;5
29/12/2019;23:30;21;10;11
29/12/2019;23:45;15;9;6
30/12/2019;00:00;12;8;4
30/12/2019;00:15;4;0;4
30/12/2019;00:30;4;1;3
30/12/2019;00:45;6;1;5
30/12/2019;01:00;9;2;7
30/12/2019;01:15;7;3;4
30/12/2019;01:30;5;1;4
30/12/2019;01:45;5;1;4
30/12/2019;02:00;1;0;1
30/12/2019;02:15;4;3;1
30/12/2019;02:30;0;0;0
30/12/2019;02:45;3;2;1
30/12/2019;03:00;3;1;2
30/12/2019;03:15;0;0;0
30/12/2019;03:30;0;0;0
30/12/2019;03:45;1;0;1
30/12/2019;04:00;3;2;1
30/12/2019;04:15;3;0;3
30/12/2019;04:30;2;0;2
30/12/2019;04:45;1;0;1
30/12/2019;05:00;2;2;0
30/12/2019;05:15;1;0;1
30/12/2019;05:30;6;3;3
30/12/2019;05:45;11;9;2
30/12/2019;06:00;6;5;1
30/12/2019;06:15;9;7;2
30/12/2019;06:30;15;9;6
30/12/2019;06:45;27;15;12
30/12/2019;07:00;20;7;13
30/12/2019;07:15;25;16;9
30/12/2019;07:30;37;15;22
30/12/2019;07:45;35;24;11
30/12/2019;08:00;28;16;12
30/12/2019;08:15;33;17;16
30/12/2019;08:30;32;21;11
30/12/2019;08:45;45;30;15
30/12/2019;09:00;44;32;12
30/12/2019;09:15;46;29;17
30/12/2019;09:30;48;30;18
30/12/2019;09:45;37;22;15
30/12/2019;10:00;58;31;27
30/12/2019;10:15;50;28;22
30/12/2019;10:30;62;33;29
30/12/2019;10:45;67;32;35
30/12/2019;11:00;66;40;26
30/12/2019;11:15;76;45;31
30/12/2019;11:30;77;43;34
30/12/2019;11:45;70;45;25
30/12/2019;12:00;73;31;42
30/12/2019;12:15;73;33;40
30/12/2019;12:30;59;34;25
30/12/2019;12:45;71;36;35
30/12/2019;13:00;68;36;32
30/12/2019;13:15;88;43;45
30/12/2019;13:30;93;45;48
30/12/2019;13:45;87;43;44
30/12/2019;14:00;89;47;42
30/12/2019;14:15;83;41;42
30/12/2019;14:30;89;54;35
30/12/2019;14:45;104;43;61
30/12/2019;15:00;80;32;48
30/12/2019;15:15;86;39;47
30/12/2019;15:30;74;38;36
30/12/2019;15:45;96;49;47
30/12/2019;16:00;84;44;40
30/12/2019;16:15;103;48;55
30/12/2019;16:30;79;35;44
30/12/2019;16:45;92;40;52
30/12/2019;17:00;90;43;47
30/12/2019;17:15;78;33;45
30/12/2019;17:30;57;22;35
30/12/2019;17:45;62;23;39
30/12/2019;18:00;80;42;38
30/12/2019;18:15;57;24;33
30/12/2019;18:30;47;18;29
30/12/2019;18:45;65;29;36
30/12/2019;19:00;49;10;39
30/12/2019;19:15;48;17;31
30/12/2019;19:30;60;31;29
30/12/2019;19:45;51;15;36
30/12/2019;20:00;41;13;28
30/12/2019;20:15;48;18;30
30/12/2019;20:30;40;18;22
30/12/2019;20:45;20;6;14
30/12/2019;21:00;20;8;12
30/12/2019;21:15;25;11;14
30/12/2019;21:30;26;8;18
30/12/2019;21:45;14;8;6
30/12/2019;22:00;16;6;10
30/12/2019;22:15;17;8;9
30/12/2019;22:30;14;2;12
30/12/2019;22:45;23;14;9
30/12/2019;23:00;19;7;12
30/12/2019;23:15;6;0;6
30/12/2019;23:30;13;2;11
30/12/2019;23:45;10;2;8
31/12/2019;00:00;10;3;7
31/12/2019;00:15;19;12;7
31/12/2019;00:30;10;7;3
31/12/2019;00:45;6;4;2
31/12/2019;01:00;5;2;3
31/12/2019;01:15;21;8;13
31/12/2019;01:30;9;8;1
31/12/2019;01:45;10;4;6
31/12/2019;02:00;3;3;0
31/12/2019;02:15;4;1;3
31/12/2019;02:30;1;1;0
31/12/2019;02:45;0;0;0
31/12/2019;03:00;0;0;0
31/12/2019;03:15;2;0;2
31/12/2019;03:30;1;0;1
31/12/2019;03:45;1;1;0
31/12/2019;04:00;3;2;1
31/12/2019;04:15;2;2;0
31/12/2019;04:30;3;2;1
31/12/2019;04:45;1;1;0
31/12/2019;05:00;2;2;0
31/12/2019;05:15;1;1;0
31/12/2019;05:30;10;5;5
31/12/2019;05:45;11;7;4
31/12/2019;06:00;7;4;3
31/12/2019;06:15;6;3;3
31/12/2019;06:30;6;5;1
31/12/2019;06:45;11;4;7
31/12/2019;07:00;10;7;3
31/12/2019;07:15;19;11;8
31/12/2019;07:30;21;13;8
31/12/2019;07:45;21;14;7
31/12/2019;08:00;25;16;9
31/12/2019;08:15;30;14;16
31/12/2019;08:30;24;15;9
31/12/2019;08:45;33;25;8
31/12/2019;09:00;46;26;20
31/12/2019;09:15;39;26;13
31/12/2019;09:30;40;31;9
31/12/2019;09:45;48;31;17
31/12/2019;10:00;71;49;22
31/12/2019;10:15;66;33;33
31/12/2019;10:30;56;36;20
31/12/2019;10:45;88;59;29
31/12/2019;11:00;76;34;42
31/12/2019;11:15;55;27;28
31/12/2019;11:30;72;35;37
31/12/2019;11:45;80;40;40
31/12/2019;12:00;73;37;36
31/12/2019;12:15;63;25;38
31/12/2019;12:30;59;19;40
31/12/2019;12:45;73;28;45
31/12/2019;13:00;63;34;29
31/12/2019;13:15;61;28;33
31/12/2019;13:30;74;27;47
31/12/2019;13:45;65;23;42
31/12/2019;14:00;63;17;46
31/12/2019;14:15;71;28;43
31/12/2019;14:30;59;13;46
31/12/2019;14:45;55;25;30
31/12/2019;15:00;45;23;22
31/12/2019;15:15;40;18;22
31/12/2019;15:30;35;9;26
31/12/2019;15:45;47;23;24
31/12/2019;16:00;40;23;17
31/12/2019;16:15;53;24;29
31/12/2019;16:30;33;21;12
31/12/2019;16:45;34;17;17
31/12/2019;17:00;44;21;23
31/12/2019;17:15;33;14;19
31/12/2019;17:30;55;30;25
31/12/2019;17:45;55;33;22
31/12/2019;18:00;53;29;24
31/12/2019;18:15;33;17;16
31/12/2019;18:30;47;29;18
31/12/2019;18:45;85;44;41
31/12/2019;19:00;76;32;44
31/12/2019;19:15;61;25;36
31/12/2019;19:30;38;20;18
31/12/2019;19:45;36;16;20
31/12/2019;20:00;41;33;8
31/12/2019;20:15;25;11;14
31/12/2019;20:30;19;10;9
31/12/2019;20:45;11;7;4
31/12/2019;21:00;18;6;12
31/12/2019;21:15;16;11;5
31/12/2019;21:30;22;8;14
31/12/2019;21:45;18;8;10
31/12/2019;22:00;11;8;3
31/12/2019;22:15;15;9;6
31/12/2019;22:30;19;6;13
31/12/2019;22:45;16;11;5
31/12/2019;23:00;23;16;7
31/12/2019;23:15;27;16;11
31/12/2019;23:30;40;32;8
31/12/2019;23:45;43;39;4
