Time;Fahrradbruecke;Fahrradbruecke stadteinwärts Fahrräder;Fahrradbruecke stadtauswärts Fahrräder
01.01.2020 00:00;4;1;3
01.01.2020 00:15;21;9;12
01.01.2020 00:30;38;10;28
01.01.2020 00:45;41;11;30
01.01.2020 01:00;25;11;14
01.01.2020 01:15;28;9;19
01.01.2020 01:30;37;10;27
01.01.2020 01:45;38;17;21
01.01.2020 02:00;51;19;32
01.01.2020 02:15;34;19;15
01.01.2020 02:30;37;12;25
01.01.2020 02:45;56;27;29
01.01.2020 03:00;27;14;13
01.01.2020 03:15;37;13;24
01.01.2020 03:30;24;17;7
01.01.2020 03:45;25;12;13
01.01.2020 04:00;30;13;17
01.01.2020 04:15;18;7;11
01.01.2020 04:30;17;10;7
01.01.2020 04:45;11;6;5
01.01.2020 05:00;14;4;10
01.01.2020 05:15;15;1;14
01.01.2020 05:30;15;5;10
01.01.2020 05:45;6;2;4
01.01.2020 06:00;10;4;6
01.01.2020 06:15;4;3;1
01.01.2020 06:30;4;3;1
01.01.2020 06:45;7;4;3
01.01.2020 07:00;10;4;6
01.01.2020 07:15;4;1;3
01.01.2020 07:30;2;0;2
01.01.2020 07:45;3;1;2
01.01.2020 08:00;6;4;2
01.01.2020 08:15;1;0;1
01.01.2020 08:30;12;5;7
01.01.2020 08:45;4;2;2
01.01.2020 09:00;4;3;1
01.01.2020 09:15;10;4;6
01.01.2020 09:30;8;5;3
01.01.2020 09:45;5;1;4
01.01.2020 10:00;0;0;0
01.01.2020 10:15;8;3;5
01.01.2020 10:30;15;7;8
01.01.2020 10:45;13;11;2
01.01.2020 11:00;16;9;7
01.01.2020 11:15;13;5;8
01.01.2020 11:30;9;3;6
01.01.2020 11:45;18;6;12
01.01.2020 12:00;13;5;8
01.01.2020 12:15;11;5;6
01.01.2020 12:30;22;11;11
01.01.2020 12:45;30;12;18
01.01.2020 13:00;15;5;10
01.01.2020 13:15;17;7;10
01.01.2020 13:30;20;11;9
01.01.2020 13:45;23;18;5
01.01.2020 14:00;23;10;13
01.01.2020 14:15;25;14;11
01.01.2020 14:30;16;5;11
01.01.2020 14:45;27;11;16
01.01.2020 15:00;27;10;17
01.01.2020 15:15;31;16;15
01.01.2020 15:30;29;21;8
01.01.2020 15:45;29;17;12
01.01.2020 16:00;32;19;13
01.01.2020 16:15;35;14;21
01.01.2020 16:30;20;6;14
01.01.2020 16:45;28;11;17
01.01.2020 17:00;25;14;11
01.01.2020 17:15;25;13;12
01.01.2020 17:30;18;4;14
01.01.2020 17:45;20;11;9
01.01.2020 18:00;30;12;18
01.01.2020 18:15;21;7;14
01.01.2020 18:30;25;6;19
01.01.2020 18:45;21;11;10
01.01.2020 19:00;24;14;10
01.01.2020 19:15;13;4;9
01.01.2020 19:30;22;14;8
01.01.2020 19:45;21;8;13
01.01.2020 20:00;16;5;11
01.01.2020 20:15;17;9;8
01.01.2020 20:30;15;12;3
01.01.2020 20:45;13;4;9
01.01.2020 21:00;15;8;7
01.01.2020 21:15;5;3;2
01.01.2020 21:30;8;5;3
01.01.2020 21:45;14;5;9
01.01.2020 22:00;3;2;1
01.01.2020 22:15;11;3;8
01.01.2020 22:30;12;7;5
01.01.2020 22:45;8;1;7
01.01.2020 23:00;5;1;4
01.01.2020 23:15;6;2;4
01.01.2020 23:30;9;7;2
01.01.2020 23:45;13;9;4
02.01.2020 00:00;5;3;2
02.01.2020 00:15;1;0;1
02.01.2020 00:30;7;2;5
02.01.2020 00:45;5;0;5
02.01.2020 01:00;4;0;4
02.01.2020 01:15;0;0;0
02.01.2020 01:30;1;1;0
02.01.2020 01:45;1;1;0
02.01.2020 02:00;3;0;3
02.01.2020 02:15;0;0;0
02.01.2020 02:30;1;1;0
02.01.2020 02:45;0;0;0
02.01.2020 03:00;1;0;1
02.01.2020 03:15;0;0;0
02.01.2020 03:30;0;0;0
02.01.2020 03:45;1;1;0
02.01.2020 04:00;2;2;0
02.01.2020 04:15;3;1;2
02.01.2020 04:30;1;1;0
02.01.2020 04:45;4;1;3
02.01.2020 05:00;0;0;0
02.01.2020 05:15;1;0;1
02.01.2020 05:30;5;1;4
02.01.2020 05:45;13;7;6
02.01.2020 06:00;6;5;1
02.01.2020 06:15;11;9;2
02.01.2020 06:30;21;17;4
02.01.2020 06:45;20;10;10
02.01.2020 07:00;25;13;12
02.01.2020 07:15;21;10;11
02.01.2020 07:30;43;28;15
02.01.2020 07:45;49;29;20
02.01.2020 08:00;37;20;17
02.01.2020 08:15;42;30;12
02.01.2020 08:30;55;28;27
02.01.2020 08:45;53;34;19
02.01.2020 09:00;52;36;16
02.01.2020 09:15;47;34;13
02.01.2020 09:30;50;31;19
02.01.2020 09:45;53;33;20
02.01.2020 10:00;41;24;17
02.01.2020 10:15;52;33;19
02.01.2020 10:30;53;34;19
02.01.2020 10:45;56;40;16
02.01.2020 11:00;64;42;22
02.01.2020 11:15;76;43;33
02.01.2020 11:30;68;38;30
02.01.2020 11:45;100;51;49
02.01.2020 12:00;61;24;37
02.01.2020 12:15;56;18;38
02.01.2020 12:30;81;37;44
02.01.2020 12:45;77;41;36
02.01.2020 13:00;72;32;40
02.01.2020 13:15;80;33;47
02.01.2020 13:30;72;38;34
02.01.2020 13:45;95;49;46
02.01.2020 14:00;80;46;34
02.01.2020 14:15;80;43;37
02.01.2020 14:30;84;41;43
02.01.2020 14:45;78;35;43
02.01.2020 15:00;91;46;45
02.01.2020 15:15;90;41;49
02.01.2020 15:30;81;38;43
02.01.2020 15:45;96;42;54
02.01.2020 16:00;71;39;32
02.01.2020 16:15;80;43;37
02.01.2020 16:30;80;38;42
02.01.2020 16:45;92;39;53
02.01.2020 17:00;94;44;50
02.01.2020 17:15;97;51;46
02.01.2020 17:30;68;28;40
02.01.2020 17:45;84;28;56
02.01.2020 18:00;66;23;43
02.01.2020 18:15;69;36;33
02.01.2020 18:30;74;31;43
02.01.2020 18:45;68;27;41
02.01.2020 19:00;79;21;58
02.01.2020 19:15;60;28;32
02.01.2020 19:30;36;18;18
02.01.2020 19:45;54;20;34
02.01.2020 20:00;46;21;25
02.01.2020 20:15;36;16;20
02.01.2020 20:30;29;13;16
02.01.2020 20:45;25;8;17
02.01.2020 21:00;27;12;15
02.01.2020 21:15;24;14;10
02.01.2020 21:30;27;14;13
02.01.2020 21:45;22;11;11
02.01.2020 22:00;29;21;8
02.01.2020 22:15;26;7;19
02.01.2020 22:30;29;9;20
02.01.2020 22:45;29;8;21
02.01.2020 23:00;34;13;21
02.01.2020 23:15;32;15;17
02.01.2020 23:30;14;10;4
02.01.2020 23:45;9;3;6
03.01.2020 00:00;8;4;4
03.01.2020 00:15;15;8;7
03.01.2020 00:30;10;2;8
03.01.2020 00:45;11;3;8
03.01.2020 01:00;11;4;7
03.01.2020 01:15;8;3;5
03.01.2020 01:30;3;0;3
03.01.2020 01:45;12;0;12
03.01.2020 02:00;7;5;2
03.01.2020 02:15;3;1;2
03.01.2020 02:30;2;1;1
03.01.2020 02:45;1;0;1
03.01.2020 03:00;0;0;0
03.01.2020 03:15;1;0;1
03.01.2020 03:30;0;0;0
03.01.2020 03:45;2;2;0
03.01.2020 04:00;1;1;0
03.01.2020 04:15;6;2;4
03.01.2020 04:30;3;1;2
03.01.2020 04:45;0;0;0
03.01.2020 05:00;0;0;0
03.01.2020 05:15;2;1;1
03.01.2020 05:30;10;6;4
03.01.2020 05:45;14;7;7
03.01.2020 06:00;10;6;4
03.01.2020 06:15;16;12;4
03.01.2020 06:30;27;17;10
03.01.2020 06:45;30;19;11
03.01.2020 07:00;26;15;11
03.01.2020 07:15;24;12;12
03.01.2020 07:30;33;22;11
03.01.2020 07:45;44;25;19
03.01.2020 08:00;47;27;20
03.01.2020 08:15;44;33;11
03.01.2020 08:30;46;28;18
03.01.2020 08:45;62;42;20
03.01.2020 09:00;57;36;21
03.01.2020 09:15;51;37;14
03.01.2020 09:30;63;36;27
03.01.2020 09:45;62;38;24
03.01.2020 10:00;69;35;34
03.01.2020 10:15;75;39;36
03.01.2020 10:30;77;44;33
03.01.2020 10:45;70;38;32
03.01.2020 11:00;84;53;31
03.01.2020 11:15;91;58;33
03.01.2020 11:30;103;58;45
03.01.2020 11:45;114;59;55
03.01.2020 12:00;80;30;50
03.01.2020 12:15;97;44;53
03.01.2020 12:30;88;43;45
03.01.2020 12:45;79;36;43
03.01.2020 13:00;82;38;44
03.01.2020 13:15;78;38;40
03.01.2020 13:30;82;33;49
03.01.2020 13:45;98;43;55
03.01.2020 14:00;87;37;50
03.01.2020 14:15;86;50;36
03.01.2020 14:30;96;49;47
03.01.2020 14:45;110;55;55
03.01.2020 15:00;104;46;58
03.01.2020 15:15;81;47;34
03.01.2020 15:30;97;45;52
03.01.2020 15:45;87;40;47
03.01.2020 16:00;83;40;43
03.01.2020 16:15;85;49;36
03.01.2020 16:30;100;35;65
03.01.2020 16:45;83;40;43
03.01.2020 17:00;93;43;50
03.01.2020 17:15;93;40;53
03.01.2020 17:30;99;43;56
03.01.2020 17:45;73;33;40
03.01.2020 18:00;78;26;52
03.01.2020 18:15;67;30;37
03.01.2020 18:30;79;39;40
03.01.2020 18:45;68;29;39
03.01.2020 19:00;62;28;34
03.01.2020 19:15;65;29;36
03.01.2020 19:30;51;21;30
03.01.2020 19:45;43;21;22
03.01.2020 20:00;41;20;21
03.01.2020 20:15;37;16;21
03.01.2020 20:30;25;10;15
03.01.2020 20:45;26;11;15
03.01.2020 21:00;29;13;16
03.01.2020 21:15;23;10;13
03.01.2020 21:30;31;15;16
03.01.2020 21:45;19;9;10
03.01.2020 22:00;23;6;17
03.01.2020 22:15;18;7;11
03.01.2020 22:30;15;7;8
03.01.2020 22:45;22;8;14
03.01.2020 23:00;26;11;15
03.01.2020 23:15;14;4;10
03.01.2020 23:30;16;9;7
03.01.2020 23:45;13;4;9
04.01.2020 00:00;21;7;14
04.01.2020 00:15;20;7;13
04.01.2020 00:30;20;6;14
04.01.2020 00:45;14;0;14
04.01.2020 01:00;14;3;11
04.01.2020 01:15;2;0;2
04.01.2020 01:30;10;1;9
04.01.2020 01:45;8;1;7
04.01.2020 02:00;12;6;6
04.01.2020 02:15;12;3;9
04.01.2020 02:30;9;2;7
04.01.2020 02:45;7;2;5
04.01.2020 03:00;5;3;2
04.01.2020 03:15;2;0;2
04.01.2020 03:30;2;0;2
04.01.2020 03:45;5;2;3
04.01.2020 04:00;1;0;1
04.01.2020 04:15;1;1;0
04.01.2020 04:30;3;1;2
04.01.2020 04:45;0;0;0
04.01.2020 05:00;2;1;1
04.01.2020 05:15;2;2;0
04.01.2020 05:30;2;2;0
04.01.2020 05:45;10;5;5
04.01.2020 06:00;3;2;1
04.01.2020 06:15;10;9;1
04.01.2020 06:30;5;3;2
04.01.2020 06:45;8;2;6
04.01.2020 07:00;6;3;3
04.01.2020 07:15;14;12;2
04.01.2020 07:30;8;6;2
04.01.2020 07:45;11;6;5
04.01.2020 08:00;12;7;5
04.01.2020 08:15;18;8;10
04.01.2020 08:30;22;8;14
04.01.2020 08:45;34;21;13
04.01.2020 09:00;37;24;13
04.01.2020 09:15;37;22;15
04.01.2020 09:30;28;21;7
04.01.2020 09:45;29;21;8
04.01.2020 10:00;34;18;16
04.01.2020 10:15;46;28;18
04.01.2020 10:30;40;16;24
04.01.2020 10:45;57;41;16
04.01.2020 11:00;38;21;17
04.01.2020 11:15;71;35;36
04.01.2020 11:30;55;26;29
04.01.2020 11:45;77;44;33
04.01.2020 12:00;73;31;42
04.01.2020 12:15;80;46;34
04.01.2020 12:30;73;42;31
04.01.2020 12:45;77;46;31
04.01.2020 13:00;72;45;27
04.01.2020 13:15;75;34;41
04.01.2020 13:30;71;35;36
04.01.2020 13:45;70;34;36
04.01.2020 14:00;65;23;42
04.01.2020 14:15;75;27;48
04.01.2020 14:30;92;44;48
04.01.2020 14:45;71;38;33
04.01.2020 15:00;62;30;32
04.01.2020 15:15;64;42;22
04.01.2020 15:30;60;28;32
04.01.2020 15:45;66;34;32
04.01.2020 16:00;76;44;32
04.01.2020 16:15;68;29;39
04.01.2020 16:30;84;33;51
04.01.2020 16:45;78;45;33
04.01.2020 17:00;41;15;26
04.01.2020 17:15;76;34;42
04.01.2020 17:30;58;31;27
04.01.2020 17:45;77;40;37
04.01.2020 18:00;70;29;41
04.01.2020 18:15;58;29;29
04.01.2020 18:30;76;33;43
04.01.2020 18:45;68;37;31
04.01.2020 19:00;54;23;31
04.01.2020 19:15;49;30;19
04.01.2020 19:30;49;26;23
04.01.2020 19:45;49;25;24
04.01.2020 20:00;41;21;20
04.01.2020 20:15;41;22;19
04.01.2020 20:30;40;15;25
04.01.2020 20:45;31;15;16
04.01.2020 21:00;31;18;13
04.01.2020 21:15;24;12;12
04.01.2020 21:30;38;25;13
04.01.2020 21:45;26;16;10
04.01.2020 22:00;28;17;11
04.01.2020 22:15;16;11;5
04.01.2020 22:30;24;14;10
04.01.2020 22:45;21;6;15
04.01.2020 23:00;18;12;6
04.01.2020 23:15;18;5;13
04.01.2020 23:30;23;6;17
04.01.2020 23:45;20;7;13
05.01.2020 00:00;30;9;21
05.01.2020 00:15;20;4;16
05.01.2020 00:30;11;4;7
05.01.2020 00:45;19;3;16
05.01.2020 01:00;12;3;9
05.01.2020 01:15;16;3;13
05.01.2020 01:30;21;1;20
05.01.2020 01:45;9;2;7
05.01.2020 02:00;12;5;7
05.01.2020 02:15;8;0;8
05.01.2020 02:30;8;1;7
05.01.2020 02:45;11;4;7
05.01.2020 03:00;5;2;3
05.01.2020 03:15;9;1;8
05.01.2020 03:30;4;2;2
05.01.2020 03:45;7;1;6
05.01.2020 04:00;4;2;2
05.01.2020 04:15;5;1;4
05.01.2020 04:30;4;1;3
05.01.2020 04:45;2;1;1
05.01.2020 05:00;3;0;3
05.01.2020 05:15;0;0;0
05.01.2020 05:30;6;3;3
05.01.2020 05:45;5;3;2
05.01.2020 06:00;4;3;1
05.01.2020 06:15;7;5;2
05.01.2020 06:30;4;3;1
05.01.2020 06:45;3;1;2
05.01.2020 07:00;3;2;1
05.01.2020 07:15;3;3;0
05.01.2020 07:30;3;2;1
05.01.2020 07:45;6;1;5
05.01.2020 08:00;7;3;4
05.01.2020 08:15;8;6;2
05.01.2020 08:30;5;2;3
05.01.2020 08:45;21;9;12
05.01.2020 09:00;18;6;12
05.01.2020 09:15;18;9;9
05.01.2020 09:30;24;14;10
05.01.2020 09:45;42;21;21
05.01.2020 10:00;13;3;10
05.01.2020 10:15;23;13;10
05.01.2020 10:30;39;24;15
05.01.2020 10:45;35;19;16
05.01.2020 11:00;33;12;21
05.01.2020 11:15;38;14;24
05.01.2020 11:30;41;17;24
05.01.2020 11:45;52;27;25
05.01.2020 12:00;56;21;35
05.01.2020 12:15;47;19;28
05.01.2020 12:30;66;35;31
05.01.2020 12:45;54;30;24
05.01.2020 13:00;63;28;35
05.01.2020 13:15;78;34;44
05.01.2020 13:30;61;30;31
05.01.2020 13:45;81;45;36
05.01.2020 14:00;76;27;49
05.01.2020 14:15;61;34;27
05.01.2020 14:30;45;20;25
05.01.2020 14:45;73;29;44
05.01.2020 15:00;67;30;37
05.01.2020 15:15;55;29;26
05.01.2020 15:30;71;44;27
05.01.2020 15:45;59;37;22
05.01.2020 16:00;75;36;39
05.01.2020 16:15;52;27;25
05.01.2020 16:30;56;29;27
05.01.2020 16:45;70;30;40
05.01.2020 17:00;51;25;26
05.01.2020 17:15;49;28;21
05.01.2020 17:30;48;28;20
05.01.2020 17:45;57;37;20
05.01.2020 18:00;50;21;29
05.01.2020 18:15;43;18;25
05.01.2020 18:30;54;36;18
05.01.2020 18:45;58;40;18
05.01.2020 19:00;42;23;19
05.01.2020 19:15;39;24;15
05.01.2020 19:30;40;20;20
05.01.2020 19:45;43;26;17
05.01.2020 20:00;44;21;23
05.01.2020 20:15;32;11;21
05.01.2020 20:30;30;13;17
05.01.2020 20:45;29;15;14
05.01.2020 21:00;25;10;15
05.01.2020 21:15;28;18;10
05.01.2020 21:30;15;7;8
05.01.2020 21:45;23;12;11
05.01.2020 22:00;13;4;9
05.01.2020 22:15;36;13;23
05.01.2020 22:30;20;10;10
05.01.2020 22:45;25;7;18
05.01.2020 23:00;19;11;8
05.01.2020 23:15;21;6;15
05.01.2020 23:30;20;6;14
05.01.2020 23:45;16;5;11
06.01.2020 00:00;9;4;5
06.01.2020 00:15;7;4;3
06.01.2020 00:30;9;5;4
06.01.2020 00:45;10;7;3
06.01.2020 01:00;4;2;2
06.01.2020 01:15;11;5;6
06.01.2020 01:30;6;2;4
06.01.2020 01:45;1;0;1
06.01.2020 02:00;3;0;3
06.01.2020 02:15;4;1;3
06.01.2020 02:30;5;2;3
06.01.2020 02:45;2;1;1
06.01.2020 03:00;1;1;0
06.01.2020 03:15;2;1;1
06.01.2020 03:30;4;0;4
06.01.2020 03:45;3;3;0
06.01.2020 04:00;3;2;1
06.01.2020 04:15;2;0;2
06.01.2020 04:30;3;1;2
06.01.2020 04:45;4;4;0
06.01.2020 05:00;7;3;4
06.01.2020 05:15;1;0;1
06.01.2020 05:30;2;1;1
06.01.2020 05:45;18;13;5
06.01.2020 06:00;16;15;1
06.01.2020 06:15;16;15;1
06.01.2020 06:30;11;11;0
06.01.2020 06:45;23;19;4
06.01.2020 07:00;18;15;3
06.01.2020 07:15;8;8;0
06.01.2020 07:30;11;10;1
06.01.2020 07:45;20;14;6
06.01.2020 08:00;12;10;2
06.01.2020 08:15;14;9;5
06.01.2020 08:30;15;7;8
06.01.2020 08:45;34;16;18
06.01.2020 09:00;25;12;13
06.01.2020 09:15;30;15;15
06.01.2020 09:30;25;15;10
06.01.2020 09:45;39;25;14
06.01.2020 10:00;36;15;21
06.01.2020 10:15;28;11;17
06.01.2020 10:30;24;16;8
06.01.2020 10:45;37;26;11
06.01.2020 11:00;27;15;12
06.01.2020 11:15;41;21;20
06.01.2020 11:30;30;9;21
06.01.2020 11:45;38;15;23
06.01.2020 12:00;34;15;19
06.01.2020 12:15;42;16;26
06.01.2020 12:30;41;21;20
06.01.2020 12:45;57;29;28
06.01.2020 13:00;40;18;22
06.01.2020 13:15;28;14;14
06.01.2020 13:30;40;23;17
06.01.2020 13:45;71;38;33
06.01.2020 14:00;53;21;32
06.01.2020 14:15;61;27;34
06.01.2020 14:30;42;23;19
06.01.2020 14:45;52;25;27
06.01.2020 15:00;51;25;26
06.01.2020 15:15;41;14;27
06.01.2020 15:30;52;28;24
06.01.2020 15:45;51;27;24
06.01.2020 16:00;64;23;41
06.01.2020 16:15;59;28;31
06.01.2020 16:30;52;28;24
06.01.2020 16:45;90;35;55
06.01.2020 17:00;52;20;32
06.01.2020 17:15;65;24;41
06.01.2020 17:30;69;40;29
06.01.2020 17:45;93;52;41
06.01.2020 18:00;71;32;39
06.01.2020 18:15;52;29;23
06.01.2020 18:30;56;26;30
06.01.2020 18:45;71;20;51
06.01.2020 19:00;55;28;27
06.01.2020 19:15;70;38;32
06.01.2020 19:30;41;14;27
06.01.2020 19:45;61;28;33
06.01.2020 20:00;42;18;24
06.01.2020 20:15;38;16;22
06.01.2020 20:30;42;20;22
06.01.2020 20:45;29;13;16
06.01.2020 21:00;30;9;21
06.01.2020 21:15;20;9;11
06.01.2020 21:30;24;9;15
06.01.2020 21:45;34;14;20
06.01.2020 22:00;23;9;14
06.01.2020 22:15;35;19;16
06.01.2020 22:30;21;5;16
06.01.2020 22:45;15;5;10
06.01.2020 23:00;13;3;10
06.01.2020 23:15;15;7;8
06.01.2020 23:30;17;7;10
06.01.2020 23:45;20;7;13
07.01.2020 00:00;10;9;1
07.01.2020 00:15;9;3;6
07.01.2020 00:30;4;2;2
07.01.2020 00:45;4;1;3
07.01.2020 01:00;4;0;4
07.01.2020 01:15;5;2;3
07.01.2020 01:30;2;0;2
07.01.2020 01:45;3;1;2
07.01.2020 02:00;1;1;0
07.01.2020 02:15;1;1;0
07.01.2020 02:30;0;0;0
07.01.2020 02:45;0;0;0
07.01.2020 03:00;1;1;0
07.01.2020 03:15;1;0;1
07.01.2020 03:30;2;2;0
07.01.2020 03:45;3;2;1
07.01.2020 04:00;0;0;0
07.01.2020 04:15;0;0;0
07.01.2020 04:30;1;0;1
07.01.2020 04:45;5;2;3
07.01.2020 05:00;2;1;1
07.01.2020 05:15;3;2;1
07.01.2020 05:30;10;6;4
07.01.2020 05:45;25;19;6
07.01.2020 06:00;24;18;6
07.01.2020 06:15;37;28;9
07.01.2020 06:30;53;30;23
07.01.2020 06:45;64;38;26
07.01.2020 07:00;67;33;34
07.01.2020 07:15;149;106;43
07.01.2020 07:30;412;253;159
07.01.2020 07:45;321;203;118
07.01.2020 08:00;229;148;81
07.01.2020 08:15;183;103;80
07.01.2020 08:30;160;92;68
07.01.2020 08:45;194;116;78
07.01.2020 09:00;141;92;49
07.01.2020 09:15;165;115;50
07.01.2020 09:30;225;133;92
07.01.2020 09:45;114;65;49
07.01.2020 10:00;71;38;33
07.01.2020 10:15;77;40;37
07.01.2020 10:30;83;43;40
07.01.2020 10:45;92;54;38
07.01.2020 11:00;105;47;58
07.01.2020 11:15;181;88;93
07.01.2020 11:30;137;63;74
07.01.2020 11:45;100;55;45
07.01.2020 12:00;122;60;62
07.01.2020 12:15;119;48;71
07.01.2020 12:30;127;48;79
07.01.2020 12:45;142;63;79
07.01.2020 13:00;235;69;166
07.01.2020 13:15;157;71;86
07.01.2020 13:30;148;75;73
07.01.2020 13:45;215;126;89
07.01.2020 14:00;149;76;73
07.01.2020 14:15;115;54;61
07.01.2020 14:30;117;63;54
07.01.2020 14:45;134;72;62
07.01.2020 15:00;131;59;72
07.01.2020 15:15;181;101;80
07.01.2020 15:30;314;125;189
07.01.2020 15:45;233;102;131
07.01.2020 16:00;151;70;81
07.01.2020 16:15;189;97;92
07.01.2020 16:30;155;77;78
07.01.2020 16:45;227;116;111
07.01.2020 17:00;230;102;128
07.01.2020 17:15;247;108;139
07.01.2020 17:30;217;95;122
07.01.2020 17:45;221;82;139
07.01.2020 18:00;174;69;105
07.01.2020 18:15;189;76;113
07.01.2020 18:30;160;59;101
07.01.2020 18:45;193;88;105
07.01.2020 19:00;140;49;91
07.01.2020 19:15;166;69;97
07.01.2020 19:30;117;54;63
07.01.2020 19:45;116;59;57
07.01.2020 20:00;97;38;59
07.01.2020 20:15;82;33;49
07.01.2020 20:30;81;37;44
07.01.2020 20:45;69;27;42
07.01.2020 21:00;54;22;32
07.01.2020 21:15;51;12;39
07.01.2020 21:30;36;13;23
07.01.2020 21:45;52;22;30
07.01.2020 22:00;58;25;33
07.01.2020 22:15;63;26;37
07.01.2020 22:30;42;15;27
07.01.2020 22:45;27;15;12
07.01.2020 23:00;24;9;15
07.01.2020 23:15;8;2;6
07.01.2020 23:30;5;4;1
07.01.2020 23:45;8;4;4
08.01.2020 00:00;13;6;7
08.01.2020 00:15;8;2;6
08.01.2020 00:30;6;0;6
08.01.2020 00:45;10;3;7
08.01.2020 01:00;4;3;1
08.01.2020 01:15;9;1;8
08.01.2020 01:30;1;0;1
08.01.2020 01:45;2;1;1
08.01.2020 02:00;4;0;4
08.01.2020 02:15;2;2;0
08.01.2020 02:30;0;0;0
08.01.2020 02:45;0;0;0
08.01.2020 03:00;1;1;0
08.01.2020 03:15;1;0;1
08.01.2020 03:30;0;0;0
08.01.2020 03:45;0;0;0
08.01.2020 04:00;1;0;1
08.01.2020 04:15;0;0;0
08.01.2020 04:30;1;1;0
08.01.2020 04:45;5;3;2
08.01.2020 05:00;1;0;1
08.01.2020 05:15;4;3;1
08.01.2020 05:30;18;13;5
08.01.2020 05:45;24;17;7
08.01.2020 06:00;23;19;4
08.01.2020 06:15;26;20;6
08.01.2020 06:30;36;22;14
08.01.2020 06:45;82;49;33
08.01.2020 07:00;70;36;34
08.01.2020 07:15;167;99;68
08.01.2020 07:30;385;233;152
08.01.2020 07:45;357;249;108
08.01.2020 08:00;195;118;77
08.01.2020 08:15;191;109;82
08.01.2020 08:30;141;81;60
08.01.2020 08:45;195;112;83
08.01.2020 09:00;152;93;59
08.01.2020 09:15;162;97;65
08.01.2020 09:30;192;106;86
08.01.2020 09:45;143;87;56
08.01.2020 10:00;86;51;35
08.01.2020 10:15;98;68;30
08.01.2020 10:30;71;37;34
08.01.2020 10:45;107;63;44
08.01.2020 11:00;108;55;53
08.01.2020 11:15;169;72;97
08.01.2020 11:30;114;56;58
08.01.2020 11:45;109;47;62
08.01.2020 12:00;124;60;64
08.01.2020 12:15;132;68;64
08.01.2020 12:30;138;51;87
08.01.2020 12:45;158;78;80
08.01.2020 13:00;289;95;194
08.01.2020 13:15;133;70;63
08.01.2020 13:30;160;93;67
08.01.2020 13:45;202;126;76
08.01.2020 14:00;139;67;72
08.01.2020 14:15;121;65;56
08.01.2020 14:30;115;56;59
08.01.2020 14:45;135;70;65
08.01.2020 15:00;143;77;66
08.01.2020 15:15;127;70;57
08.01.2020 15:30;269;81;188
08.01.2020 15:45;185;79;106
08.01.2020 16:00;137;59;78
08.01.2020 16:15;190;63;127
08.01.2020 16:30;149;64;85
08.01.2020 16:45;197;81;116
08.01.2020 17:00;205;89;116
08.01.2020 17:15;258;117;141
08.01.2020 17:30;198;89;109
08.01.2020 17:45;198;81;117
08.01.2020 18:00;163;78;85
08.01.2020 18:15;184;81;103
08.01.2020 18:30;156;74;82
08.01.2020 18:45;174;82;92
08.01.2020 19:00;157;62;95
08.01.2020 19:15;152;81;71
08.01.2020 19:30;126;53;73
08.01.2020 19:45;106;45;61
08.01.2020 20:00;116;51;65
08.01.2020 20:15;104;50;54
08.01.2020 20:30;77;29;48
08.01.2020 20:45;82;32;50
08.01.2020 21:00;54;22;32
08.01.2020 21:15;75;32;43
08.01.2020 21:30;47;16;31
08.01.2020 21:45;44;23;21
08.01.2020 22:00;69;28;41
08.01.2020 22:15;56;28;28
08.01.2020 22:30;45;20;25
08.01.2020 22:45;32;14;18
08.01.2020 23:00;33;12;21
08.01.2020 23:15;27;10;17
08.01.2020 23:30;24;6;18
08.01.2020 23:45;18;9;9
09.01.2020 00:00;12;5;7
09.01.2020 00:15;18;2;16
09.01.2020 00:30;9;2;7
09.01.2020 00:45;14;2;12
09.01.2020 01:00;5;1;4
09.01.2020 01:15;10;1;9
09.01.2020 01:30;4;1;3
09.01.2020 01:45;4;1;3
09.01.2020 02:00;2;1;1
09.01.2020 02:15;0;0;0
09.01.2020 02:30;2;1;1
09.01.2020 02:45;1;1;0
09.01.2020 03:00;0;0;0
09.01.2020 03:15;0;0;0
09.01.2020 03:30;1;1;0
09.01.2020 03:45;2;1;1
09.01.2020 04:00;1;1;0
09.01.2020 04:15;2;1;1
09.01.2020 04:30;0;0;0
09.01.2020 04:45;4;1;3
09.01.2020 05:00;0;0;0
09.01.2020 05:15;5;3;2
09.01.2020 05:30;15;11;4
09.01.2020 05:45;29;19;10
09.01.2020 06:00;25;17;8
09.01.2020 06:15;30;23;7
09.01.2020 06:30;32;18;14
09.01.2020 06:45;66;32;34
09.01.2020 07:00;67;39;28
09.01.2020 07:15;159;102;57
09.01.2020 07:30;374;223;151
09.01.2020 07:45;325;222;103
09.01.2020 08:00;185;108;77
09.01.2020 08:15;188;102;86
09.01.2020 08:30;155;90;65
09.01.2020 08:45;196;126;70
09.01.2020 09:00;136;93;43
09.01.2020 09:15;191;116;75
09.01.2020 09:30;218;143;75
09.01.2020 09:45;125;72;53
09.01.2020 10:00;79;37;42
09.01.2020 10:15;111;67;44
09.01.2020 10:30;113;68;45
09.01.2020 10:45;112;58;54
09.01.2020 11:00;100;50;50
09.01.2020 11:15;172;97;75
09.01.2020 11:30;119;58;61
09.01.2020 11:45;117;53;64
09.01.2020 12:00;110;40;70
09.01.2020 12:15;110;55;55
09.01.2020 12:30;141;54;87
09.01.2020 12:45;156;71;85
09.01.2020 13:00;250;56;194
09.01.2020 13:15;154;70;84
09.01.2020 13:30;147;62;85
09.01.2020 13:45;172;93;79
09.01.2020 14:00;121;53;68
09.01.2020 14:15;148;65;83
09.01.2020 14:30;124;50;74
09.01.2020 14:45;158;83;75
09.01.2020 15:00;136;77;59
09.01.2020 15:15;170;102;68
09.01.2020 15:30;310;138;172
09.01.2020 15:45;220;111;109
09.01.2020 16:00;181;70;111
09.01.2020 16:15;185;87;98
09.01.2020 16:30;189;68;121
09.01.2020 16:45;217;105;112
09.01.2020 17:00;231;96;135
09.01.2020 17:15;275;107;168
09.01.2020 17:30;204;81;123
09.01.2020 17:45;205;89;116
09.01.2020 18:00;204;71;133
09.01.2020 18:15;182;74;108
09.01.2020 18:30;140;56;84
09.01.2020 18:45;214;110;104
09.01.2020 19:00;143;54;89
09.01.2020 19:15;137;64;73
09.01.2020 19:30;120;54;66
09.01.2020 19:45;122;56;66
09.01.2020 20:00;132;58;74
09.01.2020 20:15;86;38;48
09.01.2020 20:30;53;23;30
09.01.2020 20:45;67;33;34
09.01.2020 21:00;55;21;34
09.01.2020 21:15;46;25;21
09.01.2020 21:30;50;23;27
09.01.2020 21:45;73;24;49
09.01.2020 22:00;58;26;32
09.01.2020 22:15;67;25;42
09.01.2020 22:30;46;19;27
09.01.2020 22:45;39;13;26
09.01.2020 23:00;36;16;20
09.01.2020 23:15;25;10;15
09.01.2020 23:30;27;15;12
09.01.2020 23:45;21;7;14
10.01.2020 00:00;19;5;14
10.01.2020 00:15;8;2;6
10.01.2020 00:30;8;1;7
10.01.2020 00:45;7;1;6
10.01.2020 01:00;13;4;9
10.01.2020 01:15;14;4;10
10.01.2020 01:30;5;2;3
10.01.2020 01:45;5;3;2
10.01.2020 02:00;2;1;1
10.01.2020 02:15;2;0;2
10.01.2020 02:30;4;3;1
10.01.2020 02:45;3;1;2
10.01.2020 03:00;0;0;0
10.01.2020 03:15;5;1;4
10.01.2020 03:30;2;1;1
10.01.2020 03:45;1;1;0
10.01.2020 04:00;0;0;0
10.01.2020 04:15;1;0;1
10.01.2020 04:30;0;0;0
10.01.2020 04:45;2;2;0
10.01.2020 05:00;1;1;0
10.01.2020 05:15;8;2;6
10.01.2020 05:30;22;19;3
10.01.2020 05:45;33;28;5
10.01.2020 06:00;18;14;4
10.01.2020 06:15;28;25;3
10.01.2020 06:30;40;21;19
10.01.2020 06:45;62;26;36
10.01.2020 07:00;73;40;33
10.01.2020 07:15;129;75;54
10.01.2020 07:30;379;237;142
10.01.2020 07:45;246;144;102
10.01.2020 08:00;170;96;74
10.01.2020 08:15;133;81;52
10.01.2020 08:30;148;86;62
10.01.2020 08:45;197;125;72
10.01.2020 09:00;154;93;61
10.01.2020 09:15;175;103;72
10.01.2020 09:30;174;102;72
10.01.2020 09:45;140;86;54
10.01.2020 10:00;103;60;43
10.01.2020 10:15;103;57;46
10.01.2020 10:30;119;72;47
10.01.2020 10:45;118;66;52
10.01.2020 11:00;116;50;66
10.01.2020 11:15;167;82;85
10.01.2020 11:30;123;66;57
10.01.2020 11:45;150;75;75
10.01.2020 12:00;113;40;73
10.01.2020 12:15;223;115;108
10.01.2020 12:30;159;69;90
10.01.2020 12:45;149;73;76
10.01.2020 13:00;297;92;205
10.01.2020 13:15;175;85;90
10.01.2020 13:30;164;96;68
10.01.2020 13:45;165;83;82
10.01.2020 14:00;156;71;85
10.01.2020 14:15;162;80;82
10.01.2020 14:30;172;89;83
10.01.2020 14:45;182;71;111
10.01.2020 15:00;170;76;94
10.01.2020 15:15;160;95;65
10.01.2020 15:30;156;68;88
10.01.2020 15:45;198;88;110
10.01.2020 16:00;150;69;81
10.01.2020 16:15;164;66;98
10.01.2020 16:30;156;72;84
10.01.2020 16:45;151;64;87
10.01.2020 17:00;156;67;89
10.01.2020 17:15;209;88;121
10.01.2020 17:30;155;76;79
10.01.2020 17:45;173;82;91
10.01.2020 18:00;149;69;80
10.01.2020 18:15;135;63;72
10.01.2020 18:30;144;58;86
10.01.2020 18:45;156;74;82
10.01.2020 19:00;126;62;64
10.01.2020 19:15;119;54;65
10.01.2020 19:30;94;46;48
10.01.2020 19:45;81;45;36
10.01.2020 20:00;64;24;40
10.01.2020 20:15;89;42;47
10.01.2020 20:30;65;32;33
10.01.2020 20:45;59;35;24
10.01.2020 21:00;60;29;31
10.01.2020 21:15;53;25;28
10.01.2020 21:30;47;19;28
10.01.2020 21:45;46;27;19
10.01.2020 22:00;46;22;24
10.01.2020 22:15;46;15;31
10.01.2020 22:30;40;10;30
10.01.2020 22:45;34;8;26
10.01.2020 23:00;38;10;28
10.01.2020 23:15;41;18;23
10.01.2020 23:30;38;8;30
10.01.2020 23:45;42;16;26
11.01.2020 00:00;46;20;26
11.01.2020 00:15;45;16;29
11.01.2020 00:30;40;14;26
11.01.2020 00:45;24;5;19
11.01.2020 01:00;23;3;20
11.01.2020 01:15;27;4;23
11.01.2020 01:30;16;3;13
11.01.2020 01:45;24;4;20
11.01.2020 02:00;20;5;15
11.01.2020 02:15;9;1;8
11.01.2020 02:30;5;2;3
11.01.2020 02:45;5;2;3
11.01.2020 03:00;10;4;6
11.01.2020 03:15;9;5;4
11.01.2020 03:30;8;3;5
11.01.2020 03:45;3;1;2
11.01.2020 04:00;4;0;4
11.01.2020 04:15;1;1;0
11.01.2020 04:30;5;2;3
11.01.2020 04:45;3;2;1
11.01.2020 05:00;5;0;5
11.01.2020 05:15;3;0;3
11.01.2020 05:30;9;7;2
11.01.2020 05:45;24;20;4
11.01.2020 06:00;9;5;4
11.01.2020 06:15;8;7;1
11.01.2020 06:30;10;8;2
11.01.2020 06:45;8;7;1
11.01.2020 07:00;15;8;7
11.01.2020 07:15;8;4;4
11.01.2020 07:30;14;8;6
11.01.2020 07:45;23;10;13
11.01.2020 08:00;23;9;14
11.01.2020 08:15;32;12;20
11.01.2020 08:30;33;17;16
11.01.2020 08:45;62;40;22
11.01.2020 09:00;52;35;17
11.01.2020 09:15;65;42;23
11.01.2020 09:30;70;35;35
11.01.2020 09:45;111;69;42
11.01.2020 10:00;73;39;34
11.01.2020 10:15;100;62;38
11.01.2020 10:30;80;47;33
11.01.2020 10:45;112;69;43
11.01.2020 11:00;94;56;38
11.01.2020 11:15;118;61;57
11.01.2020 11:30;105;51;54
11.01.2020 11:45;120;59;61
11.01.2020 12:00;182;132;50
11.01.2020 12:15;116;57;59
11.01.2020 12:30;135;69;66
11.01.2020 12:45;111;56;55
11.01.2020 13:00;118;64;54
11.01.2020 13:15;107;64;43
11.01.2020 13:30;116;60;56
11.01.2020 13:45;126;73;53
11.01.2020 14:00;112;72;40
11.01.2020 14:15;128;63;65
11.01.2020 14:30;110;54;56
11.01.2020 14:45;148;71;77
11.01.2020 15:00;112;50;62
11.01.2020 15:15;144;80;64
11.01.2020 15:30;107;43;64
11.01.2020 15:45;144;77;67
11.01.2020 16:00;106;49;57
11.01.2020 16:15;106;46;60
11.01.2020 16:30;113;38;75
11.01.2020 16:45;141;78;63
11.01.2020 17:00;101;40;61
11.01.2020 17:15;140;61;79
11.01.2020 17:30;93;43;50
11.01.2020 17:45;106;58;48
11.01.2020 18:00;120;42;78
11.01.2020 18:15;113;44;69
11.01.2020 18:30;77;20;57
11.01.2020 18:45;94;45;49
11.01.2020 19:00;85;42;43
11.01.2020 19:15;80;36;44
11.01.2020 19:30;78;35;43
11.01.2020 19:45;104;54;50
11.01.2020 20:00;84;34;50
11.01.2020 20:15;78;31;47
11.01.2020 20:30;66;33;33
11.01.2020 20:45;47;23;24
11.01.2020 21:00;61;39;22
11.01.2020 21:15;66;43;23
11.01.2020 21:30;66;29;37
11.01.2020 21:45;39;26;13
11.01.2020 22:00;35;19;16
11.01.2020 22:15;51;26;25
11.01.2020 22:30;47;25;22
11.01.2020 22:45;53;13;40
11.01.2020 23:00;47;26;21
11.01.2020 23:15;31;12;19
11.01.2020 23:30;35;15;20
11.01.2020 23:45;49;17;32
12.01.2020 00:00;35;21;14
12.01.2020 00:15;23;6;17
12.01.2020 00:30;26;8;18
12.01.2020 00:45;12;5;7
12.01.2020 01:00;32;9;23
12.01.2020 01:15;24;5;19
12.01.2020 01:30;29;9;20
12.01.2020 01:45;32;11;21
12.01.2020 02:00;40;18;22
12.01.2020 02:15;20;6;14
12.01.2020 02:30;15;5;10
12.01.2020 02:45;10;2;8
12.01.2020 03:00;13;5;8
12.01.2020 03:15;17;5;12
12.01.2020 03:30;13;7;6
12.01.2020 03:45;11;1;10
12.01.2020 04:00;3;0;3
12.01.2020 04:15;4;1;3
12.01.2020 04:30;4;0;4
12.01.2020 04:45;4;3;1
12.01.2020 05:00;3;0;3
12.01.2020 05:15;4;2;2
12.01.2020 05:30;1;0;1
12.01.2020 05:45;5;2;3
12.01.2020 06:00;7;5;2
12.01.2020 06:15;8;5;3
12.01.2020 06:30;5;4;1
12.01.2020 06:45;8;4;4
12.01.2020 07:00;15;12;3
12.01.2020 07:15;9;5;4
12.01.2020 07:30;5;2;3
12.01.2020 07:45;8;1;7
12.01.2020 08:00;12;3;9
12.01.2020 08:15;20;5;15
12.01.2020 08:30;12;6;6
12.01.2020 08:45;27;15;12
12.01.2020 09:00;14;4;10
12.01.2020 09:15;30;17;13
12.01.2020 09:30;44;26;18
12.01.2020 09:45;71;31;40
12.01.2020 10:00;55;23;32
12.01.2020 10:15;39;22;17
12.01.2020 10:30;45;27;18
12.01.2020 10:45;49;22;27
12.01.2020 11:00;52;26;26
12.01.2020 11:15;65;34;31
12.01.2020 11:30;45;24;21
12.01.2020 11:45;51;33;18
12.01.2020 12:00;60;32;28
12.01.2020 12:15;62;37;25
12.01.2020 12:30;60;25;35
12.01.2020 12:45;76;34;42
12.01.2020 13:00;53;31;22
12.01.2020 13:15;61;34;27
12.01.2020 13:30;58;33;25
12.01.2020 13:45;103;56;47
12.01.2020 14:00;76;25;51
12.01.2020 14:15;80;45;35
12.01.2020 14:30;86;49;37
12.01.2020 14:45;71;34;37
12.01.2020 15:00;89;34;55
12.01.2020 15:15;53;19;34
12.01.2020 15:30;52;26;26
12.01.2020 15:45;65;24;41
12.01.2020 16:00;103;54;49
12.01.2020 16:15;70;29;41
12.01.2020 16:30;103;38;65
12.01.2020 16:45;91;39;52
12.01.2020 17:00;73;27;46
12.01.2020 17:15;71;27;44
12.01.2020 17:30;50;28;22
12.01.2020 17:45;71;31;40
12.01.2020 18:00;56;33;23
12.01.2020 18:15;63;30;33
12.01.2020 18:30;58;36;22
12.01.2020 18:45;62;28;34
12.01.2020 19:00;49;24;25
12.01.2020 19:15;66;37;29
12.01.2020 19:30;36;13;23
12.01.2020 19:45;39;22;17
12.01.2020 20:00;45;23;22
12.01.2020 20:15;51;27;24
12.01.2020 20:30;45;30;15
12.01.2020 20:45;23;12;11
12.01.2020 21:00;25;12;13
12.01.2020 21:15;25;11;14
12.01.2020 21:30;18;5;13
12.01.2020 21:45;25;10;15
12.01.2020 22:00;21;6;15
12.01.2020 22:15;26;9;17
12.01.2020 22:30;16;9;7
12.01.2020 22:45;36;12;24
12.01.2020 23:00;28;3;25
12.01.2020 23:15;15;6;9
12.01.2020 23:30;12;9;3
12.01.2020 23:45;16;8;8
13.01.2020 00:00;10;2;8
13.01.2020 00:15;7;0;7
13.01.2020 00:30;6;2;4
13.01.2020 00:45;3;2;1
13.01.2020 01:00;5;0;5
13.01.2020 01:15;4;0;4
13.01.2020 01:30;1;0;1
13.01.2020 01:45;5;3;2
13.01.2020 02:00;1;0;1
13.01.2020 02:15;1;1;0
13.01.2020 02:30;0;0;0
13.01.2020 02:45;1;0;1
13.01.2020 03:00;2;2;0
13.01.2020 03:15;1;1;0
13.01.2020 03:30;0;0;0
13.01.2020 03:45;1;1;0
13.01.2020 04:00;0;0;0
13.01.2020 04:15;0;0;0
13.01.2020 04:30;1;1;0
13.01.2020 04:45;2;1;1
13.01.2020 05:00;2;1;1
13.01.2020 05:15;6;2;4
13.01.2020 05:30;18;11;7
13.01.2020 05:45;24;19;5
13.01.2020 06:00;29;18;11
13.01.2020 06:15;28;18;10
13.01.2020 06:30;42;27;15
13.01.2020 06:45;81;48;33
13.01.2020 07:00;65;34;31
13.01.2020 07:15;168;101;67
13.01.2020 07:30;401;266;135
13.01.2020 07:45;255;147;108
13.01.2020 08:00;176;98;78
13.01.2020 08:15;175;104;71
13.01.2020 08:30;155;99;56
13.01.2020 08:45;188;123;65
13.01.2020 09:00;120;72;48
13.01.2020 09:15;154;91;63
13.01.2020 09:30;216;148;68
13.01.2020 09:45;126;75;51
13.01.2020 10:00;91;48;43
13.01.2020 10:15;90;53;37
13.01.2020 10:30;73;43;30
13.01.2020 10:45;101;59;42
13.01.2020 11:00;113;58;55
13.01.2020 11:15;172;105;67
13.01.2020 11:30;108;48;60
13.01.2020 11:45;82;44;38
13.01.2020 12:00;105;49;56
13.01.2020 12:15;108;52;56
13.01.2020 12:30;110;38;72
13.01.2020 12:45;131;59;72
13.01.2020 13:00;243;68;175
13.01.2020 13:15;159;77;82
13.01.2020 13:30;143;83;60
13.01.2020 13:45;208;131;77
13.01.2020 14:00;130;53;77
13.01.2020 14:15;141;65;76
13.01.2020 14:30;120;55;65
13.01.2020 14:45;138;58;80
13.01.2020 15:00;139;69;70
13.01.2020 15:15;176;73;103
13.01.2020 15:30;292;133;159
13.01.2020 15:45;212;89;123
13.01.2020 16:00;157;83;74
13.01.2020 16:15;188;84;104
13.01.2020 16:30;162;67;95
13.01.2020 16:45;195;105;90
13.01.2020 17:00;178;83;95
13.01.2020 17:15;275;122;153
13.01.2020 17:30;213;97;116
13.01.2020 17:45;220;93;127
13.01.2020 18:00;204;89;115
13.01.2020 18:15;161;79;82
13.01.2020 18:30;149;66;83
13.01.2020 18:45;184;68;116
13.01.2020 19:00;169;64;105
13.01.2020 19:15;147;70;77
13.01.2020 19:30;131;62;69
13.01.2020 19:45;122;55;67
13.01.2020 20:00;94;45;49
13.01.2020 20:15;102;56;46
13.01.2020 20:30;102;30;72
13.01.2020 20:45;71;28;43
13.01.2020 21:00;60;25;35
13.01.2020 21:15;46;13;33
13.01.2020 21:30;75;35;40
13.01.2020 21:45;47;20;27
13.01.2020 22:00;62;18;44
13.01.2020 22:15;62;35;27
13.01.2020 22:30;54;21;33
13.01.2020 22:45;35;15;20
13.01.2020 23:00;31;9;22
13.01.2020 23:15;21;8;13
13.01.2020 23:30;25;11;14
13.01.2020 23:45;19;14;5
14.01.2020 00:00;15;9;6
14.01.2020 00:15;10;3;7
14.01.2020 00:30;8;3;5
14.01.2020 00:45;6;1;5
14.01.2020 01:00;9;3;6
14.01.2020 01:15;1;0;1
14.01.2020 01:30;3;1;2
14.01.2020 01:45;8;1;7
14.01.2020 02:00;1;0;1
14.01.2020 02:15;2;1;1
14.01.2020 02:30;1;1;0
14.01.2020 02:45;0;0;0
14.01.2020 03:00;1;0;1
14.01.2020 03:15;0;0;0
14.01.2020 03:30;4;1;3
14.01.2020 03:45;5;2;3
14.01.2020 04:00;2;2;0
14.01.2020 04:15;1;1;0
14.01.2020 04:30;2;2;0
14.01.2020 04:45;2;1;1
14.01.2020 05:00;2;2;0
14.01.2020 05:15;5;2;3
14.01.2020 05:30;14;11;3
14.01.2020 05:45;23;18;5
14.01.2020 06:00;30;20;10
14.01.2020 06:15;32;27;5
14.01.2020 06:30;32;17;15
14.01.2020 06:45;63;35;28
14.01.2020 07:00;67;34;33
14.01.2020 07:15;152;81;71
14.01.2020 07:30;391;250;141
14.01.2020 07:45;330;208;122
14.01.2020 08:00;222;121;101
14.01.2020 08:15;216;89;127
14.01.2020 08:30;166;91;75
14.01.2020 08:45;196;116;80
14.01.2020 09:00;129;83;46
14.01.2020 09:15;160;96;64
14.01.2020 09:30;211;129;82
14.01.2020 09:45;184;123;61
14.01.2020 10:00;92;54;38
14.01.2020 10:15;87;50;37
14.01.2020 10:30;76;44;32
14.01.2020 10:45;100;49;51
14.01.2020 11:00;113;58;55
14.01.2020 11:15;191;99;92
14.01.2020 11:30;84;44;40
14.01.2020 11:45;101;56;45
14.01.2020 12:00;96;37;59
14.01.2020 12:15;135;49;86
14.01.2020 12:30;134;56;78
14.01.2020 12:45;156;56;100
14.01.2020 13:00;222;70;152
14.01.2020 13:15;174;67;107
14.01.2020 13:30;146;84;62
14.01.2020 13:45;214;138;76
14.01.2020 14:00;132;58;74
14.01.2020 14:15;119;60;59
14.01.2020 14:30;110;46;64
14.01.2020 14:45;132;58;74
14.01.2020 15:00;129;69;60
14.01.2020 15:15;143;61;82
14.01.2020 15:30;307;122;185
14.01.2020 15:45;211;99;112
14.01.2020 16:00;128;69;59
14.01.2020 16:15;182;91;91
14.01.2020 16:30;191;88;103
14.01.2020 16:45;208;88;120
14.01.2020 17:00;229;113;116
14.01.2020 17:15;264;113;151
14.01.2020 17:30;218;112;106
14.01.2020 17:45;217;98;119
14.01.2020 18:00;178;68;110
14.01.2020 18:15;180;77;103
14.01.2020 18:30;163;65;98
14.01.2020 18:45;177;77;100
14.01.2020 19:00;155;53;102
14.01.2020 19:15;192;69;123
14.01.2020 19:30;127;60;67
14.01.2020 19:45;156;83;73
14.01.2020 20:00;96;21;75
14.01.2020 20:15;87;40;47
14.01.2020 20:30;76;43;33
14.01.2020 20:45;75;31;44
14.01.2020 21:00;69;27;42
14.01.2020 21:15;72;37;35
14.01.2020 21:30;43;14;29
14.01.2020 21:45;72;24;48
14.01.2020 22:00;65;14;51
14.01.2020 22:15;60;26;34
14.01.2020 22:30;25;8;17
14.01.2020 22:45;31;12;19
14.01.2020 23:00;40;16;24
14.01.2020 23:15;33;17;16
14.01.2020 23:30;23;15;8
14.01.2020 23:45;13;3;10
15.01.2020 00:00;14;6;8
15.01.2020 00:15;7;5;2
15.01.2020 00:30;8;2;6
15.01.2020 00:45;12;5;7
15.01.2020 01:00;16;2;14
15.01.2020 01:15;4;3;1
15.01.2020 01:30;6;0;6
15.01.2020 01:45;1;1;0
15.01.2020 02:00;0;0;0
15.01.2020 02:15;1;0;1
15.01.2020 02:30;4;2;2
15.01.2020 02:45;0;0;0
15.01.2020 03:00;1;1;0
15.01.2020 03:15;3;3;0
15.01.2020 03:30;1;1;0
15.01.2020 03:45;2;1;1
15.01.2020 04:00;0;0;0
15.01.2020 04:15;2;1;1
15.01.2020 04:30;1;0;1
15.01.2020 04:45;3;2;1
15.01.2020 05:00;6;4;2
15.01.2020 05:15;3;1;2
15.01.2020 05:30;17;10;7
15.01.2020 05:45;24;17;7
15.01.2020 06:00;23;17;6
15.01.2020 06:15;27;21;6
15.01.2020 06:30;45;27;18
15.01.2020 06:45;61;35;26
15.01.2020 07:00;71;38;33
15.01.2020 07:15;177;114;63
15.01.2020 07:30;370;231;139
15.01.2020 07:45;349;223;126
15.01.2020 08:00;183;101;82
15.01.2020 08:15;179;111;68
15.01.2020 08:30;126;66;60
15.01.2020 08:45;205;123;82
15.01.2020 09:00;154;86;68
15.01.2020 09:15;173;113;60
15.01.2020 09:30;213;135;78
15.01.2020 09:45;162;108;54
15.01.2020 10:00;100;55;45
15.01.2020 10:15;92;46;46
15.01.2020 10:30;76;33;43
15.01.2020 10:45;82;47;35
15.01.2020 11:00;111;52;59
15.01.2020 11:15;159;81;78
15.01.2020 11:30;113;52;61
15.01.2020 11:45;117;62;55
15.01.2020 12:00;119;41;78
15.01.2020 12:15;146;72;74
15.01.2020 12:30;130;48;82
15.01.2020 12:45;179;90;89
15.01.2020 13:00;272;88;184
15.01.2020 13:15;173;100;73
15.01.2020 13:30;143;76;67
15.01.2020 13:45;192;123;69
15.01.2020 14:00;129;48;81
15.01.2020 14:15;108;59;49
15.01.2020 14:30;135;68;67
15.01.2020 14:45;170;79;91
15.01.2020 15:00;154;75;79
15.01.2020 15:15;197;104;93
15.01.2020 15:30;279;91;188
15.01.2020 15:45;211;85;126
15.01.2020 16:00;156;78;78
15.01.2020 16:15;219;111;108
15.01.2020 16:30;160;76;84
15.01.2020 16:45;194;91;103
15.01.2020 17:00;202;73;129
15.01.2020 17:15;227;104;123
15.01.2020 17:30;212;78;134
15.01.2020 17:45;237;115;122
15.01.2020 18:00;173;53;120
15.01.2020 18:15;161;64;97
15.01.2020 18:30;159;65;94
15.01.2020 18:45;223;105;118
15.01.2020 19:00;140;64;76
15.01.2020 19:15;143;77;66
15.01.2020 19:30;128;63;65
15.01.2020 19:45;127;45;82
15.01.2020 20:00;142;48;94
15.01.2020 20:15;116;59;57
15.01.2020 20:30;78;28;50
15.01.2020 20:45;66;28;38
15.01.2020 21:00;65;29;36
15.01.2020 21:15;73;35;38
15.01.2020 21:30;65;28;37
15.01.2020 21:45;73;29;44
15.01.2020 22:00;70;35;35
15.01.2020 22:15;63;31;32
15.01.2020 22:30;62;19;43
15.01.2020 22:45;45;19;26
15.01.2020 23:00;39;16;23
15.01.2020 23:15;34;17;17
15.01.2020 23:30;12;3;9
15.01.2020 23:45;19;7;12
16.01.2020 00:00;23;7;16
16.01.2020 00:15;20;8;12
16.01.2020 00:30;11;6;5
16.01.2020 00:45;15;2;13
16.01.2020 01:00;4;1;3
16.01.2020 01:15;7;2;5
16.01.2020 01:30;7;3;4
16.01.2020 01:45;3;3;0
16.01.2020 02:00;4;1;3
16.01.2020 02:15;0;0;0
16.01.2020 02:30;1;1;0
16.01.2020 02:45;1;0;1
16.01.2020 03:00;0;0;0
16.01.2020 03:15;1;0;1
16.01.2020 03:30;6;3;3
16.01.2020 03:45;3;2;1
16.01.2020 04:00;1;1;0
16.01.2020 04:15;2;2;0
16.01.2020 04:30;2;1;1
16.01.2020 04:45;3;2;1
16.01.2020 05:00;5;2;3
16.01.2020 05:15;9;6;3
16.01.2020 05:30;10;8;2
16.01.2020 05:45;22;16;6
16.01.2020 06:00;18;12;6
16.01.2020 06:15;29;22;7
16.01.2020 06:30;43;22;21
16.01.2020 06:45;74;48;26
16.01.2020 07:00;81;39;42
16.01.2020 07:15;160;96;64
16.01.2020 07:30;396;246;150
16.01.2020 07:45;309;197;112
16.01.2020 08:00;186;109;77
16.01.2020 08:15;161;86;75
16.01.2020 08:30;169;104;65
16.01.2020 08:45;188;116;72
16.01.2020 09:00;159;90;69
16.01.2020 09:15;178;117;61
16.01.2020 09:30;201;129;72
16.01.2020 09:45;161;91;70
16.01.2020 10:00;88;51;37
16.01.2020 10:15;100;63;37
16.01.2020 10:30;81;44;37
16.01.2020 10:45;108;52;56
16.01.2020 11:00;118;56;62
16.01.2020 11:15;174;90;84
16.01.2020 11:30;134;63;71
16.01.2020 11:45;123;51;72
16.01.2020 12:00;119;58;61
16.01.2020 12:15;115;57;58
16.01.2020 12:30;133;51;82
16.01.2020 12:45;163;61;102
16.01.2020 13:00;229;55;174
16.01.2020 13:15;158;73;85
16.01.2020 13:30;133;58;75
16.01.2020 13:45;199;117;82
16.01.2020 14:00;144;61;83
16.01.2020 14:15;140;63;77
16.01.2020 14:30;135;54;81
16.01.2020 14:45;146;56;90
16.01.2020 15:00;149;70;79
16.01.2020 15:15;180;89;91
16.01.2020 15:30;308;142;166
16.01.2020 15:45;251;136;115
16.01.2020 16:00;168;84;84
16.01.2020 16:15;177;86;91
16.01.2020 16:30;171;75;96
16.01.2020 16:45;215;82;133
16.01.2020 17:00;226;93;133
16.01.2020 17:15;278;109;169
16.01.2020 17:30;208;85;123
16.01.2020 17:45;232;103;129
16.01.2020 18:00;217;97;120
16.01.2020 18:15;176;88;88
16.01.2020 18:30;152;65;87
16.01.2020 18:45;220;106;114
16.01.2020 19:00;159;72;87
16.01.2020 19:15;144;88;56
16.01.2020 19:30;141;56;85
16.01.2020 19:45;153;88;65
16.01.2020 20:00;94;32;62
16.01.2020 20:15;125;47;78
16.01.2020 20:30;86;40;46
16.01.2020 20:45;61;22;39
16.01.2020 21:00;67;30;37
16.01.2020 21:15;59;19;40
16.01.2020 21:30;59;23;36
16.01.2020 21:45;68;25;43
16.01.2020 22:00;79;25;54
16.01.2020 22:15;81;35;46
16.01.2020 22:30;44;17;27
16.01.2020 22:45;61;26;35
16.01.2020 23:00;42;8;34
16.01.2020 23:15;12;3;9
16.01.2020 23:30;27;9;18
16.01.2020 23:45;26;10;16
17.01.2020 00:00;34;14;20
17.01.2020 00:15;11;2;9
17.01.2020 00:30;6;2;4
17.01.2020 00:45;12;3;9
17.01.2020 01:00;9;5;4
17.01.2020 01:15;13;2;11
17.01.2020 01:30;9;4;5
17.01.2020 01:45;4;4;0
17.01.2020 02:00;6;4;2
17.01.2020 02:15;5;1;4
17.01.2020 02:30;8;5;3
17.01.2020 02:45;0;0;0
17.01.2020 03:00;2;1;1
17.01.2020 03:15;0;0;0
17.01.2020 03:30;0;0;0
17.01.2020 03:45;1;1;0
17.01.2020 04:00;1;1;0
17.01.2020 04:15;1;1;0
17.01.2020 04:30;0;0;0
17.01.2020 04:45;2;1;1
17.01.2020 05:00;7;6;1
17.01.2020 05:15;5;2;3
17.01.2020 05:30;23;18;5
17.01.2020 05:45;20;14;6
17.01.2020 06:00;28;20;8
17.01.2020 06:15;27;21;6
17.01.2020 06:30;43;23;20
17.01.2020 06:45;61;26;35
17.01.2020 07:00;80;47;33
17.01.2020 07:15;141;89;52
17.01.2020 07:30;378;229;149
17.01.2020 07:45;254;149;105
17.01.2020 08:00;152;74;78
17.01.2020 08:15;145;92;53
17.01.2020 08:30;171;97;74
17.01.2020 08:45;174;110;64
17.01.2020 09:00;156;98;58
17.01.2020 09:15;164;103;61
17.01.2020 09:30;174;102;72
17.01.2020 09:45;139;95;44
17.01.2020 10:00;106;70;36
17.01.2020 10:15;90;39;51
17.01.2020 10:30;95;43;52
17.01.2020 10:45;88;41;47
17.01.2020 11:00;115;57;58
17.01.2020 11:15;115;61;54
17.01.2020 11:30;141;74;67
17.01.2020 11:45;127;59;68
17.01.2020 12:00;140;58;82
17.01.2020 12:15;147;66;81
17.01.2020 12:30;177;85;92
17.01.2020 12:45;195;107;88
17.01.2020 13:00;321;81;240
17.01.2020 13:15;170;75;95
17.01.2020 13:30;115;44;71
17.01.2020 13:45;166;90;76
17.01.2020 14:00;159;69;90
17.01.2020 14:15;160;85;75
17.01.2020 14:30;147;78;69
17.01.2020 14:45;163;68;95
17.01.2020 15:00;143;61;82
17.01.2020 15:15;146;73;73
17.01.2020 15:30;155;82;73
17.01.2020 15:45;161;68;93
17.01.2020 16:00;154;70;84
17.01.2020 16:15;164;87;77
17.01.2020 16:30;143;51;92
17.01.2020 16:45;150;59;91
17.01.2020 17:00;135;52;83
17.01.2020 17:15;161;64;97
17.01.2020 17:30;142;63;79
17.01.2020 17:45;145;67;78
17.01.2020 18:00;115;47;68
17.01.2020 18:15;142;63;79
17.01.2020 18:30;123;55;68
17.01.2020 18:45;145;71;74
17.01.2020 19:00;111;54;57
17.01.2020 19:15;136;80;56
17.01.2020 19:30;108;61;47
17.01.2020 19:45;114;54;60
17.01.2020 20:00;84;38;46
17.01.2020 20:15;68;33;35
17.01.2020 20:30;67;23;44
17.01.2020 20:45;54;27;27
17.01.2020 21:00;58;28;30
17.01.2020 21:15;60;25;35
17.01.2020 21:30;40;18;22
17.01.2020 21:45;69;22;47
17.01.2020 22:00;42;14;28
17.01.2020 22:15;30;7;23
17.01.2020 22:30;37;15;22
17.01.2020 22:45;53;25;28
17.01.2020 23:00;43;14;29
17.01.2020 23:15;37;12;25
17.01.2020 23:30;42;17;25
17.01.2020 23:45;31;11;20
18.01.2020 00:00;38;8;30
18.01.2020 00:15;40;16;24
18.01.2020 00:30;37;19;18
18.01.2020 00:45;18;6;12
18.01.2020 01:00;36;12;24
18.01.2020 01:15;25;9;16
18.01.2020 01:30;17;6;11
18.01.2020 01:45;22;7;15
18.01.2020 02:00;8;2;6
18.01.2020 02:15;19;11;8
18.01.2020 02:30;13;4;9
18.01.2020 02:45;3;0;3
18.01.2020 03:00;5;0;5
18.01.2020 03:15;14;4;10
18.01.2020 03:30;5;2;3
18.01.2020 03:45;4;0;4
18.01.2020 04:00;5;3;2
18.01.2020 04:15;2;1;1
18.01.2020 04:30;4;1;3
18.01.2020 04:45;4;2;2
18.01.2020 05:00;2;1;1
18.01.2020 05:15;6;1;5
18.01.2020 05:30;2;2;0
18.01.2020 05:45;13;8;5
18.01.2020 06:00;12;9;3
18.01.2020 06:15;10;9;1
18.01.2020 06:30;7;7;0
18.01.2020 06:45;10;6;4
18.01.2020 07:00;13;8;5
18.01.2020 07:15;12;3;9
18.01.2020 07:30;18;7;11
18.01.2020 07:45;23;12;11
18.01.2020 08:00;19;9;10
18.01.2020 08:15;29;10;19
18.01.2020 08:30;23;16;7
18.01.2020 08:45;61;28;33
18.01.2020 09:00;52;35;17
18.01.2020 09:15;55;31;24
18.01.2020 09:30;75;47;28
18.01.2020 09:45;75;48;27
18.01.2020 10:00;89;44;45
18.01.2020 10:15;88;50;38
18.01.2020 10:30;99;71;28
18.01.2020 10:45;100;55;45
18.01.2020 11:00;95;45;50
18.01.2020 11:15;103;49;54
18.01.2020 11:30;99;57;42
18.01.2020 11:45;127;76;51
18.01.2020 12:00;124;59;65
18.01.2020 12:15;101;59;42
18.01.2020 12:30;118;71;47
18.01.2020 12:45;125;63;62
18.01.2020 13:00;104;55;49
18.01.2020 13:15;111;69;42
18.01.2020 13:30;101;46;55
18.01.2020 13:45;133;64;69
18.01.2020 14:00;121;71;50
18.01.2020 14:15;129;76;53
18.01.2020 14:30;100;49;51
18.01.2020 14:45;134;82;52
18.01.2020 15:00;119;51;68
18.01.2020 15:15;145;75;70
18.01.2020 15:30;137;65;72
18.01.2020 15:45;106;47;59
18.01.2020 16:00;101;40;61
18.01.2020 16:15;106;54;52
18.01.2020 16:30;93;43;50
18.01.2020 16:45;101;38;63
18.01.2020 17:00;102;45;57
18.01.2020 17:15;92;39;53
18.01.2020 17:30;108;44;64
18.01.2020 17:45;115;60;55
18.01.2020 18:00;107;45;62
18.01.2020 18:15;106;49;57
18.01.2020 18:30;80;26;54
18.01.2020 18:45;97;44;53
18.01.2020 19:00;110;51;59
18.01.2020 19:15;89;50;39
18.01.2020 19:30;92;49;43
18.01.2020 19:45;94;63;31
18.01.2020 20:00;81;44;37
18.01.2020 20:15;56;30;26
18.01.2020 20:30;53;25;28
18.01.2020 20:45;46;31;15
18.01.2020 21:00;44;23;21
18.01.2020 21:15;33;14;19
18.01.2020 21:30;61;29;32
18.01.2020 21:45;33;13;20
18.01.2020 22:00;45;19;26
18.01.2020 22:15;53;32;21
18.01.2020 22:30;48;15;33
18.01.2020 22:45;49;13;36
18.01.2020 23:00;43;20;23
18.01.2020 23:15;38;8;30
18.01.2020 23:30;50;19;31
18.01.2020 23:45;30;8;22
19.01.2020 00:00;43;10;33
19.01.2020 00:15;42;20;22
19.01.2020 00:30;22;9;13
19.01.2020 00:45;34;10;24
19.01.2020 01:00;27;8;19
19.01.2020 01:15;32;16;16
19.01.2020 01:30;16;4;12
19.01.2020 01:45;34;19;15
19.01.2020 02:00;12;4;8
19.01.2020 02:15;22;6;16
19.01.2020 02:30;8;0;8
19.01.2020 02:45;28;7;21
19.01.2020 03:00;18;4;14
19.01.2020 03:15;8;0;8
19.01.2020 03:30;6;2;4
19.01.2020 03:45;5;2;3
19.01.2020 04:00;6;3;3
19.01.2020 04:15;7;5;2
19.01.2020 04:30;3;2;1
19.01.2020 04:45;3;1;2
19.01.2020 05:00;6;3;3
19.01.2020 05:15;2;1;1
19.01.2020 05:30;3;2;1
19.01.2020 05:45;5;3;2
19.01.2020 06:00;4;3;1
19.01.2020 06:15;6;4;2
19.01.2020 06:30;5;4;1
19.01.2020 06:45;11;8;3
19.01.2020 07:00;2;1;1
19.01.2020 07:15;12;6;6
19.01.2020 07:30;10;5;5
19.01.2020 07:45;10;7;3
19.01.2020 08:00;5;1;4
19.01.2020 08:15;15;5;10
19.01.2020 08:30;17;5;12
19.01.2020 08:45;21;11;10
19.01.2020 09:00;22;11;11
19.01.2020 09:15;29;14;15
19.01.2020 09:30;33;19;14
19.01.2020 09:45;61;39;22
19.01.2020 10:00;41;27;14
19.01.2020 10:15;43;20;23
19.01.2020 10:30;48;30;18
19.01.2020 10:45;52;23;29
19.01.2020 11:00;53;30;23
19.01.2020 11:15;37;26;11
19.01.2020 11:30;48;16;32
19.01.2020 11:45;54;26;28
19.01.2020 12:00;54;27;27
19.01.2020 12:15;51;27;24
19.01.2020 12:30;46;17;29
19.01.2020 12:45;61;34;27
19.01.2020 13:00;65;25;40
19.01.2020 13:15;55;29;26
19.01.2020 13:30;64;44;20
19.01.2020 13:45;74;32;42
19.01.2020 14:00;77;32;45
19.01.2020 14:15;68;33;35
19.01.2020 14:30;61;23;38
19.01.2020 14:45;63;32;31
19.01.2020 15:00;58;28;30
19.01.2020 15:15;67;31;36
19.01.2020 15:30;69;28;41
19.01.2020 15:45;69;41;28
19.01.2020 16:00;49;23;26
19.01.2020 16:15;59;29;30
19.01.2020 16:30;70;32;38
19.01.2020 16:45;95;41;54
19.01.2020 17:00;77;37;40
19.01.2020 17:15;62;32;30
19.01.2020 17:30;64;23;41
19.01.2020 17:45;75;43;32
19.01.2020 18:00;72;36;36
19.01.2020 18:15;42;26;16
19.01.2020 18:30;51;31;20
19.01.2020 18:45;57;29;28
19.01.2020 19:00;36;14;22
19.01.2020 19:15;47;21;26
19.01.2020 19:30;44;24;20
19.01.2020 19:45;35;20;15
19.01.2020 20:00;56;21;35
19.01.2020 20:15;44;22;22
19.01.2020 20:30;44;24;20
19.01.2020 20:45;40;21;19
19.01.2020 21:00;31;17;14
19.01.2020 21:15;20;10;10
19.01.2020 21:30;21;4;17
19.01.2020 21:45;25;6;19
19.01.2020 22:00;27;12;15
19.01.2020 22:15;26;13;13
19.01.2020 22:30;24;12;12
19.01.2020 22:45;23;10;13
19.01.2020 23:00;13;6;7
19.01.2020 23:15;12;4;8
19.01.2020 23:30;10;3;7
19.01.2020 23:45;13;0;13
20.01.2020 00:00;9;1;8
20.01.2020 00:15;18;6;12
20.01.2020 00:30;6;1;5
20.01.2020 00:45;3;1;2
20.01.2020 01:00;3;0;3
20.01.2020 01:15;4;4;0
20.01.2020 01:30;3;1;2
20.01.2020 01:45;2;1;1
20.01.2020 02:00;5;2;3
20.01.2020 02:15;0;0;0
20.01.2020 02:30;0;0;0
20.01.2020 02:45;0;0;0
20.01.2020 03:00;2;0;2
20.01.2020 03:15;0;0;0
20.01.2020 03:30;1;1;0
20.01.2020 03:45;2;1;1
20.01.2020 04:00;0;0;0
20.01.2020 04:15;1;0;1
20.01.2020 04:30;2;1;1
20.01.2020 04:45;2;1;1
20.01.2020 05:00;1;1;0
20.01.2020 05:15;3;2;1
20.01.2020 05:30;12;6;6
20.01.2020 05:45;27;22;5
20.01.2020 06:00;19;12;7
20.01.2020 06:15;23;16;7
20.01.2020 06:30;46;29;17
20.01.2020 06:45;66;40;26
20.01.2020 07:00;54;30;24
20.01.2020 07:15;160;98;62
20.01.2020 07:30;358;229;129
20.01.2020 07:45;265;156;109
20.01.2020 08:00;151;73;78
20.01.2020 08:15;187;106;81
20.01.2020 08:30;154;68;86
20.01.2020 08:45;167;109;58
20.01.2020 09:00;123;78;45
20.01.2020 09:15;150;94;56
20.01.2020 09:30;189;123;66
20.01.2020 09:45;123;66;57
20.01.2020 10:00;83;42;41
20.01.2020 10:15;75;35;40
20.01.2020 10:30;56;33;23
20.01.2020 10:45;64;31;33
20.01.2020 11:00;111;62;49
20.01.2020 11:15;147;79;68
20.01.2020 11:30;86;44;42
20.01.2020 11:45;98;48;50
20.01.2020 12:00;79;40;39
20.01.2020 12:15;100;46;54
20.01.2020 12:30;85;40;45
20.01.2020 12:45;102;42;60
20.01.2020 13:00;239;59;180
20.01.2020 13:15;144;82;62
20.01.2020 13:30;133;69;64
20.01.2020 13:45;174;113;61
20.01.2020 14:00;125;57;68
20.01.2020 14:15;108;61;47
20.01.2020 14:30;91;38;53
20.01.2020 14:45;119;52;67
20.01.2020 15:00;116;64;52
20.01.2020 15:15;163;81;82
20.01.2020 15:30;270;111;159
20.01.2020 15:45;210;99;111
20.01.2020 16:00;128;61;67
20.01.2020 16:15;169;74;95
20.01.2020 16:30;183;68;115
20.01.2020 16:45;143;64;79
20.01.2020 17:00;177;79;98
20.01.2020 17:15;244;132;112
20.01.2020 17:30;184;84;100
20.01.2020 17:45;195;85;110
20.01.2020 18:00;170;74;96
20.01.2020 18:15;154;81;73
20.01.2020 18:30;145;66;79
20.01.2020 18:45;188;95;93
20.01.2020 19:00;157;59;98
20.01.2020 19:15;140;65;75
20.01.2020 19:30;84;41;43
20.01.2020 19:45;135;62;73
20.01.2020 20:00;105;46;59
20.01.2020 20:15;98;53;45
20.01.2020 20:30;66;29;37
20.01.2020 20:45;57;23;34
20.01.2020 21:00;61;20;41
20.01.2020 21:15;43;15;28
20.01.2020 21:30;50;22;28
20.01.2020 21:45;59;25;34
20.01.2020 22:00;54;18;36
20.01.2020 22:15;45;18;27
20.01.2020 22:30;52;16;36
20.01.2020 22:45;40;16;24
20.01.2020 23:00;28;7;21
20.01.2020 23:15;21;7;14
20.01.2020 23:30;28;15;13
20.01.2020 23:45;10;5;5
21.01.2020 00:00;14;2;12
21.01.2020 00:15;5;0;5
21.01.2020 00:30;6;3;3
21.01.2020 00:45;1;1;0
21.01.2020 01:00;6;1;5
21.01.2020 01:15;2;1;1
21.01.2020 01:30;3;0;3
21.01.2020 01:45;4;1;3
21.01.2020 02:00;0;0;0
21.01.2020 02:15;0;0;0
21.01.2020 02:30;1;1;0
21.01.2020 02:45;3;2;1
21.01.2020 03:00;3;1;2
21.01.2020 03:15;1;0;1
21.01.2020 03:30;2;0;2
21.01.2020 03:45;0;0;0
21.01.2020 04:00;3;3;0
21.01.2020 04:15;0;0;0
21.01.2020 04:30;1;1;0
21.01.2020 04:45;3;1;2
21.01.2020 05:00;3;1;2
21.01.2020 05:15;4;3;1
21.01.2020 05:30;11;7;4
21.01.2020 05:45;27;19;8
21.01.2020 06:00;24;15;9
21.01.2020 06:15;29;22;7
21.01.2020 06:30;39;21;18
21.01.2020 06:45;44;25;19
21.01.2020 07:00;65;36;29
21.01.2020 07:15;148;96;52
21.01.2020 07:30;358;221;137
21.01.2020 07:45;329;218;111
21.01.2020 08:00;171;98;73
21.01.2020 08:15;188;96;92
21.01.2020 08:30;149;85;64
21.01.2020 08:45;171;104;67
21.01.2020 09:00;126;76;50
21.01.2020 09:15;156;104;52
21.01.2020 09:30;215;128;87
21.01.2020 09:45;138;71;67
21.01.2020 10:00;100;63;37
21.01.2020 10:15;69;43;26
21.01.2020 10:30;71;43;28
21.01.2020 10:45;97;52;45
21.01.2020 11:00;119;41;78
21.01.2020 11:15;157;86;71
21.01.2020 11:30;108;52;56
21.01.2020 11:45;100;50;50
21.01.2020 12:00;112;42;70
21.01.2020 12:15;132;52;80
21.01.2020 12:30;108;37;71
21.01.2020 12:45;134;60;74
21.01.2020 13:00;236;62;174
21.01.2020 13:15;146;72;74
21.01.2020 13:30;135;69;66
21.01.2020 13:45;207;113;94
21.01.2020 14:00;106;44;62
21.01.2020 14:15;110;55;55
21.01.2020 14:30;117;60;57
21.01.2020 14:45;131;58;73
21.01.2020 15:00;139;77;62
21.01.2020 15:15;133;63;70
21.01.2020 15:30;296;132;164
21.01.2020 15:45;209;108;101
21.01.2020 16:00;122;51;71
21.01.2020 16:15;164;95;69
21.01.2020 16:30;159;68;91
21.01.2020 16:45;210;91;119
21.01.2020 17:00;217;96;121
21.01.2020 17:15;245;111;134
21.01.2020 17:30;173;73;100
21.01.2020 17:45;201;82;119
21.01.2020 18:00;158;64;94
21.01.2020 18:15;168;71;97
21.01.2020 18:30;135;51;84
21.01.2020 18:45;154;72;82
21.01.2020 19:00;162;53;109
21.01.2020 19:15;194;87;107
21.01.2020 19:30;148;73;75
21.01.2020 19:45;135;65;70
21.01.2020 20:00;86;32;54
21.01.2020 20:15;95;32;63
21.01.2020 20:30;57;27;30
21.01.2020 20:45;76;41;35
21.01.2020 21:00;60;26;34
21.01.2020 21:15;71;38;33
21.01.2020 21:30;61;23;38
21.01.2020 21:45;59;21;38
21.01.2020 22:00;70;20;50
21.01.2020 22:15;71;28;43
21.01.2020 22:30;60;15;45
21.01.2020 22:45;31;14;17
21.01.2020 23:00;26;7;19
21.01.2020 23:15;25;14;11
21.01.2020 23:30;20;6;14
21.01.2020 23:45;14;10;4
22.01.2020 00:00;9;1;8
22.01.2020 00:15;7;5;2
22.01.2020 00:30;8;2;6
22.01.2020 00:45;4;1;3
22.01.2020 01:00;7;3;4
22.01.2020 01:15;3;2;1
22.01.2020 01:30;4;3;1
22.01.2020 01:45;5;3;2
22.01.2020 02:00;4;1;3
22.01.2020 02:15;3;0;3
22.01.2020 02:30;0;0;0
22.01.2020 02:45;2;2;0
22.01.2020 03:00;3;2;1
22.01.2020 03:15;2;0;2
22.01.2020 03:30;0;0;0
22.01.2020 03:45;0;0;0
22.01.2020 04:00;0;0;0
22.01.2020 04:15;1;1;0
22.01.2020 04:30;5;3;2
22.01.2020 04:45;1;1;0
22.01.2020 05:00;2;1;1
22.01.2020 05:15;9;3;6
22.01.2020 05:30;13;8;5
22.01.2020 05:45;25;19;6
22.01.2020 06:00;25;13;12
22.01.2020 06:15;31;24;7
22.01.2020 06:30;36;21;15
22.01.2020 06:45;61;37;24
22.01.2020 07:00;60;41;19
22.01.2020 07:15;153;89;64
22.01.2020 07:30;356;220;136
22.01.2020 07:45;300;197;103
22.01.2020 08:00;178;99;79
22.01.2020 08:15;149;81;68
22.01.2020 08:30;157;98;59
22.01.2020 08:45;187;105;82
22.01.2020 09:00;149;96;53
22.01.2020 09:15;172;110;62
22.01.2020 09:30;197;125;72
22.01.2020 09:45;132;84;48
22.01.2020 10:00;85;51;34
22.01.2020 10:15;75;38;37
22.01.2020 10:30;81;50;31
22.01.2020 10:45;89;46;43
22.01.2020 11:00;82;46;36
22.01.2020 11:15;133;73;60
22.01.2020 11:30;95;42;53
22.01.2020 11:45;119;52;67
22.01.2020 12:00;84;33;51
22.01.2020 12:15;141;62;79
22.01.2020 12:30;114;41;73
22.01.2020 12:45;142;48;94
22.01.2020 13:00;239;74;165
22.01.2020 13:15;145;74;71
22.01.2020 13:30;128;65;63
22.01.2020 13:45;166;107;59
22.01.2020 14:00;106;52;54
22.01.2020 14:15;117;54;63
22.01.2020 14:30;107;53;54
22.01.2020 14:45;129;56;73
22.01.2020 15:00;132;65;67
22.01.2020 15:15;152;69;83
22.01.2020 15:30;252;95;157
22.01.2020 15:45;187;79;108
22.01.2020 16:00;122;55;67
22.01.2020 16:15;149;78;71
22.01.2020 16:30;172;83;89
22.01.2020 16:45;199;82;117
22.01.2020 17:00;204;71;133
22.01.2020 17:15;220;93;127
22.01.2020 17:30;146;57;89
22.01.2020 17:45;177;69;108
22.01.2020 18:00;169;70;99
22.01.2020 18:15;161;74;87
22.01.2020 18:30;141;53;88
22.01.2020 18:45;157;70;87
22.01.2020 19:00;137;50;87
22.01.2020 19:15;129;60;69
22.01.2020 19:30;106;66;40
22.01.2020 19:45;103;48;55
22.01.2020 20:00;117;56;61
22.01.2020 20:15;105;46;59
22.01.2020 20:30;71;31;40
22.01.2020 20:45;71;25;46
22.01.2020 21:00;70;16;54
22.01.2020 21:15;49;20;29
22.01.2020 21:30;57;16;41
22.01.2020 21:45;61;34;27
22.01.2020 22:00;69;28;41
22.01.2020 22:15;64;23;41
22.01.2020 22:30;55;27;28
22.01.2020 22:45;44;16;28
22.01.2020 23:00;44;13;31
22.01.2020 23:15;25;9;16
22.01.2020 23:30;21;8;13
22.01.2020 23:45;23;8;15
23.01.2020 00:00;13;6;7
23.01.2020 00:15;9;7;2
23.01.2020 00:30;8;0;8
23.01.2020 00:45;14;5;9
23.01.2020 01:00;2;0;2
23.01.2020 01:15;6;5;1
23.01.2020 01:30;3;1;2
23.01.2020 01:45;1;1;0
23.01.2020 02:00;6;5;1
23.01.2020 02:15;12;5;7
23.01.2020 02:30;2;2;0
23.01.2020 02:45;1;1;0
23.01.2020 03:00;1;0;1
23.01.2020 03:15;1;0;1
23.01.2020 03:30;1;1;0
23.01.2020 03:45;1;1;0
23.01.2020 04:00;7;4;3
23.01.2020 04:15;1;0;1
23.01.2020 04:30;5;5;0
23.01.2020 04:45;5;3;2
23.01.2020 05:00;2;1;1
23.01.2020 05:15;4;1;3
23.01.2020 05:30;18;13;5
23.01.2020 05:45;27;22;5
23.01.2020 06:00;21;13;8
23.01.2020 06:15;25;17;8
23.01.2020 06:30;43;25;18
23.01.2020 06:45;49;31;18
23.01.2020 07:00;57;28;29
23.01.2020 07:15;175;114;61
23.01.2020 07:30;353;201;152
23.01.2020 07:45;315;206;109
23.01.2020 08:00;177;96;81
23.01.2020 08:15;154;90;64
23.01.2020 08:30;156;91;65
23.01.2020 08:45;201;129;72
23.01.2020 09:00;138;80;58
23.01.2020 09:15;199;140;59
23.01.2020 09:30;175;116;59
23.01.2020 09:45;112;69;43
23.01.2020 10:00;89;45;44
23.01.2020 10:15;82;39;43
23.01.2020 10:30;81;50;31
23.01.2020 10:45;74;41;33
23.01.2020 11:00;92;42;50
23.01.2020 11:15;148;73;75
23.01.2020 11:30;114;59;55
23.01.2020 11:45;93;40;53
23.01.2020 12:00;101;45;56
23.01.2020 12:15;111;57;54
23.01.2020 12:30;112;45;67
23.01.2020 12:45;143;61;82
23.01.2020 13:00;230;60;170
23.01.2020 13:15;151;52;99
23.01.2020 13:30;127;61;66
23.01.2020 13:45;179;90;89
23.01.2020 14:00;98;42;56
23.01.2020 14:15;102;55;47
23.01.2020 14:30;90;41;49
23.01.2020 14:45;132;60;72
23.01.2020 15:00;110;57;53
23.01.2020 15:15;140;69;71
23.01.2020 15:30;292;140;152
23.01.2020 15:45;219;110;109
23.01.2020 16:00;155;76;79
23.01.2020 16:15;166;81;85
23.01.2020 16:30;177;74;103
23.01.2020 16:45;200;93;107
23.01.2020 17:00;191;85;106
23.01.2020 17:15;220;97;123
23.01.2020 17:30;193;97;96
23.01.2020 17:45;201;100;101
23.01.2020 18:00;173;69;104
23.01.2020 18:15;154;53;101
23.01.2020 18:30;155;65;90
23.01.2020 18:45;185;83;102
23.01.2020 19:00;127;46;81
23.01.2020 19:15;156;86;70
23.01.2020 19:30;114;57;57
23.01.2020 19:45;131;70;61
23.01.2020 20:00;102;55;47
23.01.2020 20:15;106;49;57
23.01.2020 20:30;68;37;31
23.01.2020 20:45;59;24;35
23.01.2020 21:00;71;34;37
23.01.2020 21:15;61;20;41
23.01.2020 21:30;62;28;34
23.01.2020 21:45;56;20;36
23.01.2020 22:00;60;21;39
23.01.2020 22:15;67;27;40
23.01.2020 22:30;53;23;30
23.01.2020 22:45;55;20;35
23.01.2020 23:00;41;17;24
23.01.2020 23:15;26;5;21
23.01.2020 23:30;33;9;24
23.01.2020 23:45;20;6;14
24.01.2020 00:00;12;4;8
24.01.2020 00:15;16;5;11
24.01.2020 00:30;19;7;12
24.01.2020 00:45;13;5;8
24.01.2020 01:00;13;2;11
24.01.2020 01:15;15;2;13
24.01.2020 01:30;9;6;3
24.01.2020 01:45;1;0;1
24.01.2020 02:00;9;5;4
24.01.2020 02:15;1;1;0
24.01.2020 02:30;1;1;0
24.01.2020 02:45;1;0;1
24.01.2020 03:00;1;1;0
24.01.2020 03:15;0;0;0
24.01.2020 03:30;2;1;1
24.01.2020 03:45;0;0;0
24.01.2020 04:00;1;0;1
24.01.2020 04:15;2;1;1
24.01.2020 04:30;1;1;0
24.01.2020 04:45;0;0;0
24.01.2020 05:00;2;1;1
24.01.2020 05:15;3;1;2
24.01.2020 05:30;10;7;3
24.01.2020 05:45;18;14;4
24.01.2020 06:00;25;18;7
24.01.2020 06:15;29;24;5
24.01.2020 06:30;34;21;13
24.01.2020 06:45;57;26;31
24.01.2020 07:00;61;28;33
24.01.2020 07:15;150;103;47
24.01.2020 07:30;344;200;144
24.01.2020 07:45;240;151;89
24.01.2020 08:00;156;101;55
24.01.2020 08:15;144;88;56
24.01.2020 08:30;134;81;53
24.01.2020 08:45;188;120;68
24.01.2020 09:00;125;79;46
24.01.2020 09:15;147;90;57
24.01.2020 09:30;174;98;76
24.01.2020 09:45;122;71;51
24.01.2020 10:00;102;65;37
24.01.2020 10:15;105;58;47
24.01.2020 10:30;91;46;45
24.01.2020 10:45;88;44;44
24.01.2020 11:00;106;55;51
24.01.2020 11:15;126;67;59
24.01.2020 11:30;105;55;50
24.01.2020 11:45;128;61;67
24.01.2020 12:00;112;44;68
24.01.2020 12:15;161;83;78
24.01.2020 12:30;143;62;81
24.01.2020 12:45;158;75;83
24.01.2020 13:00;330;91;239
24.01.2020 13:15;178;74;104
24.01.2020 13:30;131;69;62
24.01.2020 13:45;146;69;77
24.01.2020 14:00;104;57;47
24.01.2020 14:15;130;55;75
24.01.2020 14:30;132;58;74
24.01.2020 14:45;141;73;68
24.01.2020 15:00;136;72;64
24.01.2020 15:15;156;82;74
24.01.2020 15:30;147;65;82
24.01.2020 15:45;168;80;88
24.01.2020 16:00;151;61;90
24.01.2020 16:15;148;61;87
24.01.2020 16:30;142;61;81
24.01.2020 16:45;157;81;76
24.01.2020 17:00;141;67;74
24.01.2020 17:15;166;65;101
24.01.2020 17:30;141;70;71
24.01.2020 17:45;163;61;102
24.01.2020 18:00;130;55;75
24.01.2020 18:15;140;67;73
24.01.2020 18:30;124;56;68
24.01.2020 18:45;151;85;66
24.01.2020 19:00;110;44;66
24.01.2020 19:15;135;58;77
24.01.2020 19:30;95;46;49
24.01.2020 19:45;95;43;52
24.01.2020 20:00;87;31;56
24.01.2020 20:15;69;30;39
24.01.2020 20:30;67;30;37
24.01.2020 20:45;53;31;22
24.01.2020 21:00;66;29;37
24.01.2020 21:15;45;23;22
24.01.2020 21:30;43;19;24
24.01.2020 21:45;50;21;29
24.01.2020 22:00;42;17;25
24.01.2020 22:15;39;15;24
24.01.2020 22:30;47;17;30
24.01.2020 22:45;32;9;23
24.01.2020 23:00;27;10;17
24.01.2020 23:15;55;27;28
24.01.2020 23:30;36;18;18
24.01.2020 23:45;29;13;16
25.01.2020 00:00;51;17;34
25.01.2020 00:15;32;10;22
25.01.2020 00:30;19;5;14
25.01.2020 00:45;20;1;19
25.01.2020 01:00;34;8;26
25.01.2020 01:15;22;10;12
25.01.2020 01:30;13;5;8
25.01.2020 01:45;24;4;20
25.01.2020 02:00;14;6;8
25.01.2020 02:15;18;11;7
25.01.2020 02:30;11;5;6
25.01.2020 02:45;14;10;4
25.01.2020 03:00;14;4;10
25.01.2020 03:15;8;5;3
25.01.2020 03:30;5;1;4
25.01.2020 03:45;5;3;2
25.01.2020 04:00;3;1;2
25.01.2020 04:15;0;0;0
25.01.2020 04:30;5;2;3
25.01.2020 04:45;5;3;2
25.01.2020 05:00;3;1;2
25.01.2020 05:15;4;2;2
25.01.2020 05:30;3;1;2
25.01.2020 05:45;14;10;4
25.01.2020 06:00;8;6;2
25.01.2020 06:15;4;1;3
25.01.2020 06:30;6;3;3
25.01.2020 06:45;9;3;6
25.01.2020 07:00;5;2;3
25.01.2020 07:15;13;9;4
25.01.2020 07:30;10;6;4
25.01.2020 07:45;30;17;13
25.01.2020 08:00;20;12;8
25.01.2020 08:15;24;15;9
25.01.2020 08:30;33;15;18
25.01.2020 08:45;69;34;35
25.01.2020 09:00;57;40;17
25.01.2020 09:15;62;37;25
25.01.2020 09:30;80;55;25
25.01.2020 09:45;102;70;32
25.01.2020 10:00;75;51;24
25.01.2020 10:15;83;52;31
25.01.2020 10:30;73;43;30
25.01.2020 10:45;93;53;40
25.01.2020 11:00;97;43;54
25.01.2020 11:15;79;38;41
25.01.2020 11:30;66;31;35
25.01.2020 11:45;102;52;50
25.01.2020 12:00;97;49;48
25.01.2020 12:15;117;59;58
25.01.2020 12:30;90;47;43
25.01.2020 12:45;114;59;55
25.01.2020 13:00;81;42;39
25.01.2020 13:15;98;52;46
25.01.2020 13:30;79;51;28
25.01.2020 13:45;131;56;75
25.01.2020 14:00;107;52;55
25.01.2020 14:15;104;51;53
25.01.2020 14:30;83;45;38
25.01.2020 14:45;101;53;48
25.01.2020 15:00;92;35;57
25.01.2020 15:15;85;50;35
25.01.2020 15:30;104;55;49
25.01.2020 15:45;103;54;49
25.01.2020 16:00;102;55;47
25.01.2020 16:15;103;55;48
25.01.2020 16:30;75;34;41
25.01.2020 16:45;95;46;49
25.01.2020 17:00;105;46;59
25.01.2020 17:15;75;33;42
25.01.2020 17:30;92;36;56
25.01.2020 17:45;97;35;62
25.01.2020 18:00;75;26;49
25.01.2020 18:15;88;36;52
25.01.2020 18:30;88;35;53
25.01.2020 18:45;98;47;51
25.01.2020 19:00;97;46;51
25.01.2020 19:15;74;46;28
25.01.2020 19:30;73;29;44
25.01.2020 19:45;66;35;31
25.01.2020 20:00;60;25;35
25.01.2020 20:15;77;37;40
25.01.2020 20:30;56;33;23
25.01.2020 20:45;48;21;27
25.01.2020 21:00;59;41;18
25.01.2020 21:15;56;25;31
25.01.2020 21:30;54;23;31
25.01.2020 21:45;35;19;16
25.01.2020 22:00;44;18;26
25.01.2020 22:15;47;22;25
25.01.2020 22:30;34;21;13
25.01.2020 22:45;34;8;26
25.01.2020 23:00;46;17;29
25.01.2020 23:15;24;10;14
25.01.2020 23:30;43;15;28
25.01.2020 23:45;42;10;32
26.01.2020 00:00;26;10;16
26.01.2020 00:15;33;11;22
26.01.2020 00:30;27;15;12
26.01.2020 00:45;35;9;26
26.01.2020 01:00;15;4;11
26.01.2020 01:15;18;6;12
26.01.2020 01:30;21;10;11
26.01.2020 01:45;17;3;14
26.01.2020 02:00;13;4;9
26.01.2020 02:15;15;4;11
26.01.2020 02:30;8;6;2
26.01.2020 02:45;19;5;14
26.01.2020 03:00;16;6;10
26.01.2020 03:15;8;2;6
26.01.2020 03:30;8;2;6
26.01.2020 03:45;8;0;8
26.01.2020 04:00;2;0;2
26.01.2020 04:15;8;1;7
26.01.2020 04:30;3;0;3
26.01.2020 04:45;9;1;8
26.01.2020 05:00;1;0;1
26.01.2020 05:15;8;2;6
26.01.2020 05:30;5;1;4
26.01.2020 05:45;11;5;6
26.01.2020 06:00;6;2;4
26.01.2020 06:15;11;9;2
26.01.2020 06:30;3;1;2
26.01.2020 06:45;9;6;3
26.01.2020 07:00;4;1;3
26.01.2020 07:15;5;5;0
26.01.2020 07:30;12;5;7
26.01.2020 07:45;11;4;7
26.01.2020 08:00;10;2;8
26.01.2020 08:15;10;7;3
26.01.2020 08:30;14;6;8
26.01.2020 08:45;33;20;13
26.01.2020 09:00;31;18;13
26.01.2020 09:15;27;16;11
26.01.2020 09:30;41;20;21
26.01.2020 09:45;83;43;40
26.01.2020 10:00;44;28;16
26.01.2020 10:15;32;16;16
26.01.2020 10:30;43;24;19
26.01.2020 10:45;37;16;21
26.01.2020 11:00;73;33;40
26.01.2020 11:15;40;19;21
26.01.2020 11:30;32;15;17
26.01.2020 11:45;50;21;29
26.01.2020 12:00;38;20;18
26.01.2020 12:15;54;27;27
26.01.2020 12:30;50;26;24
26.01.2020 12:45;42;19;23
26.01.2020 13:00;43;27;16
26.01.2020 13:15;37;22;15
26.01.2020 13:30;49;22;27
26.01.2020 13:45;60;22;38
26.01.2020 14:00;56;23;33
26.01.2020 14:15;70;36;34
26.01.2020 14:30;50;23;27
26.01.2020 14:45;57;25;32
26.01.2020 15:00;70;43;27
26.01.2020 15:15;36;23;13
26.01.2020 15:30;60;31;29
26.01.2020 15:45;68;34;34
26.01.2020 16:00;59;33;26
26.01.2020 16:15;59;32;27
26.01.2020 16:30;46;21;25
26.01.2020 16:45;62;23;39
26.01.2020 17:00;55;24;31
26.01.2020 17:15;65;30;35
26.01.2020 17:30;64;28;36
26.01.2020 17:45;80;40;40
26.01.2020 18:00;60;32;28
26.01.2020 18:15;60;35;25
26.01.2020 18:30;74;26;48
26.01.2020 18:45;54;26;28
26.01.2020 19:00;54;22;32
26.01.2020 19:15;66;38;28
26.01.2020 19:30;53;22;31
26.01.2020 19:45;45;20;25
26.01.2020 20:00;36;11;25
26.01.2020 20:15;40;19;21
26.01.2020 20:30;21;8;13
26.01.2020 20:45;38;16;22
26.01.2020 21:00;21;8;13
26.01.2020 21:15;22;7;15
26.01.2020 21:30;29;15;14
26.01.2020 21:45;19;11;8
26.01.2020 22:00;24;11;13
26.01.2020 22:15;30;6;24
26.01.2020 22:30;27;9;18
26.01.2020 22:45;10;5;5
26.01.2020 23:00;17;8;9
26.01.2020 23:15;15;9;6
26.01.2020 23:30;6;5;1
26.01.2020 23:45;10;3;7
27.01.2020 00:00;9;2;7
27.01.2020 00:15;6;1;5
27.01.2020 00:30;4;2;2
27.01.2020 00:45;3;2;1
27.01.2020 01:00;7;3;4
27.01.2020 01:15;5;1;4
27.01.2020 01:30;0;0;0
27.01.2020 01:45;3;2;1
27.01.2020 02:00;1;0;1
27.01.2020 02:15;0;0;0
27.01.2020 02:30;0;0;0
27.01.2020 02:45;2;1;1
27.01.2020 03:00;1;1;0
27.01.2020 03:15;1;0;1
27.01.2020 03:30;0;0;0
27.01.2020 03:45;3;1;2
27.01.2020 04:00;0;0;0
27.01.2020 04:15;0;0;0
27.01.2020 04:30;1;0;1
27.01.2020 04:45;4;0;4
27.01.2020 05:00;3;3;0
27.01.2020 05:15;2;1;1
27.01.2020 05:30;12;9;3
27.01.2020 05:45;22;12;10
27.01.2020 06:00;16;11;5
27.01.2020 06:15;25;20;5
27.01.2020 06:30;55;31;24
27.01.2020 06:45;57;38;19
27.01.2020 07:00;63;30;33
27.01.2020 07:15;147;93;54
27.01.2020 07:30;390;257;133
27.01.2020 07:45;241;130;111
27.01.2020 08:00;168;95;73
27.01.2020 08:15;171;94;77
27.01.2020 08:30;132;62;70
27.01.2020 08:45;170;104;66
27.01.2020 09:00;115;69;46
27.01.2020 09:15;164;94;70
27.01.2020 09:30;139;65;74
27.01.2020 09:45;106;58;48
27.01.2020 10:00;90;54;36
27.01.2020 10:15;108;60;48
27.01.2020 10:30;102;57;45
27.01.2020 10:45;92;56;36
27.01.2020 11:00;95;45;50
27.01.2020 11:15;112;63;49
27.01.2020 11:30;99;43;56
27.01.2020 11:45;114;57;57
27.01.2020 12:00;109;45;64
27.01.2020 12:15;126;53;73
27.01.2020 12:30;134;53;81
27.01.2020 12:45;139;55;84
27.01.2020 13:00;203;62;141
27.01.2020 13:15;141;63;78
27.01.2020 13:30;124;59;65
27.01.2020 13:45;192;111;81
27.01.2020 14:00;122;69;53
27.01.2020 14:15;131;70;61
27.01.2020 14:30;110;52;58
27.01.2020 14:45;115;61;54
27.01.2020 15:00;123;63;60
27.01.2020 15:15;142;73;69
27.01.2020 15:30;256;113;143
27.01.2020 15:45;208;111;97
27.01.2020 16:00;135;56;79
27.01.2020 16:15;164;83;81
27.01.2020 16:30;182;71;111
27.01.2020 16:45;171;77;94
27.01.2020 17:00;180;80;100
27.01.2020 17:15;219;111;108
27.01.2020 17:30;168;73;95
27.01.2020 17:45;183;72;111
27.01.2020 18:00;161;67;94
27.01.2020 18:15;164;91;73
27.01.2020 18:30;142;63;79
27.01.2020 18:45;158;74;84
27.01.2020 19:00;108;45;63
27.01.2020 19:15;130;58;72
27.01.2020 19:30;107;66;41
27.01.2020 19:45;86;39;47
27.01.2020 20:00;107;48;59
27.01.2020 20:15;97;44;53
27.01.2020 20:30;84;28;56
27.01.2020 20:45;49;26;23
27.01.2020 21:00;51;19;32
27.01.2020 21:15;45;14;31
27.01.2020 21:30;58;25;33
27.01.2020 21:45;36;13;23
27.01.2020 22:00;44;17;27
27.01.2020 22:15;45;19;26
27.01.2020 22:30;30;7;23
27.01.2020 22:45;29;13;16
27.01.2020 23:00;36;13;23
27.01.2020 23:15;22;11;11
27.01.2020 23:30;28;13;15
27.01.2020 23:45;13;8;5
28.01.2020 00:00;24;13;11
28.01.2020 00:15;11;3;8
28.01.2020 00:30;5;0;5
28.01.2020 00:45;5;0;5
28.01.2020 01:00;7;2;5
28.01.2020 01:15;3;0;3
28.01.2020 01:30;0;0;0
28.01.2020 01:45;4;2;2
28.01.2020 02:00;4;1;3
28.01.2020 02:15;0;0;0
28.01.2020 02:30;0;0;0
28.01.2020 02:45;0;0;0
28.01.2020 03:00;1;0;1
28.01.2020 03:15;0;0;0
28.01.2020 03:30;2;0;2
28.01.2020 03:45;3;1;2
28.01.2020 04:00;0;0;0
28.01.2020 04:15;0;0;0
28.01.2020 04:30;2;1;1
28.01.2020 04:45;0;0;0
28.01.2020 05:00;2;1;1
28.01.2020 05:15;4;3;1
28.01.2020 05:30;9;5;4
28.01.2020 05:45;20;14;6
28.01.2020 06:00;27;14;13
28.01.2020 06:15;25;17;8
28.01.2020 06:30;35;17;18
28.01.2020 06:45;54;29;25
28.01.2020 07:00;62;33;29
28.01.2020 07:15;148;85;63
28.01.2020 07:30;334;217;117
28.01.2020 07:45;181;107;74
28.01.2020 08:00;151;83;68
28.01.2020 08:15;136;82;54
28.01.2020 08:30;93;60;33
28.01.2020 08:45;100;64;36
28.01.2020 09:00;90;58;32
28.01.2020 09:15;121;65;56
28.01.2020 09:30;108;52;56
28.01.2020 09:45;106;54;52
28.01.2020 10:00;65;40;25
28.01.2020 10:15;63;35;28
28.01.2020 10:30;37;25;12
28.01.2020 10:45;44;30;14
28.01.2020 11:00;85;35;50
28.01.2020 11:15;68;33;35
28.01.2020 11:30;61;33;28
28.01.2020 11:45;52;21;31
28.01.2020 12:00;66;31;35
28.01.2020 12:15;102;29;73
28.01.2020 12:30;92;33;59
28.01.2020 12:45;117;48;69
28.01.2020 13:00;213;71;142
28.01.2020 13:15;104;55;49
28.01.2020 13:30;113;49;64
28.01.2020 13:45;118;63;55
28.01.2020 14:00;98;47;51
28.01.2020 14:15;94;56;38
28.01.2020 14:30;90;34;56
28.01.2020 14:45;110;56;54
28.01.2020 15:00;89;41;48
28.01.2020 15:15;112;52;60
28.01.2020 15:30;142;68;74
28.01.2020 15:45;127;62;65
28.01.2020 16:00;124;66;58
28.01.2020 16:15;114;51;63
28.01.2020 16:30;133;62;71
28.01.2020 16:45;138;82;56
28.01.2020 17:00;125;69;56
28.01.2020 17:15;160;79;81
28.01.2020 17:30;133;66;67
28.01.2020 17:45;112;37;75
28.01.2020 18:00;108;38;70
28.01.2020 18:15;135;63;72
28.01.2020 18:30;87;39;48
28.01.2020 18:45;102;39;63
28.01.2020 19:00;90;39;51
28.01.2020 19:15;83;32;51
28.01.2020 19:30;89;34;55
28.01.2020 19:45;85;37;48
28.01.2020 20:00;59;20;39
28.01.2020 20:15;60;29;31
28.01.2020 20:30;52;16;36
28.01.2020 20:45;25;8;17
28.01.2020 21:00;38;17;21
28.01.2020 21:15;46;14;32
28.01.2020 21:30;43;18;25
28.01.2020 21:45;35;12;23
28.01.2020 22:00;58;24;34
28.01.2020 22:15;33;13;20
28.01.2020 22:30;24;7;17
28.01.2020 22:45;29;11;18
28.01.2020 23:00;23;9;14
28.01.2020 23:15;19;11;8
28.01.2020 23:30;14;7;7
28.01.2020 23:45;9;5;4
29.01.2020 00:00;14;3;11
29.01.2020 00:15;6;2;4
29.01.2020 00:30;5;0;5
29.01.2020 00:45;7;0;7
29.01.2020 01:00;8;3;5
29.01.2020 01:15;7;6;1
29.01.2020 01:30;4;2;2
29.01.2020 01:45;3;3;0
29.01.2020 02:00;2;1;1
29.01.2020 02:15;0;0;0
29.01.2020 02:30;1;1;0
29.01.2020 02:45;0;0;0
29.01.2020 03:00;1;0;1
29.01.2020 03:15;2;0;2
29.01.2020 03:30;0;0;0
29.01.2020 03:45;1;1;0
29.01.2020 04:00;0;0;0
29.01.2020 04:15;0;0;0
29.01.2020 04:30;1;1;0
29.01.2020 04:45;1;0;1
29.01.2020 05:00;2;1;1
29.01.2020 05:15;3;0;3
29.01.2020 05:30;10;6;4
29.01.2020 05:45;26;20;6
29.01.2020 06:00;23;18;5
29.01.2020 06:15;19;15;4
29.01.2020 06:30;48;28;20
29.01.2020 06:45;44;26;18
29.01.2020 07:00;64;40;24
29.01.2020 07:15;132;85;47
29.01.2020 07:30;300;165;135
29.01.2020 07:45;220;117;103
29.01.2020 08:00;146;74;72
29.01.2020 08:15;155;92;63
29.01.2020 08:30;121;70;51
29.01.2020 08:45;149;100;49
29.01.2020 09:00;116;90;26
29.01.2020 09:15;148;98;50
29.01.2020 09:30;138;72;66
29.01.2020 09:45;126;78;48
29.01.2020 10:00;87;41;46
29.01.2020 10:15;94;50;44
29.01.2020 10:30;86;51;35
29.01.2020 10:45;89;52;37
29.01.2020 11:00;81;38;43
29.01.2020 11:15;117;55;62
29.01.2020 11:30;86;49;37
29.01.2020 11:45;102;48;54
29.01.2020 12:00;98;38;60
29.01.2020 12:15;128;46;82
29.01.2020 12:30;113;43;70
29.01.2020 12:45;124;62;62
29.01.2020 13:00;261;87;174
29.01.2020 13:15;151;75;76
29.01.2020 13:30;120;68;52
29.01.2020 13:45;123;70;53
29.01.2020 14:00;105;51;54
29.01.2020 14:15;112;56;56
29.01.2020 14:30;96;43;53
29.01.2020 14:45;137;69;68
29.01.2020 15:00;115;54;61
29.01.2020 15:15;142;73;69
29.01.2020 15:30;148;65;83
29.01.2020 15:45;133;58;75
29.01.2020 16:00;135;54;81
29.01.2020 16:15;152;63;89
29.01.2020 16:30;154;61;93
29.01.2020 16:45;142;68;74
29.01.2020 17:00;164;77;87
29.01.2020 17:15;197;111;86
29.01.2020 17:30;132;49;83
29.01.2020 17:45;164;86;78
29.01.2020 18:00;189;86;103
29.01.2020 18:15;162;60;102
29.01.2020 18:30;136;56;80
29.01.2020 18:45;155;64;91
29.01.2020 19:00;135;62;73
29.01.2020 19:15;110;43;67
29.01.2020 19:30;105;57;48
29.01.2020 19:45;97;53;44
29.01.2020 20:00;107;36;71
29.01.2020 20:15;80;39;41
29.01.2020 20:30;71;27;44
29.01.2020 20:45;62;25;37
29.01.2020 21:00;53;24;29
29.01.2020 21:15;48;23;25
29.01.2020 21:30;52;23;29
29.01.2020 21:45;62;29;33
29.01.2020 22:00;49;27;22
29.01.2020 22:15;63;24;39
29.01.2020 22:30;60;35;25
29.01.2020 22:45;37;14;23
29.01.2020 23:00;21;12;9
29.01.2020 23:15;31;10;21
29.01.2020 23:30;23;10;13
29.01.2020 23:45;14;6;8
30.01.2020 00:00;21;5;16
30.01.2020 00:15;11;7;4
30.01.2020 00:30;20;6;14
30.01.2020 00:45;10;3;7
30.01.2020 01:00;2;0;2
30.01.2020 01:15;6;2;4
30.01.2020 01:30;3;1;2
30.01.2020 01:45;4;2;2
30.01.2020 02:00;5;4;1
30.01.2020 02:15;5;2;3
30.01.2020 02:30;1;1;0
30.01.2020 02:45;0;0;0
30.01.2020 03:00;1;0;1
30.01.2020 03:15;1;0;1
30.01.2020 03:30;5;1;4
30.01.2020 03:45;1;1;0
30.01.2020 04:00;1;0;1
30.01.2020 04:15;1;0;1
30.01.2020 04:30;1;1;0
30.01.2020 04:45;6;3;3
30.01.2020 05:00;1;1;0
30.01.2020 05:15;6;4;2
30.01.2020 05:30;15;9;6
30.01.2020 05:45;31;21;10
30.01.2020 06:00;12;7;5
30.01.2020 06:15;27;16;11
30.01.2020 06:30;42;21;21
30.01.2020 06:45;61;35;26
30.01.2020 07:00;56;29;27
30.01.2020 07:15;180;125;55
30.01.2020 07:30;350;210;140
30.01.2020 07:45;199;99;100
30.01.2020 08:00;171;102;69
30.01.2020 08:15;198;117;81
30.01.2020 08:30;137;91;46
30.01.2020 08:45;163;96;67
30.01.2020 09:00;154;95;59
30.01.2020 09:15;171;121;50
30.01.2020 09:30;164;86;78
30.01.2020 09:45;156;83;73
30.01.2020 10:00;86;58;28
30.01.2020 10:15;88;37;51
30.01.2020 10:30;80;43;37
30.01.2020 10:45;107;62;45
30.01.2020 11:00;102;45;57
30.01.2020 11:15;140;68;72
30.01.2020 11:30;93;49;44
30.01.2020 11:45;132;70;62
30.01.2020 12:00;110;45;65
30.01.2020 12:15;143;63;80
30.01.2020 12:30;117;48;69
30.01.2020 12:45;158;72;86
30.01.2020 13:00;237;66;171
30.01.2020 13:15;150;68;82
30.01.2020 13:30;153;71;82
30.01.2020 13:45;170;91;79
30.01.2020 14:00;134;67;67
30.01.2020 14:15;141;74;67
30.01.2020 14:30;125;43;82
30.01.2020 14:45;137;64;73
30.01.2020 15:00;132;65;67
30.01.2020 15:15;162;88;74
30.01.2020 15:30;236;109;127
30.01.2020 15:45;189;96;93
30.01.2020 16:00;165;74;91
30.01.2020 16:15;166;82;84
30.01.2020 16:30;170;78;92
30.01.2020 16:45;162;68;94
30.01.2020 17:00;200;86;114
30.01.2020 17:15;233;100;133
30.01.2020 17:30;171;88;83
30.01.2020 17:45;199;96;103
30.01.2020 18:00;176;72;104
30.01.2020 18:15;169;75;94
30.01.2020 18:30;145;67;78
30.01.2020 18:45;168;89;79
30.01.2020 19:00;126;57;69
30.01.2020 19:15;86;46;40
30.01.2020 19:30;94;51;43
30.01.2020 19:45;123;64;59
30.01.2020 20:00;116;48;68
30.01.2020 20:15;64;19;45
30.01.2020 20:30;60;29;31
30.01.2020 20:45;46;18;28
30.01.2020 21:00;62;37;25
30.01.2020 21:15;51;26;25
30.01.2020 21:30;53;20;33
30.01.2020 21:45;57;22;35
30.01.2020 22:00;61;27;34
30.01.2020 22:15;59;26;33
30.01.2020 22:30;41;17;24
30.01.2020 22:45;33;13;20
30.01.2020 23:00;40;12;28
30.01.2020 23:15;37;12;25
30.01.2020 23:30;29;10;19
30.01.2020 23:45;15;4;11
31.01.2020 00:00;13;4;9
31.01.2020 00:15;19;2;17
31.01.2020 00:30;9;2;7
31.01.2020 00:45;12;6;6
31.01.2020 01:00;11;3;8
31.01.2020 01:15;4;0;4
31.01.2020 01:30;3;1;2
31.01.2020 01:45;9;5;4
31.01.2020 02:00;3;0;3
31.01.2020 02:15;3;0;3
31.01.2020 02:30;1;0;1
31.01.2020 02:45;0;0;0
31.01.2020 03:00;2;0;2
31.01.2020 03:15;4;0;4
31.01.2020 03:30;2;2;0
31.01.2020 03:45;1;1;0
31.01.2020 04:00;3;1;2
31.01.2020 04:15;0;0;0
31.01.2020 04:30;0;0;0
31.01.2020 04:45;2;1;1
31.01.2020 05:00;2;1;1
31.01.2020 05:15;2;1;1
31.01.2020 05:30;10;7;3
31.01.2020 05:45;23;17;6
31.01.2020 06:00;22;18;4
31.01.2020 06:15;31;27;4
31.01.2020 06:30;33;20;13
31.01.2020 06:45;51;23;28
31.01.2020 07:00;52;27;25
31.01.2020 07:15;167;114;53
31.01.2020 07:30;326;206;120
31.01.2020 07:45;187;103;84
31.01.2020 08:00;136;82;54
31.01.2020 08:15;171;107;64
31.01.2020 08:30;147;88;59
31.01.2020 08:45;189;119;70
31.01.2020 09:00;121;75;46
31.01.2020 09:15;175;116;59
31.01.2020 09:30;152;89;63
31.01.2020 09:45;131;73;58
31.01.2020 10:00;112;67;45
31.01.2020 10:15;102;65;37
31.01.2020 10:30;125;75;50
31.01.2020 10:45;125;57;68
31.01.2020 11:00;113;52;61
31.01.2020 11:15;141;79;62
31.01.2020 11:30;126;74;52
31.01.2020 11:45;141;59;82
31.01.2020 12:00;116;54;62
31.01.2020 12:15;160;81;79
31.01.2020 12:30;181;99;82
31.01.2020 12:45;176;73;103
31.01.2020 13:00;287;75;212
31.01.2020 13:15;162;69;93
31.01.2020 13:30;153;71;82
31.01.2020 13:45;126;68;58
31.01.2020 14:00;120;49;71
31.01.2020 14:15;129;59;70
31.01.2020 14:30;141;65;76
31.01.2020 14:45;166;77;89
31.01.2020 15:00;127;66;61
31.01.2020 15:15;174;85;89
31.01.2020 15:30;151;81;70
31.01.2020 15:45;151;68;83
31.01.2020 16:00;163;78;85
31.01.2020 16:15;157;78;79
31.01.2020 16:30;142;59;83
31.01.2020 16:45;180;78;102
31.01.2020 17:00;153;66;87
31.01.2020 17:15;174;67;107
31.01.2020 17:30;150;75;75
31.01.2020 17:45;173;73;100
31.01.2020 18:00;153;65;88
31.01.2020 18:15;163;83;80
31.01.2020 18:30;138;69;69
31.01.2020 18:45;155;69;86
31.01.2020 19:00;116;54;62
31.01.2020 19:15;118;61;57
31.01.2020 19:30;89;39;50
31.01.2020 19:45;104;47;57
31.01.2020 20:00;88;37;51
31.01.2020 20:15;89;46;43
31.01.2020 20:30;65;34;31
31.01.2020 20:45;62;26;36
31.01.2020 21:00;73;43;30
31.01.2020 21:15;63;31;32
31.01.2020 21:30;44;15;29
31.01.2020 21:45;56;26;30
31.01.2020 22:00;50;25;25
31.01.2020 22:15;54;24;30
31.01.2020 22:30;35;11;24
31.01.2020 22:45;38;22;16
31.01.2020 23:00;41;22;19
31.01.2020 23:15;27;11;16
31.01.2020 23:30;43;10;33
31.01.2020 23:45;47;17;30
;31;8;23
;46;14;32
;28;6;22
;27;8;19
;25;2;23
;20;7;13
;18;5;13
;32;5;27
;15;5;10
;13;1;12
;16;6;10
;8;2;6
;19;10;9
;13;3;10
;9;2;7
;4;1;3
;3;0;3
;4;1;3
;1;0;1
;5;1;4
;2;2;0
;5;3;2
;14;7;7
;10;7;3
;8;8;0
;13;12;1
;9;5;4
;11;6;5
;5;4;1
;12;10;2
;35;19;16
;32;23;9
;38;19;19
;28;10;18
;40;22;18
;61;35;26
;52;33;19
;85;49;36
;92;50;42
;127;70;57
;83;53;30
;119;61;58
;104;66;38
;147;73;74
;113;71;42
;97;57;40
;144;67;77
;126;75;51
;133;66;67
;119;61;58
;126;78;48
;157;84;73
;137;74;63
;131;56;75
;101;52;49
;148;53;95
;104;49;55
;124;65;59
;105;57;48
;124;73;51
;115;60;55
;96;47;49
;99;51;48
;94;43;51
;92;40;52
;64;24;40
;85;32;53
;58;30;28
;79;34;45
;54;26;28
;93;36;57
;108;41;67
;75;30;45
;79;33;46
;81;33;48
;64;26;38
;83;28;55
;77;40;37
;58;30;28
;58;38;20
;43;21;22
;53;26;27
;52;23;29
;30;18;12
;33;13;20
;31;17;14
;48;24;24
;34;16;18
;41;26;15
;32;18;14
;36;16;20
;24;18;6
;32;13;19
;18;4;14
;30;9;21
;31;15;16
;33;10;23
;33;11;22
;12;2;10
;23;4;19
;21;8;13
;22;5;17
;22;4;18
;16;6;10
;10;3;7
;8;3;5
;10;1;9
;10;1;9
;10;2;8
;8;4;4
;5;2;3
;3;1;2
;4;2;2
;5;0;5
;3;1;2
;0;0;0
;2;1;1
;7;3;4
;6;3;3
;3;1;2
;8;6;2
;5;5;0
;6;5;1
;12;6;6
;4;1;3
;6;4;2
;10;5;5
;14;4;10
;6;3;3
;12;3;9
;12;5;7
;23;10;13
;22;9;13
;33;19;14
;32;14;18
;83;49;34
;53;39;14
;38;23;15
;32;21;11
;47;31;16
;57;27;30
;35;13;22
;47;22;25
;48;27;21
;34;12;22
;42;26;16
;39;13;26
;62;25;37
;50;26;24
;44;24;20
;42;20;22
;57;32;25
;63;36;27
;53;29;24
;47;27;20
;49;24;25
;43;28;15
;61;28;33
;52;33;19
;47;27;20
;43;16;27
;48;22;26
;50;28;22
;63;32;31
;56;22;34
;51;18;33
;62;24;38
;57;25;32
;64;34;30
;58;26;32
;53;18;35
;58;35;23
;64;37;27
;38;21;17
;39;22;17
;41;20;21
;42;20;22
;34;13;21
;21;8;13
;25;9;16
;38;14;24
;29;12;17
;22;9;13
;25;14;11
;23;12;11
;25;6;19
;22;4;18
;12;5;7
;13;4;9
;9;5;4
;21;11;10
;9;3;6
;8;1;7
;7;5;2
;5;1;4
;1;1;0
;1;0;1
;2;1;1
;6;3;3
;5;1;4
;3;3;0
;2;0;2
;3;1;2
;1;1;0
;1;1;0
;3;2;1
;3;2;1
;1;0;1
;0;0;0
;12;7;5
;5;5;0
;5;4;1
;3;3;0
;1;1;0
;7;4;3
;19;11;8
;20;15;5
;23;19;4
;47;24;23
;54;34;20
;52;24;28
;122;83;39
;293;182;111
;170;97;73
;126;63;63
;125;76;49
;120;72;48
;110;75;35
;100;62;38
;99;62;37
;103;59;44
;79;43;36
;68;41;27
;54;30;24
;47;24;23
;57;32;25
;71;36;35
;62;24;38
;91;37;54
;53;22;31
;70;26;44
;64;26;38
;92;43;49
;67;26;41
;153;46;107
;97;37;60
;79;49;30
;98;49;49
;65;25;40
;47;18;29
;67;31;36
;61;28;33
;66;39;27
;74;25;49
;190;78;112
;92;67;25
;89;39;50
;81;40;41
;117;53;64
;89;32;57
;100;39;61
;116;53;63
;95;41;54
;118;48;70
;111;47;64
;93;46;47
;84;48;36
;102;53;49
;101;40;61
;73;26;47
;76;44;32
;87;35;52
;78;42;36
;59;24;35
;57;23;34
;31;10;21
;32;10;22
;33;20;13
;48;24;24
;29;9;20
;30;14;16
;34;18;16
;47;28;19
;18;8;10
;14;3;11
;18;3;15
;14;5;9
;12;7;5
;8;3;5
;5;1;4
;8;4;4
;4;0;4
;2;1;1
;2;0;2
;1;1;0
;0;0;0
;1;0;1
;1;1;0
;3;1;2
;1;0;1
;0;0;0
;0;0;0
;1;0;1
;0;0;0
;0;0;0
;2;2;0
;1;1;0
;4;3;1
;2;2;0
;1;1;0
;6;4;2
;17;11;6
;15;10;5
;25;19;6
;27;16;11
;42;25;17
;56;34;22
;128;82;46
;314;195;119
;204;105;99
;154;78;76
;151;80;71
;141;78;63
;193;133;60
;143;98;45
;159;98;61
;137;81;56
;108;63;45
;82;56;26
;74;48;26
;104;63;41
;88;46;42
;112;57;55
;134;53;81
;90;38;52
;114;60;54
;100;46;54
;127;51;76
;117;45;72
;97;42;55
;165;39;126
;108;46;62
;96;44;52
;128;65;63
;92;39;53
;105;46;59
;96;37;59
;112;52;60
;109;54;55
;124;65;59
;203;91;112
;167;90;77
;119;59;60
;159;84;75
;160;91;69
;166;66;100
;160;88;72
;189;73;116
;159;67;92
;149;69;80
;144;59;85
;135;65;70
;109;44;65
;152;85;67
;109;43;66
;135;58;77
;115;61;54
;100;55;45
;90;41;49
;64;34;30
;66;28;38
;46;24;22
;46;19;27
;50;18;32
;44;19;25
;68;17;51
;67;17;50
;48;18;30
;27;10;17
;26;10;16
;27;9;18
;22;10;12
;9;3;6
;9;2;7
;10;3;7
;11;3;8
;10;4;6
;8;1;7
;5;1;4
;6;0;6
;5;2;3
;3;1;2
;2;0;2
;2;1;1
;3;1;2
;0;0;0
;0;0;0
;0;0;0
;0;0;0
;1;0;1
;1;1;0
;1;0;1
;0;0;0
;4;3;1
;1;1;0
;5;2;3
;12;10;2
;39;26;13
;21;14;7
;26;19;7
;40;21;19
;63;39;24
;55;32;23
;172;107;65
;284;176;108
;207;102;105
;143;69;74
;166;90;76
;139;89;50
;179;107;72
;149;74;75
;174;123;51
;151;83;68
;113;70;43
;79;43;36
;87;47;40
;101;61;40
;102;54;48
;121;58;63
;133;66;67
;114;65;49
;109;50;59
;117;58;59
;112;38;74
;125;54;71
;121;63;58
;277;89;188
;157;89;68
;136;65;71
;172;96;76
;112;51;61
;135;72;63
;118;58;60
;161;79;82
;159;75;84
;157;76;81
;208;80;128
;150;62;88
;154;80;74
;172;78;94
;179;75;104
;178;91;87
;185;86;99
;202;108;94
;166;78;88
;195;88;107
;167;69;98
;176;84;92
;130;51;79
;159;75;84
;131;62;69
;158;93;65
;116;58;58
;112;41;71
;112;40;72
;123;64;59
;85;39;46
;76;23;53
;76;31;45
;62;23;39
;56;33;23
;71;26;45
;58;26;32
;72;34;38
;52;27;25
;52;22;30
;33;9;24
;32;10;22
;18;8;10
;17;5;12
;20;9;11
;14;8;6
;16;6;10
;12;2;10
;11;2;9
;6;1;5
;6;2;4
;3;0;3
;5;2;3
;4;1;3
;1;0;1
;1;0;1
;0;0;0
;2;2;0
;3;1;2
;4;0;4
;1;0;1
;2;1;1
;1;1;0
;2;1;1
;3;1;2
;3;3;0
;13;8;5
;24;15;9
;16;8;8
;28;19;9
;31;18;13
;55;35;20
;63;39;24
;183;115;68
;301;166;135
;223;107;116
;152;78;74
;164;81;83
;137;69;68
;173;106;67
;144;84;60
;163;102;61
;126;65;61
;112;65;47
;83;51;32
;92;53;39
;104;62;42
;88;36;52
;100;52;48
;122;64;58
;84;43;41
;104;47;57
;104;50;54
;133;60;73
;124;54;70
;137;65;72
;237;75;162
;140;73;67
;113;50;63
;152;64;88
;132;49;83
;114;47;67
;99;50;49
;138;68;70
;132;55;77
;133;74;59
;211;97;114
;212;107;105
;114;55;59
;188;82;106
;175;74;101
;181;94;87
;210;108;102
;208;86;122
;189;93;96
;220;105;115
;191;77;114
;195;88;107
;188;87;101
;191;80;111
;108;46;62
;143;67;76
;105;44;61
;132;77;55
;114;51;63
;87;29;58
;72;33;39
;74;42;32
;58;33;25
;60;25;35
;56;22;34
;64;28;36
;51;18;33
;49;24;25
;54;15;39
;47;24;23
;32;17;15
;26;4;22
;25;12;13
;23;13;10
;24;5;19
;26;14;12
;9;4;5
;11;2;9
;6;1;5
;9;2;7
;4;0;4
;8;2;6
;10;5;5
;2;2;0
;2;1;1
;0;0;0
;2;1;1
;1;0;1
;1;1;0
;3;1;2
;0;0;0
;5;3;2
;1;0;1
;2;0;2
;3;2;1
;3;3;0
;12;8;4
;19;14;5
;16;12;4
;23;19;4
;38;20;18
;59;26;33
;60;36;24
;133;82;51
;327;179;148
;171;95;76
;166;110;56
;137;84;53
;124;65;59
;174;116;58
;136;89;47
;180;110;70
;128;60;68
;128;74;54
;82;51;31
;101;54;47
;98;47;51
;106;50;56
;111;54;57
;160;73;87
;108;55;53
;119;57;62
;143;62;81
;163;80;83
;176;78;98
;179;72;107
;287;86;201
;174;86;88
;176;75;101
;169;79;90
;154;70;84
;159;77;82
;148;67;81
;168;67;101
;138;70;68
;157;69;88
;138;67;71
;178;69;109
;148;64;84
;154;82;72
;171;76;95
;176;79;97
;142;66;76
;168;73;95
;173;76;97
;157;77;80
;133;62;71
;152;61;91
;138;61;77
;117;46;71
;123;54;69
;108;54;54
;85;38;47
;78;35;43
;89;45;44
;77;32;45
;69;33;36
;55;36;19
;45;30;15
;61;31;30
;31;12;19
;41;17;24
;41;17;24
;39;16;23
;38;19;19
;40;9;31
;41;16;25
;49;13;36
;34;15;19
;32;18;14
;31;12;19
;31;16;15
;31;15;16
;27;5;22
;27;4;23
;14;4;10
;15;8;7
;8;3;5
;11;4;7
;14;5;9
;9;6;3
;5;0;5
;7;1;6
;0;0;0
;4;2;2
;10;4;6
;7;5;2
;0;0;0
;2;1;1
;5;2;3
;0;0;0
;4;0;4
;5;3;2
;8;4;4
;10;9;1
;16;13;3
;9;5;4
;9;7;2
;10;6;4
;10;8;2
;12;7;5
;24;12;12
;25;18;7
;28;15;13
;39;13;26
;71;41;30
;66;43;23
;54;41;13
;58;40;18
;100;60;40
;79;43;36
;80;55;25
;75;41;34
;80;47;33
;75;34;41
;88;45;43
;105;44;61
;101;57;44
;80;48;32
;93;59;34
;83;38;45
;109;59;50
;83;50;33
;80;36;44
;108;41;67
;116;61;55
;105;52;53
;94;34;60
;100;48;52
;102;52;50
;109;62;47
;106;54;52
;101;59;42
;81;43;38
;79;34;45
;117;39;78
;95;40;55
;87;35;52
;91;45;46
;124;49;75
;110;34;76
;114;55;59
;103;42;61
;81;30;51
;66;27;39
;82;48;34
;105;62;43
;83;45;38
;76;47;29
;75;41;34
;60;33;27
;68;39;29
;47;24;23
;46;31;15
;32;15;17
;60;34;26
;58;20;38
;59;13;46
;40;20;20
;57;32;25
;49;23;26
;41;20;21
;45;16;29
;42;10;32
;25;4;21
;42;17;25
;33;5;28
;21;5;16
;24;8;16
;26;11;15
;20;2;18
;34;8;26
;24;10;14
;27;7;20
;11;2;9
;12;4;8
;10;5;5
;8;1;7
;17;5;12
;14;4;10
;6;3;3
;0;0;0
;3;2;1
;4;1;3
;3;3;0
;3;2;1
;1;0;1
;2;0;2
;4;1;3
;4;1;3
;3;3;0
;3;3;0
;4;4;0
;10;5;5
;7;5;2
;9;3;6
;5;2;3
;16;5;11
;11;5;6
;8;4;4
;10;4;6
;18;8;10
;34;19;15
;29;18;11
;35;20;15
;64;41;23
;41;30;11
;38;24;14
;34;20;14
;43;27;16
;46;19;27
;56;25;31
;56;17;39
;60;30;30
;83;37;46
;70;29;41
;62;27;35
;70;33;37
;66;34;32
;76;37;39
;75;37;38
;81;40;41
;90;40;50
;103;57;46
;80;49;31
;89;40;49
;72;30;42
;83;47;36
;64;29;35
;60;28;32
;81;38;43
;72;34;38
;66;34;32
;88;38;50
;79;35;44
;77;33;44
;90;46;44
;84;38;46
;66;30;36
;65;26;39
;52;24;28
;60;34;26
;39;18;21
;38;18;20
;40;15;25
;46;25;21
;58;25;33
;39;18;21
;30;16;14
;15;3;12
;28;13;15
;20;4;16
;28;8;20
;29;10;19
;28;10;18
;16;6;10
;20;8;12
;25;16;9
;13;6;7
;13;5;8
;13;5;8
;7;3;4
;9;3;6
;8;5;3
;4;3;1
;4;2;2
;1;1;0
;3;0;3
;1;0;1
;7;4;3
;0;0;0
;2;1;1
;3;3;0
;2;0;2
;2;1;1
;2;0;2
;0;0;0
;2;2;0
;2;1;1
;1;0;1
;1;0;1
;1;0;1
;1;0;1
;2;2;0
;5;3;2
;15;9;6
;9;6;3
;19;18;1
;24;18;6
;31;18;13
;38;21;17
;76;44;32
;114;65;49
;91;39;52
;0;0;0
;0;0;0
;83;51;32
;74;41;33
;41;25;16
;53;26;27
;65;26;39
;21;15;6
;28;18;10
;22;9;13
;37;23;14
;25;14;11
;27;11;16
;28;13;15
;43;24;19
;49;28;21
;45;21;24
;52;21;31
;61;31;30
;63;40;23
;69;25;44
;69;34;35
;59;31;28
;54;33;21
;52;23;29
;42;27;15
;59;42;17
;69;29;40
;61;31;30
;80;37;43
;101;53;48
;86;46;40
;71;35;36
;93;39;54
;112;71;41
;112;57;55
;111;46;65
;118;60;58
;115;59;56
;120;46;74
;102;55;47
;93;47;46
;80;40;40
;95;46;49
;106;49;57
;64;26;38
;66;33;33
;72;32;40
;68;32;36
;62;30;32
;47;18;29
;36;19;17
;42;25;17
;27;15;12
;41;19;22
;23;11;12
;32;17;15
;17;7;10
;34;15;19
;18;3;15
;20;4;16
;16;8;8
;5;2;3
;15;5;10
;11;7;4
;10;3;7
;7;3;4
;2;1;1
;4;0;4
;4;1;3
;0;0;0
;1;0;1
;4;0;4
;1;1;0
;5;1;4
;0;0;0
;0;0;0
;1;0;1
;1;1;0
;1;1;0
;1;1;0
;1;0;1
;2;2;0
;2;0;2
;1;1;0
;0;0;0
;5;3;2
;21;13;8
;18;10;8
;18;17;1
;38;22;16
;49;22;27
;52;24;28
;117;75;42
;250;147;103
;176;81;95
;124;78;46
;166;93;73
;140;79;61
;134;76;58
;98;60;38
;128;77;51
;104;64;40
;74;43;31
;76;41;35
;63;34;29
;54;29;25
;66;41;25
;99;33;66
;91;38;53
;69;36;33
;66;32;34
;87;39;48
;94;34;60
;82;31;51
;111;39;72
;160;63;97
;101;37;64
;93;54;39
;112;65;47
;84;31;53
;63;29;34
;81;37;44
;96;41;55
;73;38;35
;89;38;51
;181;79;102
;109;54;55
;83;41;42
;119;43;76
;103;49;54
;125;57;68
;134;77;57
;145;72;73
;110;58;52
;134;65;69
;128;51;77
;120;61;59
;129;56;73
;139;73;66
;104;49;55
;88;36;52
;87;43;44
;94;44;50
;60;29;31
;59;31;28
;56;20;36
;45;23;22
;52;23;29
;52;19;33
;41;17;24
;62;27;35
;52;12;40
;24;12;12
;31;9;22
;23;8;15
;25;14;11
;9;5;4
;14;3;11
;13;7;6
;12;8;4
;9;4;5
;12;5;7
;5;1;4
;12;1;11
;4;1;3
;7;1;6
;5;3;2
;3;3;0
;1;0;1
;0;0;0
;0;0;0
;1;0;1
;1;0;1
;4;0;4
;3;2;1
;0;0;0
;0;0;0
;3;0;3
;0;0;0
;4;3;1
;5;5;0
;17;12;5
;24;18;6
;24;17;7
;18;15;3
;28;12;16
;63;36;27
;51;26;25
;157;104;53
;358;211;147
;217;115;102
;150;82;68
;138;75;63
;151;82;69
;169;104;65
;103;59;44
;141;80;61
;124;68;56
;123;82;41
;107;54;53
;81;40;41
;92;47;45
;95;50;45
;108;52;56
;95;40;55
;90;47;43
;104;51;53
;108;46;62
;181;49;132
;107;41;66
;134;62;72
;195;90;105
;121;53;68
;105;49;56
;138;76;62
;120;57;63
;131;67;64
;119;65;54
;149;76;73
;135;68;67
;129;56;73
;144;72;72
;158;79;79
;157;77;80
;154;57;97
;143;83;60
;190;86;104
;163;73;90
;194;94;100
;147;75;72
;217;87;130
;147;70;77
;165;73;92
;122;48;74
;133;59;74
;116;51;65
;127;51;76
;105;49;56
;87;36;51
;121;63;58
;83;36;47
;68;35;33
;56;27;29
;62;26;36
;64;26;38
;58;24;34
;50;29;21
;48;30;18
;61;29;32
;49;25;24
;40;18;22
;29;7;22
;30;8;22
;20;6;14
;15;8;7
;13;3;10
;20;6;14
;9;0;9
;11;4;7
;9;0;9
;9;0;9
;4;1;3
;4;1;3
;4;3;1
;2;1;1
;5;4;1
;3;3;0
;0;0;0
;2;0;2
;3;1;2
;4;3;1
;0;0;0
;2;2;0
;0;0;0
;1;1;0
;4;3;1
;4;4;0
;16;12;4
;26;16;10
;17;9;8
;24;19;5
;36;17;19
;51;24;27
;75;41;34
;182;122;60
;331;181;150
;202;100;102
;129;79;50
;161;92;69
;119;64;55
;144;96;48
;134;79;55
;167;117;50
;140;64;76
;138;82;56
;83;48;35
;98;63;35
;97;51;46
;89;55;34
;100;43;57
;103;54;49
;90;43;47
;100;41;59
;94;37;57
;135;59;76
;131;47;84
;138;69;69
;239;65;174
;126;57;69
;119;62;57
;147;75;72
;107;47;60
;129;69;60
;137;71;66
;133;65;68
;130;62;68
;107;63;44
;233;124;109
;223;135;88
;128;61;67
;181;86;95
;144;52;92
;161;86;75
;167;70;97
;187;88;99
;143;68;75
;199;89;110
;144;64;80
;161;74;87
;93;43;50
;141;63;78
;77;29;48
;89;36;53
;74;23;51
;113;55;58
;98;35;63
;89;36;53
;38;18;20
;42;17;25
;40;22;18
;44;23;21
;43;20;23
;48;15;33
;48;15;33
;42;15;27
;30;13;17
;27;6;21
;23;6;17
;10;1;9
;20;11;9
;25;6;19
;12;7;5
;11;3;8
;6;3;3
;13;2;11
;9;6;3
;6;0;6
;6;3;3
;3;1;2
;5;5;0
;2;0;2
;7;2;5
;1;1;0
;2;2;0
;0;0;0
;0;0;0
;5;3;2
;2;2;0
;3;1;2
;1;1;0
;1;0;1
;2;1;1
;3;3;0
;10;8;2
;27;22;5
;19;13;6
;25;19;6
;28;14;14
;50;26;24
;51;19;32
;136;95;41
;357;210;147
;177;87;90
;152;95;57
;109;69;40
;117;70;47
;177;99;78
;143;90;53
;141;93;48
;134;72;62
;127;76;51
;98;58;40
;91;40;51
;99;51;48
;119;62;57
;121;64;57
;162;101;61
;158;102;56
;137;71;66
;117;55;62
;184;84;100
;161;85;76
;180;80;100
;275;61;214
;150;66;84
;160;58;102
;153;71;82
;121;44;77
;142;61;81
;161;66;95
;168;70;98
;144;71;73
;127;67;60
;128;60;68
;169;67;102
;179;92;87
;121;73;48
;151;73;78
;153;76;77
;137;72;65
;146;78;68
;126;66;60
;155;78;77
;158;80;78
;160;76;84
;111;54;57
;157;67;90
;107;45;62
;132;65;67
;112;50;62
;103;48;55
;92;43;49
;75;41;34
;66;33;33
;46;25;21
;56;29;27
;61;35;26
;64;29;35
;48;26;22
;47;20;27
;52;24;28
;56;19;37
;36;9;27
;43;11;32
;41;9;32
;39;15;24
;40;12;28
;42;15;27
;23;2;21
;28;7;21
;28;8;20
;27;7;20
;29;10;19
;14;4;10
;21;10;11
;16;3;13
;25;9;16
;19;11;8
;9;7;2
;15;3;12
;5;1;4
;11;3;8
;5;2;3
;7;6;1
;7;2;5
;6;1;5
;2;1;1
;2;1;1
;4;1;3
;5;3;2
;12;4;8
;7;3;4
;14;11;3
;10;3;7
;11;7;4
;15;5;10
;13;6;7
;13;10;3
;21;14;7
;23;12;11
;32;13;19
;35;17;18
;63;33;30
;49;27;22
;47;29;18
;62;38;24
;89;50;39
;72;43;29
;89;43;46
;96;45;51
;104;44;60
;110;51;59
;102;70;32
;86;45;41
;116;82;34
;167;101;66
;133;70;63
;134;79;55
;142;68;74
;117;68;49
;106;61;45
;126;61;65
;154;65;89
;119;56;63
;135;82;53
;121;62;59
;106;47;59
;148;75;73
;116;68;48
;128;64;64
;113;61;52
;112;64;48
;128;52;76
;132;79;53
;101;43;58
;111;36;75
;97;40;57
;113;43;70
;109;49;60
;100;33;67
;81;43;38
;114;54;60
;106;47;59
;67;27;40
;104;51;53
;76;49;27
;72;42;30
;65;33;32
;61;28;33
;47;21;26
;61;32;29
;57;20;37
;49;24;25
;40;26;14
;83;32;51
;63;30;33
;51;30;21
;50;21;29
;33;12;21
;51;17;34
;49;17;32
;38;17;21
;52;16;36
;31;19;12
;32;10;22
;33;8;25
;22;6;16
;28;10;18
;33;10;23
;34;13;21
;22;6;16
;23;7;16
;25;2;23
;14;8;6
;14;1;13
;10;2;8
;16;7;9
;22;5;17
;11;3;8
;6;1;5
;2;1;1
;1;0;1
;6;2;4
;1;0;1
;4;3;1
;4;2;2
;5;3;2
;7;4;3
;5;5;0
;6;4;2
;5;2;3
;2;0;2
;5;3;2
;6;3;3
;10;7;3
;13;5;8
;7;4;3
;12;4;8
;34;12;22
;22;10;12
;31;18;13
;33;14;19
;70;37;33
;47;22;25
;45;25;20
;38;22;16
;48;25;23
;43;26;17
;47;19;28
;45;25;20
;73;36;37
;66;30;36
;36;17;19
;30;18;12
;68;34;34
;47;15;32
;51;24;27
;80;58;22
;69;31;38
;84;43;41
;71;42;29
;81;43;38
;90;51;39
;68;37;31
;91;50;41
;73;39;34
;98;57;41
;65;33;32
;78;27;51
;85;39;46
;77;31;46
;87;35;52
;76;33;43
;82;32;50
;86;45;41
;68;28;40
;80;45;35
;68;35;33
;65;34;31
;63;30;33
;48;28;20
;42;25;17
;44;27;17
;48;18;30
;36;21;15
;29;18;11
;27;9;18
;31;9;22
;28;13;15
;39;16;23
;41;11;30
;27;11;16
;21;11;10
;23;9;14
;26;16;10
;22;10;12
;18;8;10
;12;7;5
;5;2;3
;14;8;6
;7;1;6
;7;2;5
;5;2;3
;4;1;3
;1;1;0
;1;0;1
;3;1;2
;1;1;0
;1;1;0
;0;0;0
;1;1;0
;1;1;0
;1;0;1
;2;1;1
;1;1;0
;0;0;0
;0;0;0
;0;0;0
;2;2;0
;2;1;1
;5;3;2
;17;9;8
;27;22;5
;21;13;8
;29;23;6
;45;24;21
;53;33;20
;63;34;29
;151;105;46
;338;196;142
;200;109;91
;140;93;47
;165;88;77
;151;79;72
;196;128;68
;136;74;62
;159;103;56
;127;71;56
;98;45;53
;87;47;40
;103;46;57
;92;48;44
;88;51;37
;106;43;63
;92;30;62
;109;52;57
;90;46;44
;97;50;47
;102;39;63
;114;56;58
;145;65;80
;236;75;161
;121;51;70
;109;44;65
;159;88;71
;92;45;47
;85;42;43
;100;49;51
;93;37;56
;93;42;51
;117;56;61
;229;111;118
;139;72;67
;116;60;56
;114;44;70
;115;59;56
;155;70;85
;124;58;66
;150;68;82
;122;51;71
;138;64;74
;121;52;69
;172;85;87
;112;52;60
;134;50;84
;108;56;52
;82;36;46
;71;33;38
;79;34;45
;82;42;40
;70;28;42
;54;26;28
;45;22;23
;36;17;19
;47;19;28
;37;21;16
;50;23;27
;26;10;16
;48;18;30
;26;8;18
;26;8;18
;21;6;15
;8;4;4
;10;7;3
;15;4;11
;16;6;10
;10;1;9
;8;4;4
;7;2;5
;2;1;1
;4;3;1
;2;1;1
;7;6;1
;4;1;3
;2;1;1
;2;1;1
;0;0;0
;1;1;0
;1;0;1
;1;1;0
;1;1;0
;5;2;3
;0;0;0
;0;0;0
;3;3;0
;1;1;0
;4;1;3
;14;9;5
;32;24;8
;16;14;2
;31;20;11
;37;21;16
;64;42;22
;68;31;37
;145;87;58
;327;193;134
;222;108;114
;152;76;76
;149;76;73
;155;87;68
;161;86;75
;128;86;42
;157;94;63
;146;82;64
;103;60;43
;98;48;50
;109;58;51
;88;44;44
;107;63;44
;109;50;59
;131;54;77
;102;46;56
;96;44;52
;103;41;62
;150;46;104
;109;41;68
;151;73;78
;233;81;152
;130;61;69
;127;61;66
;164;92;72
;118;66;52
;118;56;62
;124;70;54
;134;64;70
;130;68;62
;142;59;83
;264;117;147
;194;100;94
;153;72;81
;186;105;81
;154;85;69
;185;91;94
;216;98;118
;196;95;101
;175;82;93
;192;77;115
;204;102;102
;192;86;106
;165;82;83
;148;76;72
;119;42;77
;161;82;79
;147;76;71
;114;47;67
;82;38;44
;73;39;34
;70;30;40
;86;37;49
;56;30;26
;56;20;36
;46;16;30
;69;28;41
;54;24;30
;53;16;37
;45;14;31
;40;14;26
;54;17;37
;32;11;21
;19;2;17
;24;6;18
;17;8;9
;13;4;9
;13;6;7
;9;6;3
;4;0;4
;3;1;2
;4;1;3
;1;0;1
;5;1;4
;0;0;0
;6;1;5
;0;0;0
;0;0;0
;2;2;0
;0;0;0
;0;0;0
;0;0;0
;1;0;1
;1;1;0
;7;5;2
;1;1;0
;1;1;0
;18;11;7
;34;25;9
;25;17;8
;26;20;6
;42;19;23
;49;29;20
;72;38;34
;143;87;56
;332;205;127
;180;88;92
;141;79;62
;140;73;67
;126;74;52
;131;72;59
;102;64;38
;78;49;29
;70;39;31
;81;41;40
;48;28;20
;51;31;20
;49;24;25
;46;28;18
;73;34;39
;70;39;31
;69;36;33
;82;39;43
;47;18;29
;122;46;76
;120;55;65
;99;32;67
;236;61;175
;144;92;52
;100;50;50
;138;86;52
;110;61;49
;100;49;51
;112;51;61
;115;55;60
;119;61;58
;120;66;54
;197;70;127
;147;57;90
;132;52;80
;153;72;81
;153;62;91
;211;110;101
;157;67;90
;153;64;89
;153;71;82
;161;68;93
;169;68;101
;190;90;100
;124;51;73
;141;68;73
;139;75;64
;167;109;58
;131;85;46
;106;64;42
;110;57;53
;72;34;38
;45;21;24
;61;24;37
;94;30;64
;121;26;95
;85;23;62
;60;23;37
;46;24;22
;40;21;19
;37;17;20
;32;11;21
;40;14;26
;32;13;19
;29;14;15
;15;5;10
;19;9;10
;19;4;15
;11;3;8
;8;2;6
;8;3;5
;13;3;10
;5;2;3
;6;0;6
;7;2;5
;5;1;4
;1;0;1
;2;0;2
;1;0;1
;1;0;1
;1;1;0
;0;0;0
;2;0;2
;1;1;0
;1;1;0
;2;1;1
;1;1;0
;10;7;3
;16;7;9
;28;21;7
;15;9;6
;31;24;7
;30;19;11
;54;32;22
;55;26;29
;108;78;30
;134;75;59
;127;62;65
;113;56;57
;124;50;74
;103;55;48
;127;63;64
;92;36;56
;83;39;44
;90;40;50
;107;46;61
;86;46;40
;71;29;42
;112;67;45
;103;58;45
;82;51;31
;65;32;33
;78;52;26
;74;49;25
;87;60;27
;95;63;32
;101;64;37
;88;64;24
;84;51;33
;84;40;44
;70;30;40
;114;60;54
;85;53;32
;98;46;52
;98;49;49
;90;48;42
;95;55;40
;96;52;44
;74;38;36
;94;51;43
;76;34;42
;80;29;51
;74;35;39
;125;66;59
;80;42;38
;99;40;59
;102;58;44
;124;68;56
;95;60;35
;131;71;60
;107;76;31
;118;79;39
;74;37;37
;55;40;15
;68;44;24
;69;32;37
;91;31;60
;67;21;46
;54;15;39
;42;22;20
;34;17;17
;43;14;29
;51;9;42
;57;15;42
;42;9;33
;48;11;37
;47;17;30
;37;4;33
;39;5;34
;44;7;37
;28;8;20
;34;5;29
;33;4;29
;30;5;25
;34;7;27
;25;4;21
;22;1;21
;26;1;25
;10;3;7
;14;3;11
;10;1;9
;10;2;8
;7;1;6
;14;1;13
;5;2;3
;13;0;13
;9;0;9
;9;1;8
;5;1;4
;4;3;1
;4;0;4
;9;5;4
;4;3;1
;4;1;3
;10;8;2
;12;9;3
;16;10;6
;15;11;4
;16;10;6
;34;22;12
;34;24;10
;36;19;17
;58;34;24
;75;42;33
;53;30;23
;67;45;22
;67;43;24
;86;44;42
;65;39;26
;80;48;32
;78;41;37
;84;45;39
;86;52;34
;80;46;34
;79;46;33
;84;49;35
;102;53;49
;89;45;44
;119;61;58
;83;29;54
;97;31;66
;101;47;54
;102;38;64
;107;45;62
;94;28;66
;96;46;50
;100;53;47
;117;63;54
;97;54;43
;116;63;53
;116;58;58
;108;61;47
;122;59;63
;119;53;66
;92;37;55
;92;40;52
;121;57;64
;119;49;70
;98;36;62
;109;44;65
;113;56;57
;118;45;73
;131;47;84
;154;69;85
;124;56;68
;133;58;75
;82;35;47
;107;63;44
;83;42;41
;92;41;51
;75;37;38
;57;27;30
;57;33;24
;62;31;31
;42;24;18
;45;28;17
;39;14;25
;35;14;21
;32;8;24
;40;27;13
;41;26;15
;34;18;16
;34;10;24
;31;14;17
;25;11;14
;26;10;16
;15;5;10
;19;3;16
;11;6;5
;18;5;13
;16;4;12
;17;4;13
;12;3;9
;5;0;5
;12;2;10
;13;4;9
;6;3;3
;3;0;3
;6;1;5
;5;3;2
;3;1;2
;2;0;2
;2;2;0
;3;2;1
;1;1;0
;1;0;1
;3;1;2
;1;1;0
;2;1;1
;4;3;1
;8;6;2
;9;6;3
;8;5;3
;10;8;2
;4;0;4
;6;3;3
;10;6;4
;17;12;5
;12;7;5
;19;8;11
;21;11;10
;16;7;9
;34;18;16
;33;17;16
;33;21;12
;56;36;20
;49;22;27
;86;47;39
;67;25;42
;88;49;39
;91;54;37
;111;63;48
;98;57;41
;80;36;44
;91;44;47
;109;58;51
;77;36;41
;97;61;36
;108;56;52
;103;52;51
;108;46;62
;89;43;46
;98;49;49
;114;65;49
;115;64;51
;136;60;76
;89;34;55
;115;59;56
;122;63;59
;134;65;69
;99;48;51
;85;42;43
;111;56;55
;104;46;58
;96;43;53
;81;37;44
;98;46;52
;88;47;41
;83;42;41
;92;40;52
;83;29;54
;78;39;39
;54;28;26
;95;52;43
;50;30;20
;73;53;20
;74;46;28
;68;45;23
;59;35;24
;52;37;15
;50;27;23
;45;29;16
;22;13;9
;42;28;14
;26;17;9
;22;10;12
;31;12;19
;27;15;12
;35;11;24
;26;9;17
;42;17;25
;26;7;19
;28;5;23
;25;8;17
;20;7;13
;22;4;18
;21;5;16
;28;4;24
;20;5;15
;22;4;18
;32;4;28
;18;1;17
;17;3;14
;14;1;13
;19;1;18
;16;2;14
;15;4;11
;9;1;8
;14;1;13
;5;0;5
;5;0;5
;7;1;6
;21;2;19
;7;2;5
;1;0;1
;0;0;0
;3;2;1
;5;3;2
;4;1;3
;4;4;0
;5;2;3
;5;2;3
;4;2;2
;7;0;7
;11;9;2
;8;4;4
;10;4;6
;8;4;4
;19;11;8
;11;5;6
;16;10;6
;18;12;6
;33;22;11
;36;16;20
;29;21;8
;31;20;11
;42;21;21
;44;26;18
;46;26;20
;34;18;16
;51;35;16
;56;32;24
;60;29;31
;101;80;21
;138;127;11
;133;117;16
;105;86;19
;69;56;13
;67;44;23
;54;22;32
;81;51;30
;53;28;25
;49;25;24
;87;37;50
;64;29;35
;75;30;45
;60;20;40
;98;31;67
;156;19;137
;107;18;89
;76;16;60
;74;16;58
;61;21;40
;66;25;41
;51;16;35
;60;17;43
;56;21;35
;64;29;35
;49;22;27
;53;24;29
;41;23;18
;41;14;27
;27;14;13
;48;29;19
;35;23;12
;42;16;26
;17;9;8
;27;15;12
;14;5;9
;26;8;18
;19;6;13
;16;6;10
;22;2;20
;16;9;7
;22;3;19
;22;6;16
;14;6;8
;15;5;10
;16;5;11
;11;5;6
;11;8;3
;14;6;8
;14;10;4
;8;1;7
;1;1;0
;9;4;5
;4;2;2
;4;2;2
;1;0;1
;6;4;2
;3;1;2
;4;1;3
;2;1;1
;0;0;0
;1;1;0
;1;0;1
;0;0;0
;1;1;0
;0;0;0
;1;1;0
;3;3;0
;4;2;2
;10;4;6
;20;16;4
;19;14;5
;19;11;8
;34;28;6
;45;28;17
;41;22;19
;50;28;22
;64;44;20
;95;52;43
;49;27;22
;84;52;32
;84;49;35
;97;37;60
;85;33;52
;59;40;19
;53;22;31
;73;35;38
;81;49;32
;67;37;30
;79;40;39
;65;32;33
;56;34;22
;88;43;45
;58;29;29
;90;45;45
;86;43;43
;75;43;32
;87;35;52
;88;43;45
;82;40;42
;105;59;46
;107;59;48
;64;37;27
;97;48;49
;106;50;56
;96;48;48
;104;48;56
;85;35;50
;84;40;44
;104;45;59
;109;42;67
;83;39;44
;112;51;61
;118;60;58
;133;74;59
;112;49;63
;130;58;72
;133;74;59
;119;58;61
;125;54;71
;124;68;56
;97;55;42
;120;57;63
;79;42;37
;105;65;40
;68;32;36
;90;56;34
;61;37;24
;59;40;19
;50;25;25
;45;23;22
;46;12;34
;46;24;22
;44;19;25
;32;16;16
;29;16;13
;26;13;13
;30;12;18
;31;12;19
;33;15;18
;11;4;7
;20;5;15
;20;2;18
;24;1;23
;20;5;15
;13;6;7
;18;3;15
;11;1;10
;12;1;11
;8;0;8
;5;0;5
;9;4;5
;9;0;9
;9;1;8
;6;0;6
;7;0;7
;6;2;4
;2;0;2
;6;1;5
;3;1;2
;1;1;0
;4;1;3
;6;4;2
;2;2;0
;6;2;4
;8;5;3
;18;13;5
;16;9;7
;27;19;8
;24;13;11
;55;27;28
;48;22;26
;66;40;26
;75;49;26
;85;47;38
;99;56;43
;102;55;47
;98;52;46
;139;78;61
;103;62;41
;90;51;39
;101;55;46
;103;64;39
;84;48;36
;84;53;31
;86;38;48
;110;62;48
;99;49;50
;85;49;36
;108;56;52
;81;36;45
;97;34;63
;110;52;58
;92;35;57
;99;42;57
;92;40;52
;75;29;46
;76;43;33
;82;43;39
;70;31;39
;74;40;34
;59;23;36
;88;43;45
;70;35;35
;66;26;40
;77;30;47
;89;42;47
;84;34;50
;100;49;51
;87;46;41
;98;48;50
;114;60;54
;99;51;48
;112;63;49
;113;64;49
;107;40;67
;103;51;52
;112;48;64
;118;56;62
;75;28;47
;86;35;51
;77;25;52
;72;33;39
;52;30;22
;64;22;42
;59;19;40
;40;19;21
;48;24;24
;42;20;22
;26;11;15
;33;15;18
;49;16;33
;19;11;8
;35;10;25
;22;6;16
;34;18;16
;18;9;9
;16;6;10
;8;2;6
;16;5;11
;8;4;4
;16;5;11
;25;8;17
;7;0;7
;6;2;4
;2;0;2
;5;1;4
;1;0;1
;0;0;0
;2;1;1
;2;1;1
;0;0;0
;1;0;1
;0;0;0
;2;2;0
;2;2;0
;0;0;0
;2;2;0
;2;2;0
;2;2;0
;3;2;1
;10;7;3
;25;17;8
;10;6;4
;30;22;8
;35;21;14
;38;22;16
;49;32;17
;62;34;28
;83;54;29
;98;56;42
;76;28;48
;94;50;44
;84;41;43
;124;61;63
;96;51;45
;78;56;22
;75;45;30
;49;23;26
;60;34;26
;46;24;22
;37;16;21
;62;34;28
;58;32;26
;45;26;19
;71;35;36
;62;21;41
;72;33;39
;79;24;55
;67;25;42
;81;34;47
;67;29;38
;83;36;47
;53;33;20
;60;39;21
;72;27;45
;75;39;36
;76;34;42
;67;33;34
;70;32;38
;69;38;31
;97;46;51
;110;50;60
;94;47;47
;88;40;48
;110;51;59
;94;41;53
;103;46;57
;105;41;64
;91;45;46
;108;51;57
;87;38;49
;93;42;51
;84;38;46
;82;40;42
;88;28;60
;61;27;34
;75;43;32
;64;36;28
;55;16;39
;48;17;31
;33;16;17
;38;15;23
;25;12;13
;43;18;25
;29;12;17
;26;10;16
;29;7;22
;25;11;14
;39;21;18
;16;8;8
;27;16;11
;22;6;16
;15;7;8
;10;6;4
;14;7;7
;6;3;3
;9;0;9
;10;1;9
;7;2;5
;0;0;0
;5;2;3
;1;0;1
;1;0;1
;0;0;0
;2;1;1
;1;1;0
;2;2;0
;2;1;1
;1;0;1
;2;1;1
;2;1;1
;0;0;0
;0;0;0
;2;2;0
;1;1;0
;6;6;0
;9;5;4
;13;10;3
;16;9;7
;25;20;5
;30;17;13
;53;35;18
;42;23;19
;60;37;23
;68;40;28
;80;42;38
;85;41;44
;112;56;56
;88;40;48
;107;56;51
;72;43;29
;98;56;42
;79;48;31
;72;41;31
;64;34;30
;67;30;37
;69;36;33
;61;35;26
;62;36;26
;65;31;34
;79;35;44
;92;49;43
;80;37;43
;76;31;45
;86;38;48
;101;44;57
;97;52;45
;86;42;44
;71;32;39
;69;34;35
;68;22;46
;41;16;25
;57;17;40
;51;32;19
;66;26;40
;57;21;36
;53;21;32
;56;19;37
;67;35;32
;73;41;32
;80;44;36
;63;25;38
;97;44;53
;98;34;64
;66;30;36
;117;67;50
;77;34;43
;91;36;55
;66;25;41
;74;21;53
;65;32;33
;58;29;29
;48;23;25
;51;24;27
;40;22;18
;38;9;29
;16;9;7
;31;10;21
;21;8;13
;29;16;13
;20;11;9
;32;13;19
;17;7;10
;17;4;13
;21;10;11
;25;13;12
;19;5;14
;8;5;3
;14;8;6
;11;6;5
;12;9;3
;6;3;3
;1;0;1
;3;2;1
;6;3;3
;8;0;8
;0;0;0
;3;2;1
;2;0;2
;4;2;2
;0;0;0
;0;0;0
;0;0;0
;0;0;0
;0;0;0
;4;3;1
;1;1;0
;0;0;0
;0;0;0
;2;2;0
;1;1;0
;4;4;0
;7;5;2
;13;9;4
;11;7;4
;24;20;4
;34;18;16
;39;20;19
;42;20;22
;44;25;19
;63;36;27
;87;49;38
;83;41;42
;115;65;50
;101;53;48
;106;58;48
;91;63;28
;97;66;31
;83;40;43
;89;53;36
;78;49;29
;82;48;34
;66;38;28
;99;48;51
;83;44;39
;88;37;51
;103;60;43
;117;58;59
;83;41;42
;120;57;63
;106;46;60
;111;47;64
;102;31;71
;93;50;43
;118;62;56
;110;50;60
;115;63;52
;96;42;54
;99;44;55
;110;56;54
;103;59;44
;117;53;64
;103;57;46
;123;55;68
;113;49;64
;115;59;56
;118;55;63
;110;50;60
;128;69;59
;129;59;70
;131;55;76
;115;45;70
;102;43;59
;92;40;52
;84;46;38
;116;57;59
;75;26;49
;94;39;55
;75;40;35
;81;37;44
;63;28;35
;64;32;32
;54;28;26
;55;32;23
;44;23;21
;43;24;19
;34;18;16
;37;21;16
;49;21;28
;41;17;24
;26;16;10
;38;14;24
;27;9;18
;46;22;24
;41;18;23
;28;11;17
;24;6;18
;23;11;12
;16;8;8
;20;7;13
;15;4;11
;20;3;17
;14;5;9
;9;2;7
;11;1;10
;4;1;3
;10;4;6
;7;0;7
;10;3;7
;3;0;3
;5;2;3
;3;1;2
;3;1;2
;1;0;1
;3;1;2
;2;0;2
;1;0;1
;1;0;1
;9;7;2
;5;2;3
;4;2;2
;11;9;2
;5;4;1
;11;6;5
;12;9;3
;17;9;8
;9;5;4
;15;8;7
;18;5;13
;33;20;13
;38;19;19
;42;23;19
;39;25;14
;48;29;19
;56;28;28
;69;43;26
;56;26;30
;68;45;23
;96;50;46
;81;53;28
;64;29;35
;79;48;31
;98;59;39
;96;57;39
;93;41;52
;85;45;40
;94;46;48
;88;56;32
;88;43;45
;104;61;43
;111;48;63
;101;53;48
;99;47;52
;85;47;38
;84;40;44
;111;60;51
;102;45;57
;102;41;61
;81;42;39
;92;44;48
;83;32;51
;84;36;48
;99;43;56
;84;35;49
;96;36;60
;81;29;52
;77;36;41
;101;36;65
;72;30;42
;87;36;51
;69;41;28
;66;33;33
;68;27;41
;65;35;30
;26;7;19
;37;15;22
;31;14;17
;39;17;22
;37;20;17
;32;21;11
;29;6;23
;29;16;13
;22;11;11
;25;10;15
;23;4;19
;14;2;12
;18;5;13
;17;5;12
;22;10;12
;15;6;9
;21;10;11
;18;3;15
01.03.2020 00:00;11;6;5
01.03.2020 00:15;22;13;9
01.03.2020 00:30;10;5;5
01.03.2020 00:45;15;8;7
01.03.2020 01:00;10;4;6
01.03.2020 01:15;11;7;4
01.03.2020 01:30;10;8;2
01.03.2020 01:45;8;2;6
01.03.2020 02:00;7;0;7
01.03.2020 02:15;4;2;2
01.03.2020 02:30;6;0;6
01.03.2020 02:45;7;5;2
01.03.2020 03:00;10;2;8
01.03.2020 03:15;1;0;1
01.03.2020 03:30;5;3;2
01.03.2020 03:45;1;0;1
01.03.2020 04:00;1;1;0
01.03.2020 04:15;1;0;1
01.03.2020 04:30;0;0;0
01.03.2020 04:45;5;5;0
01.03.2020 05:00;1;1;0
01.03.2020 05:15;3;0;3
01.03.2020 05:30;3;3;0
01.03.2020 05:45;8;7;1
01.03.2020 06:00;7;4;3
01.03.2020 06:15;5;4;1
01.03.2020 06:30;4;4;0
01.03.2020 06:45;6;3;3
01.03.2020 07:00;3;2;1
01.03.2020 07:15;5;4;1
01.03.2020 07:30;10;7;3
01.03.2020 07:45;4;1;3
01.03.2020 08:00;3;2;1
01.03.2020 08:15;8;5;3
01.03.2020 08:30;8;4;4
01.03.2020 08:45;25;14;11
01.03.2020 09:00;12;7;5
01.03.2020 09:15;30;19;11
01.03.2020 09:30;24;9;15
01.03.2020 09:45;46;25;21
01.03.2020 10:00;21;12;9
01.03.2020 10:15;31;20;11
01.03.2020 10:30;29;23;6
01.03.2020 10:45;52;26;26
01.03.2020 11:00;59;24;35
01.03.2020 11:15;48;20;28
01.03.2020 11:30;46;19;27
01.03.2020 11:45;50;23;27
01.03.2020 12:00;55;22;33
01.03.2020 12:15;54;22;32
01.03.2020 12:30;56;21;35
01.03.2020 12:45;59;33;26
01.03.2020 13:00;69;23;46
01.03.2020 13:15;65;39;26
01.03.2020 13:30;69;26;43
01.03.2020 13:45;79;46;33
01.03.2020 14:00;113;51;62
01.03.2020 14:15;100;56;44
01.03.2020 14:30;91;40;51
01.03.2020 14:45;68;35;33
01.03.2020 15:00;115;65;50
01.03.2020 15:15;70;35;35
01.03.2020 15:30;71;28;43
01.03.2020 15:45;77;41;36
01.03.2020 16:00;77;37;40
01.03.2020 16:15;67;35;32
01.03.2020 16:30;71;39;32
01.03.2020 16:45;70;29;41
01.03.2020 17:00;69;37;32
01.03.2020 17:15;91;42;49
01.03.2020 17:30;78;32;46
01.03.2020 17:45;75;33;42
01.03.2020 18:00;79;47;32
01.03.2020 18:15;72;31;41
01.03.2020 18:30;52;26;26
01.03.2020 18:45;50;31;19
01.03.2020 19:00;52;32;20
01.03.2020 19:15;36;18;18
01.03.2020 19:30;49;20;29
01.03.2020 19:45;38;19;19
01.03.2020 20:00;42;24;18
01.03.2020 20:15;24;10;14
01.03.2020 20:30;29;19;10
01.03.2020 20:45;33;13;20
01.03.2020 21:00;18;10;8
01.03.2020 21:15;19;6;13
01.03.2020 21:30;19;8;11
01.03.2020 21:45;23;7;16
01.03.2020 22:00;23;11;12
01.03.2020 22:15;19;9;10
01.03.2020 22:30;20;9;11
01.03.2020 22:45;19;6;13
01.03.2020 23:00;11;5;6
01.03.2020 23:15;12;6;6
01.03.2020 23:30;12;8;4
01.03.2020 23:45;10;4;6
02.03.2020 00:00;4;0;4
02.03.2020 00:15;6;1;5
02.03.2020 00:30;5;2;3
02.03.2020 00:45;3;1;2
02.03.2020 01:00;2;0;2
02.03.2020 01:15;6;4;2
02.03.2020 01:30;3;2;1
02.03.2020 01:45;5;2;3
02.03.2020 02:00;1;0;1
02.03.2020 02:15;2;1;1
02.03.2020 02:30;0;0;0
02.03.2020 02:45;1;0;1
02.03.2020 03:00;1;1;0
02.03.2020 03:15;0;0;0
02.03.2020 03:30;1;0;1
02.03.2020 03:45;0;0;0
02.03.2020 04:00;1;1;0
02.03.2020 04:15;1;1;0
02.03.2020 04:30;3;2;1
02.03.2020 04:45;2;1;1
02.03.2020 05:00;2;2;0
02.03.2020 05:15;3;3;0
02.03.2020 05:30;11;8;3
02.03.2020 05:45;26;17;9
02.03.2020 06:00;24;14;10
02.03.2020 06:15;31;21;10
02.03.2020 06:30;47;32;15
02.03.2020 06:45;54;29;25
02.03.2020 07:00;65;32;33
02.03.2020 07:15;201;142;59
02.03.2020 07:30;339;195;144
02.03.2020 07:45;175;97;78
02.03.2020 08:00;129;68;61
02.03.2020 08:15;173;91;82
02.03.2020 08:30;136;71;65
02.03.2020 08:45;163;109;54
02.03.2020 09:00;127;75;52
02.03.2020 09:15;123;77;46
02.03.2020 09:30;106;50;56
02.03.2020 09:45;101;60;41
02.03.2020 10:00;84;39;45
02.03.2020 10:15;82;49;33
02.03.2020 10:30;78;38;40
02.03.2020 10:45;85;42;43
02.03.2020 11:00;107;41;66
02.03.2020 11:15;129;52;77
02.03.2020 11:30;105;47;58
02.03.2020 11:45;89;45;44
02.03.2020 12:00;98;43;55
02.03.2020 12:15;108;47;61
02.03.2020 12:30;107;39;68
02.03.2020 12:45;123;53;70
02.03.2020 13:00;236;57;179
02.03.2020 13:15;146;63;83
02.03.2020 13:30;112;49;63
02.03.2020 13:45;139;73;66
02.03.2020 14:00;119;53;66
02.03.2020 14:15;83;37;46
02.03.2020 14:30;102;47;55
02.03.2020 14:45;108;48;60
02.03.2020 15:00;103;52;51
02.03.2020 15:15;126;55;71
02.03.2020 15:30;246;119;127
02.03.2020 15:45;175;95;80
02.03.2020 16:00;150;53;97
02.03.2020 16:15;143;74;69
02.03.2020 16:30;173;87;86
02.03.2020 16:45;165;81;84
02.03.2020 17:00;161;56;105
02.03.2020 17:15;213;107;106
02.03.2020 17:30;136;52;84
02.03.2020 17:45;143;60;83
02.03.2020 18:00;159;79;80
02.03.2020 18:15;130;55;75
02.03.2020 18:30;105;47;58
02.03.2020 18:45;137;66;71
02.03.2020 19:00;103;46;57
02.03.2020 19:15;88;41;47
02.03.2020 19:30;81;40;41
02.03.2020 19:45;105;51;54
02.03.2020 20:00;77;43;34
02.03.2020 20:15;55;23;32
02.03.2020 20:30;58;26;32
02.03.2020 20:45;34;19;15
02.03.2020 21:00;36;18;18
02.03.2020 21:15;39;17;22
02.03.2020 21:30;34;13;21
02.03.2020 21:45;36;18;18
02.03.2020 22:00;40;13;27
02.03.2020 22:15;31;12;19
02.03.2020 22:30;37;13;24
02.03.2020 22:45;19;8;11
02.03.2020 23:00;15;2;13
02.03.2020 23:15;25;6;19
02.03.2020 23:30;19;11;8
02.03.2020 23:45;9;3;6
03.03.2020 00:00;11;5;6
03.03.2020 00:15;5;1;4
03.03.2020 00:30;10;5;5
03.03.2020 00:45;3;0;3
03.03.2020 01:00;4;0;4
03.03.2020 01:15;5;0;5
03.03.2020 01:30;4;3;1
03.03.2020 01:45;3;1;2
03.03.2020 02:00;2;0;2
03.03.2020 02:15;0;0;0
03.03.2020 02:30;1;1;0
03.03.2020 02:45;0;0;0
03.03.2020 03:00;2;0;2
03.03.2020 03:15;0;0;0
03.03.2020 03:30;0;0;0
03.03.2020 03:45;1;0;1
03.03.2020 04:00;1;0;1
03.03.2020 04:15;1;1;0
03.03.2020 04:30;3;3;0
03.03.2020 04:45;4;2;2
03.03.2020 05:00;4;2;2
03.03.2020 05:15;1;1;0
03.03.2020 05:30;10;8;2
03.03.2020 05:45;21;12;9
03.03.2020 06:00;15;10;5
03.03.2020 06:15;35;24;11
03.03.2020 06:30;43;22;21
03.03.2020 06:45;49;32;17
03.03.2020 07:00;52;30;22
03.03.2020 07:15;173;126;47
03.03.2020 07:30;328;203;125
03.03.2020 07:45;188;105;83
03.03.2020 08:00;132;70;62
03.03.2020 08:15;161;102;59
03.03.2020 08:30;135;80;55
03.03.2020 08:45;172;101;71
03.03.2020 09:00;98;56;42
03.03.2020 09:15;118;77;41
03.03.2020 09:30;119;52;67
03.03.2020 09:45;88;56;32
03.03.2020 10:00;61;37;24
03.03.2020 10:15;90;48;42
03.03.2020 10:30;78;40;38
03.03.2020 10:45;84;55;29
03.03.2020 11:00;110;51;59
03.03.2020 11:15;115;57;58
03.03.2020 11:30;89;48;41
03.03.2020 11:45;105;47;58
03.03.2020 12:00;98;41;57
03.03.2020 12:15;132;45;87
03.03.2020 12:30;127;53;74
03.03.2020 12:45;129;50;79
03.03.2020 13:00;210;45;165
03.03.2020 13:15;130;69;61
03.03.2020 13:30;112;53;59
03.03.2020 13:45;178;85;93
03.03.2020 14:00;123;59;64
03.03.2020 14:15;90;48;42
03.03.2020 14:30;110;59;51
03.03.2020 14:45;110;44;66
03.03.2020 15:00;118;66;52
03.03.2020 15:15;121;54;67
03.03.2020 15:30;252;119;133
03.03.2020 15:45;185;98;87
03.03.2020 16:00;152;74;78
03.03.2020 16:15;176;82;94
03.03.2020 16:30;121;53;68
03.03.2020 16:45;159;85;74
03.03.2020 17:00;172;83;89
03.03.2020 17:15;200;90;110
03.03.2020 17:30;160;76;84
03.03.2020 17:45;163;72;91
03.03.2020 18:00;148;64;84
03.03.2020 18:15;152;69;83
03.03.2020 18:30;153;58;95
03.03.2020 18:45;152;76;76
03.03.2020 19:00;126;32;94
03.03.2020 19:15;133;67;66
03.03.2020 19:30;117;60;57
03.03.2020 19:45;93;48;45
03.03.2020 20:00;92;44;48
03.03.2020 20:15;83;36;47
03.03.2020 20:30;71;32;39
03.03.2020 20:45;49;19;30
03.03.2020 21:00;46;14;32
03.03.2020 21:15;50;15;35
03.03.2020 21:30;38;19;19
03.03.2020 21:45;52;16;36
03.03.2020 22:00;74;24;50
03.03.2020 22:15;55;24;31
03.03.2020 22:30;42;15;27
03.03.2020 22:45;33;13;20
03.03.2020 23:00;27;13;14
03.03.2020 23:15;20;6;14
03.03.2020 23:30;17;5;12
03.03.2020 23:45;15;4;11
04.03.2020 00:00;10;3;7
04.03.2020 00:15;21;14;7
04.03.2020 00:30;8;4;4
04.03.2020 00:45;8;1;7
04.03.2020 01:00;9;5;4
04.03.2020 01:15;4;0;4
04.03.2020 01:30;5;1;4
04.03.2020 01:45;5;2;3
04.03.2020 02:00;4;0;4
04.03.2020 02:15;2;2;0
04.03.2020 02:30;0;0;0
04.03.2020 02:45;1;0;1
04.03.2020 03:00;5;0;5
04.03.2020 03:15;2;0;2
04.03.2020 03:30;0;0;0
04.03.2020 03:45;2;2;0
04.03.2020 04:00;0;0;0
04.03.2020 04:15;1;1;0
04.03.2020 04:30;2;2;0
04.03.2020 04:45;2;2;0
04.03.2020 05:00;1;0;1
04.03.2020 05:15;3;3;0
04.03.2020 05:30;12;5;7
04.03.2020 05:45;28;18;10
04.03.2020 06:00;24;17;7
04.03.2020 06:15;25;15;10
04.03.2020 06:30;38;24;14
04.03.2020 06:45;55;33;22
04.03.2020 07:00;61;30;31
04.03.2020 07:15;190;128;62
04.03.2020 07:30;356;224;132
04.03.2020 07:45;219;119;100
04.03.2020 08:00;140;68;72
04.03.2020 08:15;170;98;72
04.03.2020 08:30;145;79;66
04.03.2020 08:45;175;97;78
04.03.2020 09:00;131;88;43
04.03.2020 09:15;138;91;47
04.03.2020 09:30;116;57;59
04.03.2020 09:45;77;46;31
04.03.2020 10:00;67;30;37
04.03.2020 10:15;90;41;49
04.03.2020 10:30;83;46;37
04.03.2020 10:45;81;46;35
04.03.2020 11:00;100;51;49
04.03.2020 11:15;113;53;60
04.03.2020 11:30;110;54;56
04.03.2020 11:45;94;49;45
04.03.2020 12:00;99;37;62
04.03.2020 12:15;143;65;78
04.03.2020 12:30;138;52;86
04.03.2020 12:45;115;55;60
04.03.2020 13:00;288;105;183
04.03.2020 13:15;160;69;91
04.03.2020 13:30;129;50;79
04.03.2020 13:45;128;73;55
04.03.2020 14:00;122;58;64
04.03.2020 14:15;109;53;56
04.03.2020 14:30;96;47;49
04.03.2020 14:45;139;66;73
04.03.2020 15:00;119;64;55
04.03.2020 15:15;169;77;92
04.03.2020 15:30;239;84;155
04.03.2020 15:45;185;85;100
04.03.2020 16:00;152;73;79
04.03.2020 16:15;151;79;72
04.03.2020 16:30;171;85;86
04.03.2020 16:45;175;85;90
04.03.2020 17:00;193;89;104
04.03.2020 17:15;185;90;95
04.03.2020 17:30;178;80;98
04.03.2020 17:45;225;96;129
04.03.2020 18:00;175;78;97
04.03.2020 18:15;163;82;81
04.03.2020 18:30;153;63;90
04.03.2020 18:45;141;52;89
04.03.2020 19:00;135;63;72
04.03.2020 19:15;124;62;62
04.03.2020 19:30;86;46;40
04.03.2020 19:45;108;38;70
04.03.2020 20:00;109;48;61
04.03.2020 20:15;85;41;44
04.03.2020 20:30;80;22;58
04.03.2020 20:45;75;32;43
04.03.2020 21:00;48;17;31
04.03.2020 21:15;48;15;33
04.03.2020 21:30;58;21;37
04.03.2020 21:45;50;24;26
04.03.2020 22:00;61;29;32
04.03.2020 22:15;37;19;18
04.03.2020 22:30;48;16;32
04.03.2020 22:45;37;6;31
04.03.2020 23:00;28;13;15
04.03.2020 23:15;27;8;19
04.03.2020 23:30;27;10;17
04.03.2020 23:45;15;5;10
05.03.2020 00:00;18;7;11
05.03.2020 00:15;22;5;17
05.03.2020 00:30;7;2;5
05.03.2020 00:45;4;1;3
05.03.2020 01:00;7;3;4
05.03.2020 01:15;5;2;3
05.03.2020 01:30;3;2;1
05.03.2020 01:45;2;1;1
05.03.2020 02:00;0;0;0
05.03.2020 02:15;2;2;0
05.03.2020 02:30;0;0;0
05.03.2020 02:45;1;0;1
05.03.2020 03:00;3;0;3
05.03.2020 03:15;1;0;1
05.03.2020 03:30;0;0;0
05.03.2020 03:45;0;0;0
05.03.2020 04:00;1;0;1
05.03.2020 04:15;2;0;2
05.03.2020 04:30;3;3;0
05.03.2020 04:45;1;0;1
05.03.2020 05:00;1;1;0
05.03.2020 05:15;2;2;0
05.03.2020 05:30;12;6;6
05.03.2020 05:45;31;24;7
05.03.2020 06:00;16;9;7
05.03.2020 06:15;25;17;8
05.03.2020 06:30;38;21;17
05.03.2020 06:45;52;28;24
05.03.2020 07:00;46;23;23
05.03.2020 07:15;172;113;59
05.03.2020 07:30;343;214;129
05.03.2020 07:45;192;100;92
05.03.2020 08:00;141;70;71
05.03.2020 08:15;133;70;63
05.03.2020 08:30;132;71;61
05.03.2020 08:45;162;85;77
05.03.2020 09:00;110;62;48
05.03.2020 09:15;131;85;46
05.03.2020 09:30;87;37;50
05.03.2020 09:45;80;41;39
05.03.2020 10:00;60;35;25
05.03.2020 10:15;56;22;34
05.03.2020 10:30;69;30;39
05.03.2020 10:45;62;44;18
05.03.2020 11:00;73;38;35
05.03.2020 11:15;64;42;22
05.03.2020 11:30;71;37;34
05.03.2020 11:45;63;27;36
05.03.2020 12:00;72;32;40
05.03.2020 12:15;93;46;47
05.03.2020 12:30;78;33;45
05.03.2020 12:45;99;51;48
05.03.2020 13:00;240;53;187
05.03.2020 13:15;88;26;62
05.03.2020 13:30;77;31;46
05.03.2020 13:45;61;42;19
05.03.2020 14:00;93;36;57
05.03.2020 14:15;77;39;38
05.03.2020 14:30;77;41;36
05.03.2020 14:45;91;41;50
05.03.2020 15:00;64;36;28
05.03.2020 15:15;74;38;36
05.03.2020 15:30;179;68;111
05.03.2020 15:45;137;64;73
05.03.2020 16:00;94;39;55
05.03.2020 16:15;81;40;41
05.03.2020 16:30;118;63;55
05.03.2020 16:45;99;45;54
05.03.2020 17:00;115;44;71
05.03.2020 17:15;113;47;66
05.03.2020 17:30;122;55;67
05.03.2020 17:45;133;52;81
05.03.2020 18:00;105;43;62
05.03.2020 18:15;112;49;63
05.03.2020 18:30;108;50;58
05.03.2020 18:45;104;46;58
05.03.2020 19:00;78;27;51
05.03.2020 19:15;62;38;24
05.03.2020 19:30;70;32;38
05.03.2020 19:45;56;29;27
05.03.2020 20:00;61;24;37
05.03.2020 20:15;43;14;29
05.03.2020 20:30;45;30;15
05.03.2020 20:45;37;10;27
05.03.2020 21:00;39;14;25
05.03.2020 21:15;29;17;12
05.03.2020 21:30;42;23;19
05.03.2020 21:45;29;13;16
05.03.2020 22:00;32;10;22
05.03.2020 22:15;38;17;21
05.03.2020 22:30;38;12;26
05.03.2020 22:45;14;5;9
05.03.2020 23:00;21;3;18
05.03.2020 23:15;12;5;7
05.03.2020 23:30;15;4;11
05.03.2020 23:45;9;5;4
06.03.2020 00:00;6;2;4
06.03.2020 00:15;6;2;4
06.03.2020 00:30;14;5;9
06.03.2020 00:45;7;1;6
06.03.2020 01:00;5;2;3
06.03.2020 01:15;9;3;6
06.03.2020 01:30;5;2;3
06.03.2020 01:45;4;2;2
06.03.2020 02:00;0;0;0
06.03.2020 02:15;0;0;0
06.03.2020 02:30;2;1;1
06.03.2020 02:45;1;0;1
06.03.2020 03:00;1;0;1
06.03.2020 03:15;0;0;0
06.03.2020 03:30;0;0;0
06.03.2020 03:45;0;0;0
06.03.2020 04:00;0;0;0
06.03.2020 04:15;0;0;0
06.03.2020 04:30;0;0;0
06.03.2020 04:45;1;1;0
06.03.2020 05:00;2;1;1
06.03.2020 05:15;6;3;3
06.03.2020 05:30;12;7;5
06.03.2020 05:45;26;18;8
06.03.2020 06:00;22;8;14
06.03.2020 06:15;20;17;3
06.03.2020 06:30;34;22;12
06.03.2020 06:45;35;13;22
06.03.2020 07:00;44;25;19
06.03.2020 07:15;124;84;40
06.03.2020 07:30;318;195;123
06.03.2020 07:45;172;100;72
06.03.2020 08:00;125;74;51
06.03.2020 08:15;129;72;57
06.03.2020 08:30;120;63;57
06.03.2020 08:45;128;76;52
06.03.2020 09:00;113;66;47
06.03.2020 09:15;110;72;38
06.03.2020 09:30;100;59;41
06.03.2020 09:45;76;46;30
06.03.2020 10:00;60;34;26
06.03.2020 10:15;77;41;36
06.03.2020 10:30;85;36;49
06.03.2020 10:45;74;44;30
06.03.2020 11:00;92;45;47
06.03.2020 11:15;88;49;39
06.03.2020 11:30;102;58;44
06.03.2020 11:45;99;41;58
06.03.2020 12:00;116;46;70
06.03.2020 12:15;136;73;63
06.03.2020 12:30;158;73;85
06.03.2020 12:45;110;49;61
06.03.2020 13:00;270;72;198
06.03.2020 13:15;124;52;72
06.03.2020 13:30;124;40;84
06.03.2020 13:45;125;68;57
06.03.2020 14:00;99;45;54
06.03.2020 14:15;104;46;58
06.03.2020 14:30;110;55;55
06.03.2020 14:45;119;70;49
06.03.2020 15:00;103;56;47
06.03.2020 15:15;105;43;62
06.03.2020 15:30;103;40;63
06.03.2020 15:45;121;44;77
06.03.2020 16:00;111;49;62
06.03.2020 16:15;125;55;70
06.03.2020 16:30;119;58;61
06.03.2020 16:45;123;48;75
06.03.2020 17:00;110;49;61
06.03.2020 17:15;108;60;48
06.03.2020 17:30;130;51;79
06.03.2020 17:45;110;47;63
06.03.2020 18:00;93;43;50
06.03.2020 18:15;91;45;46
06.03.2020 18:30;90;40;50
06.03.2020 18:45;103;54;49
06.03.2020 19:00;111;50;61
06.03.2020 19:15;88;45;43
06.03.2020 19:30;78;35;43
06.03.2020 19:45;45;25;20
06.03.2020 20:00;83;44;39
06.03.2020 20:15;43;18;25
06.03.2020 20:30;49;23;26
06.03.2020 20:45;34;22;12
06.03.2020 21:00;47;24;23
06.03.2020 21:15;43;24;19
06.03.2020 21:30;42;25;17
06.03.2020 21:45;36;18;18
06.03.2020 22:00;35;15;20
06.03.2020 22:15;40;19;21
06.03.2020 22:30;31;11;20
06.03.2020 22:45;45;20;25
06.03.2020 23:00;35;13;22
06.03.2020 23:15;39;8;31
06.03.2020 23:30;18;8;10
06.03.2020 23:45;34;17;17
07.03.2020 00:00;29;7;22
07.03.2020 00:15;13;8;5
07.03.2020 00:30;9;3;6
07.03.2020 00:45;20;5;15
07.03.2020 01:00;13;2;11
07.03.2020 01:15;12;5;7
07.03.2020 01:30;12;6;6
07.03.2020 01:45;15;4;11
07.03.2020 02:00;10;3;7
07.03.2020 02:15;10;2;8
07.03.2020 02:30;7;1;6
07.03.2020 02:45;6;2;4
07.03.2020 03:00;4;3;1
07.03.2020 03:15;3;0;3
07.03.2020 03:30;3;2;1
07.03.2020 03:45;6;4;2
07.03.2020 04:00;2;1;1
07.03.2020 04:15;7;7;0
07.03.2020 04:30;5;3;2
07.03.2020 04:45;3;1;2
07.03.2020 05:00;2;1;1
07.03.2020 05:15;4;3;1
07.03.2020 05:30;5;4;1
07.03.2020 05:45;13;9;4
07.03.2020 06:00;3;3;0
07.03.2020 06:15;8;2;6
07.03.2020 06:30;5;4;1
07.03.2020 06:45;14;9;5
07.03.2020 07:00;10;3;7
07.03.2020 07:15;11;6;5
07.03.2020 07:30;20;12;8
07.03.2020 07:45;16;8;8
07.03.2020 08:00;12;7;5
07.03.2020 08:15;27;14;13
07.03.2020 08:30;35;16;19
07.03.2020 08:45;51;29;22
07.03.2020 09:00;36;23;13
07.03.2020 09:15;55;37;18
07.03.2020 09:30;76;48;28
07.03.2020 09:45;97;60;37
07.03.2020 10:00;59;35;24
07.03.2020 10:15;72;31;41
07.03.2020 10:30;87;50;37
07.03.2020 10:45;117;72;45
07.03.2020 11:00;118;75;43
07.03.2020 11:15;108;53;55
07.03.2020 11:30;103;48;55
07.03.2020 11:45;91;45;46
07.03.2020 12:00;89;35;54
07.03.2020 12:15;108;58;50
07.03.2020 12:30;109;70;39
07.03.2020 12:45;96;54;42
07.03.2020 13:00;80;42;38
07.03.2020 13:15;79;36;43
07.03.2020 13:30;79;38;41
07.03.2020 13:45;104;56;48
07.03.2020 14:00;99;47;52
07.03.2020 14:15;96;41;55
07.03.2020 14:30;121;63;58
07.03.2020 14:45;88;42;46
07.03.2020 15:00;81;26;55
07.03.2020 15:15;84;35;49
07.03.2020 15:30;121;67;54
07.03.2020 15:45;107;45;62
07.03.2020 16:00;60;28;32
07.03.2020 16:15;86;30;56
07.03.2020 16:30;100;48;52
07.03.2020 16:45;81;40;41
07.03.2020 17:00;81;33;48
07.03.2020 17:15;107;58;49
07.03.2020 17:30;96;38;58
07.03.2020 17:45;107;50;57
07.03.2020 18:00;104;36;68
07.03.2020 18:15;79;36;43
07.03.2020 18:30;66;26;40
07.03.2020 18:45;94;47;47
07.03.2020 19:00;65;27;38
07.03.2020 19:15;70;35;35
07.03.2020 19:30;54;35;19
07.03.2020 19:45;62;35;27
07.03.2020 20:00;57;28;29
07.03.2020 20:15;61;38;23
07.03.2020 20:30;68;36;32
07.03.2020 20:45;50;23;27
07.03.2020 21:00;36;17;19
07.03.2020 21:15;35;22;13
07.03.2020 21:30;62;36;26
07.03.2020 21:45;42;21;21
07.03.2020 22:00;31;14;17
07.03.2020 22:15;31;12;19
07.03.2020 22:30;32;10;22
07.03.2020 22:45;44;21;23
07.03.2020 23:00;31;19;12
07.03.2020 23:15;31;12;19
07.03.2020 23:30;25;12;13
07.03.2020 23:45;37;12;25
08.03.2020 00:00;24;5;19
08.03.2020 00:15;26;7;19
08.03.2020 00:30;20;4;16
08.03.2020 00:45;29;5;24
08.03.2020 01:00;20;7;13
08.03.2020 01:15;19;10;9
08.03.2020 01:30;27;8;19
08.03.2020 01:45;16;1;15
08.03.2020 02:00;17;4;13
08.03.2020 02:15;18;5;13
08.03.2020 02:30;13;7;6
08.03.2020 02:45;8;4;4
08.03.2020 03:00;17;2;15
08.03.2020 03:15;13;3;10
08.03.2020 03:30;9;9;0
08.03.2020 03:45;9;5;4
08.03.2020 04:00;13;4;9
08.03.2020 04:15;4;1;3
08.03.2020 04:30;6;6;0
08.03.2020 04:45;6;4;2
08.03.2020 05:00;1;1;0
08.03.2020 05:15;3;0;3
08.03.2020 05:30;8;4;4
08.03.2020 05:45;9;2;7
08.03.2020 06:00;4;3;1
08.03.2020 06:15;7;4;3
08.03.2020 06:30;0;0;0
08.03.2020 06:45;6;4;2
08.03.2020 07:00;4;3;1
08.03.2020 07:15;7;7;0
08.03.2020 07:30;7;4;3
08.03.2020 07:45;4;4;0
08.03.2020 08:00;10;7;3
08.03.2020 08:15;10;7;3
08.03.2020 08:30;7;3;4
08.03.2020 08:45;17;8;9
08.03.2020 09:00;25;14;11
08.03.2020 09:15;30;17;13
08.03.2020 09:30;38;18;20
08.03.2020 09:45;52;31;21
08.03.2020 10:00;37;15;22
08.03.2020 10:15;40;22;18
08.03.2020 10:30;43;24;19
08.03.2020 10:45;45;23;22
08.03.2020 11:00;40;17;23
08.03.2020 11:15;70;29;41
08.03.2020 11:30;61;20;41
08.03.2020 11:45;68;26;42
08.03.2020 12:00;74;30;44
08.03.2020 12:15;54;23;31
08.03.2020 12:30;60;30;30
08.03.2020 12:45;77;45;32
08.03.2020 13:00;69;38;31
08.03.2020 13:15;53;20;33
08.03.2020 13:30;81;41;40
08.03.2020 13:45;91;62;29
08.03.2020 14:00;91;54;37
08.03.2020 14:15;88;44;44
08.03.2020 14:30;71;37;34
08.03.2020 14:45;91;47;44
08.03.2020 15:00;96;51;45
08.03.2020 15:15;88;40;48
08.03.2020 15:30;74;34;40
08.03.2020 15:45;84;39;45
08.03.2020 16:00;88;33;55
08.03.2020 16:15;76;33;43
08.03.2020 16:30;54;25;29
08.03.2020 16:45;98;41;57
08.03.2020 17:00;90;39;51
08.03.2020 17:15;67;29;38
08.03.2020 17:30;73;41;32
08.03.2020 17:45;74;39;35
08.03.2020 18:00;70;36;34
08.03.2020 18:15;58;24;34
08.03.2020 18:30;54;16;38
08.03.2020 18:45;45;13;32
08.03.2020 19:00;43;19;24
08.03.2020 19:15;43;30;13
08.03.2020 19:30;37;18;19
08.03.2020 19:45;30;17;13
08.03.2020 20:00;46;19;27
08.03.2020 20:15;39;24;15
08.03.2020 20:30;25;10;15
08.03.2020 20:45;40;20;20
08.03.2020 21:00;38;17;21
08.03.2020 21:15;17;5;12
08.03.2020 21:30;15;8;7
08.03.2020 21:45;17;7;10
08.03.2020 22:00;19;7;12
08.03.2020 22:15;27;16;11
08.03.2020 22:30;27;5;22
08.03.2020 22:45;17;3;14
08.03.2020 23:00;10;6;4
08.03.2020 23:15;19;4;15
08.03.2020 23:30;7;5;2
08.03.2020 23:45;4;1;3
09.03.2020 00:00;6;1;5
09.03.2020 00:15;7;3;4
09.03.2020 00:30;1;0;1
09.03.2020 00:45;5;4;1
09.03.2020 01:00;1;1;0
09.03.2020 01:15;5;2;3
09.03.2020 01:30;4;2;2
09.03.2020 01:45;3;2;1
09.03.2020 02:00;1;0;1
09.03.2020 02:15;0;0;0
09.03.2020 02:30;0;0;0
09.03.2020 02:45;1;0;1
09.03.2020 03:00;0;0;0
09.03.2020 03:15;1;1;0
09.03.2020 03:30;2;2;0
09.03.2020 03:45;2;2;0
09.03.2020 04:00;1;0;1
09.03.2020 04:15;2;0;2
09.03.2020 04:30;0;0;0
09.03.2020 04:45;2;2;0
09.03.2020 05:00;3;3;0
09.03.2020 05:15;1;1;0
09.03.2020 05:30;15;8;7
09.03.2020 05:45;26;18;8
09.03.2020 06:00;19;13;6
09.03.2020 06:15;24;17;7
09.03.2020 06:30;37;22;15
09.03.2020 06:45;70;45;25
09.03.2020 07:00;48;29;19
09.03.2020 07:15;148;90;58
09.03.2020 07:30;295;184;111
09.03.2020 07:45;174;91;83
09.03.2020 08:00;121;73;48
09.03.2020 08:15;156;91;65
09.03.2020 08:30;147;66;81
09.03.2020 08:45;141;93;48
09.03.2020 09:00;73;50;23
09.03.2020 09:15;109;73;36
09.03.2020 09:30;80;38;42
09.03.2020 09:45;69;39;30
09.03.2020 10:00;57;27;30
09.03.2020 10:15;45;25;20
09.03.2020 10:30;63;26;37
09.03.2020 10:45;63;40;23
09.03.2020 11:00;86;41;45
09.03.2020 11:15;71;30;41
09.03.2020 11:30;71;35;36
09.03.2020 11:45;87;38;49
09.03.2020 12:00;77;30;47
09.03.2020 12:15;103;43;60
09.03.2020 12:30;104;36;68
09.03.2020 12:45;103;55;48
09.03.2020 13:00;184;60;124
09.03.2020 13:15;127;57;70
09.03.2020 13:30;107;59;48
09.03.2020 13:45;176;106;70
09.03.2020 14:00;107;51;56
09.03.2020 14:15;89;46;43
09.03.2020 14:30;88;48;40
09.03.2020 14:45;116;50;66
09.03.2020 15:00;96;53;43
09.03.2020 15:15;126;58;68
09.03.2020 15:30;231;112;119
09.03.2020 15:45;175;87;88
09.03.2020 16:00;166;85;81
09.03.2020 16:15;127;56;71
09.03.2020 16:30;139;64;75
09.03.2020 16:45;152;69;83
09.03.2020 17:00;151;65;86
09.03.2020 17:15;202;115;87
09.03.2020 17:30;131;52;79
09.03.2020 17:45;143;70;73
09.03.2020 18:00;131;60;71
09.03.2020 18:15;109;61;48
09.03.2020 18:30;106;52;54
09.03.2020 18:45;112;48;64
09.03.2020 19:00;100;47;53
09.03.2020 19:15;81;36;45
09.03.2020 19:30;108;49;59
09.03.2020 19:45;89;37;52
09.03.2020 20:00;77;27;50
09.03.2020 20:15;70;32;38
09.03.2020 20:30;66;29;37
09.03.2020 20:45;38;18;20
09.03.2020 21:00;40;18;22
09.03.2020 21:15;45;14;31
09.03.2020 21:30;43;16;27
09.03.2020 21:45;40;11;29
09.03.2020 22:00;34;14;20
09.03.2020 22:15;36;18;18
09.03.2020 22:30;21;11;10
09.03.2020 22:45;20;8;12
09.03.2020 23:00;22;7;15
09.03.2020 23:15;23;10;13
09.03.2020 23:30;6;3;3
09.03.2020 23:45;7;3;4
10.03.2020 00:00;11;2;9
10.03.2020 00:15;7;3;4
10.03.2020 00:30;6;3;3
10.03.2020 00:45;4;2;2
10.03.2020 01:00;7;3;4
10.03.2020 01:15;8;5;3
10.03.2020 01:30;5;3;2
10.03.2020 01:45;4;3;1
10.03.2020 02:00;5;3;2
10.03.2020 02:15;1;0;1
10.03.2020 02:30;0;0;0
10.03.2020 02:45;0;0;0
10.03.2020 03:00;3;2;1
10.03.2020 03:15;1;1;0
10.03.2020 03:30;0;0;0
10.03.2020 03:45;2;2;0
10.03.2020 04:00;0;0;0
10.03.2020 04:15;2;2;0
10.03.2020 04:30;1;1;0
10.03.2020 04:45;3;3;0
10.03.2020 05:00;2;2;0
10.03.2020 05:15;2;2;0
10.03.2020 05:30;7;5;2
10.03.2020 05:45;30;23;7
10.03.2020 06:00;18;13;5
10.03.2020 06:15;28;19;9
10.03.2020 06:30;43;30;13
10.03.2020 06:45;59;37;22
10.03.2020 07:00;53;21;32
10.03.2020 07:15;166;110;56
10.03.2020 07:30;318;179;139
10.03.2020 07:45;228;126;102
10.03.2020 08:00;112;59;53
10.03.2020 08:15;144;85;59
10.03.2020 08:30;121;76;45
10.03.2020 08:45;159;95;64
10.03.2020 09:00;82;47;35
10.03.2020 09:15;122;88;34
10.03.2020 09:30;94;33;61
10.03.2020 09:45;91;52;39
10.03.2020 10:00;55;30;25
10.03.2020 10:15;45;24;21
10.03.2020 10:30;49;28;21
10.03.2020 10:45;61;31;30
10.03.2020 11:00;80;40;40
10.03.2020 11:15;77;46;31
10.03.2020 11:30;53;23;30
10.03.2020 11:45;79;35;44
10.03.2020 12:00;65;23;42
10.03.2020 12:15;90;35;55
10.03.2020 12:30;95;30;65
10.03.2020 12:45;92;46;46
10.03.2020 13:00;188;44;144
10.03.2020 13:15;86;42;44
10.03.2020 13:30;88;42;46
10.03.2020 13:45;117;59;58
10.03.2020 14:00;65;27;38
10.03.2020 14:15;65;22;43
10.03.2020 14:30;63;29;34
10.03.2020 14:45;82;37;45
10.03.2020 15:00;70;29;41
10.03.2020 15:15;90;35;55
10.03.2020 15:30;236;95;141
10.03.2020 15:45;119;56;63
10.03.2020 16:00;111;59;52
10.03.2020 16:15;125;70;55
10.03.2020 16:30;103;47;56
10.03.2020 16:45;159;76;83
10.03.2020 17:00;137;75;62
10.03.2020 17:15;141;61;80
10.03.2020 17:30;136;68;68
10.03.2020 17:45;130;60;70
10.03.2020 18:00;122;58;64
10.03.2020 18:15;101;36;65
10.03.2020 18:30;101;42;59
10.03.2020 18:45;126;67;59
10.03.2020 19:00;99;35;64
10.03.2020 19:15;78;31;47
10.03.2020 19:30;90;43;47
10.03.2020 19:45;99;54;45
10.03.2020 20:00;68;34;34
10.03.2020 20:15;52;17;35
10.03.2020 20:30;44;20;24
10.03.2020 20:45;36;17;19
10.03.2020 21:00;34;14;20
10.03.2020 21:15;38;21;17
10.03.2020 21:30;28;8;20
10.03.2020 21:45;73;30;43
10.03.2020 22:00;39;13;26
10.03.2020 22:15;40;14;26
10.03.2020 22:30;32;10;22
10.03.2020 22:45;25;6;19
10.03.2020 23:00;14;5;9
10.03.2020 23:15;12;2;10
10.03.2020 23:30;14;5;9
10.03.2020 23:45;11;5;6
11.03.2020 00:00;5;2;3
11.03.2020 00:15;9;2;7
11.03.2020 00:30;12;2;10
11.03.2020 00:45;5;1;4
11.03.2020 01:00;3;1;2
11.03.2020 01:15;1;1;0
11.03.2020 01:30;0;0;0
11.03.2020 01:45;3;1;2
11.03.2020 02:00;1;0;1
11.03.2020 02:15;0;0;0
11.03.2020 02:30;0;0;0
11.03.2020 02:45;5;1;4
11.03.2020 03:00;1;0;1
11.03.2020 03:15;2;2;0
11.03.2020 03:30;2;2;0
11.03.2020 03:45;1;1;0
11.03.2020 04:00;3;2;1
11.03.2020 04:15;1;1;0
11.03.2020 04:30;3;3;0
11.03.2020 04:45;2;2;0
11.03.2020 05:00;0;0;0
11.03.2020 05:15;7;4;3
11.03.2020 05:30;9;6;3
11.03.2020 05:45;33;25;8
11.03.2020 06:00;25;19;6
11.03.2020 06:15;23;13;10
11.03.2020 06:30;34;14;20
11.03.2020 06:45;62;36;26
11.03.2020 07:00;70;41;29
11.03.2020 07:15;174;101;73
11.03.2020 07:30;377;239;138
11.03.2020 07:45;198;103;95
11.03.2020 08:00;167;104;63
11.03.2020 08:15;195;104;91
11.03.2020 08:30;141;75;66
11.03.2020 08:45;193;124;69
11.03.2020 09:00;142;89;53
11.03.2020 09:15;164;110;54
11.03.2020 09:30;121;62;59
11.03.2020 09:45;149;86;63
11.03.2020 10:00;92;52;40
11.03.2020 10:15;95;47;48
11.03.2020 10:30;93;41;52
11.03.2020 10:45;86;44;42
11.03.2020 11:00;103;56;47
11.03.2020 11:15;105;60;45
11.03.2020 11:30;107;55;52
11.03.2020 11:45;95;45;50
11.03.2020 12:00;110;51;59
11.03.2020 12:15;145;60;85
11.03.2020 12:30;139;59;80
11.03.2020 12:45;127;58;69
11.03.2020 13:00;266;89;177
11.03.2020 13:15;183;97;86
11.03.2020 13:30;138;68;70
11.03.2020 13:45;151;84;67
11.03.2020 14:00;134;69;65
11.03.2020 14:15;140;69;71
11.03.2020 14:30;156;72;84
11.03.2020 14:45;129;66;63
11.03.2020 15:00;147;76;71
11.03.2020 15:15;169;91;78
11.03.2020 15:30;263;97;166
11.03.2020 15:45;217;75;142
11.03.2020 16:00;183;85;98
11.03.2020 16:15;198;104;94
11.03.2020 16:30;178;70;108
11.03.2020 16:45;195;96;99
11.03.2020 17:00;156;61;95
11.03.2020 17:15;234;125;109
11.03.2020 17:30;191;77;114
11.03.2020 17:45;189;79;110
11.03.2020 18:00;164;68;96
11.03.2020 18:15;175;82;93
11.03.2020 18:30;150;69;81
11.03.2020 18:45;145;66;79
11.03.2020 19:00;149;68;81
11.03.2020 19:15;148;78;70
11.03.2020 19:30;88;49;39
11.03.2020 19:45;103;43;60
11.03.2020 20:00;121;55;66
11.03.2020 20:15;97;42;55
11.03.2020 20:30;71;25;46
11.03.2020 20:45;86;29;57
11.03.2020 21:00;40;20;20
11.03.2020 21:15;44;23;21
11.03.2020 21:30;53;24;29
11.03.2020 21:45;55;29;26
11.03.2020 22:00;59;27;32
11.03.2020 22:15;41;17;24
11.03.2020 22:30;41;19;22
11.03.2020 22:45;33;15;18
11.03.2020 23:00;44;25;19
11.03.2020 23:15;34;12;22
11.03.2020 23:30;27;13;14
11.03.2020 23:45;22;5;17
12.03.2020 00:00;14;9;5
12.03.2020 00:15;11;3;8
12.03.2020 00:30;4;3;1
12.03.2020 00:45;8;5;3
12.03.2020 01:00;8;1;7
12.03.2020 01:15;11;3;8
12.03.2020 01:30;3;0;3
12.03.2020 01:45;2;1;1
12.03.2020 02:00;3;2;1
12.03.2020 02:15;1;0;1
12.03.2020 02:30;0;0;0
12.03.2020 02:45;0;0;0
12.03.2020 03:00;5;2;3
12.03.2020 03:15;2;1;1
12.03.2020 03:30;1;0;1
12.03.2020 03:45;2;1;1
12.03.2020 04:00;1;1;0
12.03.2020 04:15;0;0;0
12.03.2020 04:30;2;2;0
12.03.2020 04:45;3;3;0
12.03.2020 05:00;2;1;1
12.03.2020 05:15;7;4;3
12.03.2020 05:30;8;6;2
12.03.2020 05:45;19;15;4
12.03.2020 06:00;19;11;8
12.03.2020 06:15;34;23;11
12.03.2020 06:30;36;23;13
12.03.2020 06:45;64;37;27
12.03.2020 07:00;83;51;32
12.03.2020 07:15;204;126;78
12.03.2020 07:30;352;215;137
12.03.2020 07:45;204;112;92
12.03.2020 08:00;169;106;63
12.03.2020 08:15;152;80;72
12.03.2020 08:30;172;79;93
12.03.2020 08:45;173;109;64
12.03.2020 09:00;134;72;62
12.03.2020 09:15;196;134;62
12.03.2020 09:30;125;72;53
12.03.2020 09:45;119;61;58
12.03.2020 10:00;87;57;30
12.03.2020 10:15;82;43;39
12.03.2020 10:30;73;37;36
12.03.2020 10:45;90;55;35
12.03.2020 11:00;91;44;47
12.03.2020 11:15;136;85;51
12.03.2020 11:30;89;38;51
12.03.2020 11:45;102;50;52
12.03.2020 12:00;111;38;73
12.03.2020 12:15;128;63;65
12.03.2020 12:30;145;60;85
12.03.2020 12:45;117;55;62
12.03.2020 13:00;250;50;200
12.03.2020 13:15;163;81;82
12.03.2020 13:30;127;50;77
12.03.2020 13:45;170;91;79
12.03.2020 14:00;132;59;73
12.03.2020 14:15;114;43;71
12.03.2020 14:30;132;67;65
12.03.2020 14:45;158;79;79
12.03.2020 15:00;141;70;71
12.03.2020 15:15;137;74;63
12.03.2020 15:30;282;139;143
12.03.2020 15:45;208;109;99
12.03.2020 16:00;168;75;93
12.03.2020 16:15;177;78;99
12.03.2020 16:30;168;77;91
12.03.2020 16:45;206;99;107
12.03.2020 17:00;194;70;124
12.03.2020 17:15;243;118;125
12.03.2020 17:30;188;92;96
12.03.2020 17:45;197;80;117
12.03.2020 18:00;177;78;99
12.03.2020 18:15;156;78;78
12.03.2020 18:30;181;86;95
12.03.2020 18:45;170;98;72
12.03.2020 19:00;101;41;60
12.03.2020 19:15;106;61;45
12.03.2020 19:30;83;44;39
12.03.2020 19:45;99;45;54
12.03.2020 20:00;101;52;49
12.03.2020 20:15;78;34;44
12.03.2020 20:30;74;30;44
12.03.2020 20:45;64;27;37
12.03.2020 21:00;63;19;44
12.03.2020 21:15;46;15;31
12.03.2020 21:30;45;21;24
12.03.2020 21:45;50;17;33
12.03.2020 22:00;38;13;25
12.03.2020 22:15;44;15;29
12.03.2020 22:30;39;21;18
12.03.2020 22:45;38;16;22
12.03.2020 23:00;24;8;16
12.03.2020 23:15;23;5;18
12.03.2020 23:30;28;10;18
12.03.2020 23:45;19;5;14
13.03.2020 00:00;18;8;10
13.03.2020 00:15;10;2;8
13.03.2020 00:30;11;9;2
13.03.2020 00:45;12;3;9
13.03.2020 01:00;8;3;5
13.03.2020 01:15;5;3;2
13.03.2020 01:30;7;5;2
13.03.2020 01:45;9;4;5
13.03.2020 02:00;3;2;1
13.03.2020 02:15;1;0;1
13.03.2020 02:30;2;1;1
13.03.2020 02:45;6;1;5
13.03.2020 03:00;2;1;1
13.03.2020 03:15;0;0;0
13.03.2020 03:30;1;0;1
13.03.2020 03:45;2;1;1
13.03.2020 04:00;2;0;2
13.03.2020 04:15;2;2;0
13.03.2020 04:30;1;1;0
13.03.2020 04:45;1;1;0
13.03.2020 05:00;4;3;1
13.03.2020 05:15;4;1;3
13.03.2020 05:30;10;7;3
13.03.2020 05:45;17;14;3
13.03.2020 06:00;18;11;7
13.03.2020 06:15;20;16;4
13.03.2020 06:30;37;19;18
13.03.2020 06:45;44;27;17
13.03.2020 07:00;68;37;31
13.03.2020 07:15;181;116;65
13.03.2020 07:30;319;171;148
13.03.2020 07:45;177;113;64
13.03.2020 08:00;138;85;53
13.03.2020 08:15;148;93;55
13.03.2020 08:30;142;87;55
13.03.2020 08:45;158;102;56
13.03.2020 09:00;146;98;48
13.03.2020 09:15;141;88;53
13.03.2020 09:30;119;78;41
13.03.2020 09:45;133;71;62
13.03.2020 10:00;87;51;36
13.03.2020 10:15;89;46;43
13.03.2020 10:30;83;43;40
13.03.2020 10:45;107;65;42
13.03.2020 11:00;122;51;71
13.03.2020 11:15;129;72;57
13.03.2020 11:30;114;67;47
13.03.2020 11:45;115;48;67
13.03.2020 12:00;116;48;68
13.03.2020 12:15;181;82;99
13.03.2020 12:30;191;90;101
13.03.2020 12:45;171;87;84
13.03.2020 13:00;306;71;235
13.03.2020 13:15;159;69;90
13.03.2020 13:30;136;63;73
13.03.2020 13:45;138;66;72
13.03.2020 14:00;145;67;78
13.03.2020 14:15;183;83;100
13.03.2020 14:30;125;59;66
13.03.2020 14:45;185;94;91
13.03.2020 15:00;167;75;92
13.03.2020 15:15;154;72;82
13.03.2020 15:30;161;92;69
13.03.2020 15:45;139;71;68
13.03.2020 16:00;190;73;117
13.03.2020 16:15;167;81;86
13.03.2020 16:30;141;58;83
13.03.2020 16:45;175;89;86
13.03.2020 17:00;158;89;69
13.03.2020 17:15;171;68;103
13.03.2020 17:30;159;69;90
13.03.2020 17:45;153;56;97
13.03.2020 18:00;146;57;89
13.03.2020 18:15;147;45;102
13.03.2020 18:30;137;47;90
13.03.2020 18:45;119;52;67
13.03.2020 19:00;139;67;72
13.03.2020 19:15;106;50;56
13.03.2020 19:30;100;52;48
13.03.2020 19:45;68;33;35
13.03.2020 20:00;79;48;31
13.03.2020 20:15;65;28;37
13.03.2020 20:30;55;29;26
13.03.2020 20:45;44;18;26
13.03.2020 21:00;41;17;24
13.03.2020 21:15;42;16;26
13.03.2020 21:30;49;23;26
13.03.2020 21:45;37;22;15
13.03.2020 22:00;43;22;21
13.03.2020 22:15;41;16;25
13.03.2020 22:30;17;6;11
13.03.2020 22:45;26;12;14
13.03.2020 23:00;37;20;17
13.03.2020 23:15;33;11;22
13.03.2020 23:30;30;10;20
13.03.2020 23:45;30;13;17
14.03.2020 00:00;27;9;18
14.03.2020 00:15;26;14;12
14.03.2020 00:30;16;5;11
14.03.2020 00:45;15;4;11
14.03.2020 01:00;18;1;17
14.03.2020 01:15;18;10;8
14.03.2020 01:30;24;5;19
14.03.2020 01:45;16;10;6
14.03.2020 02:00;12;7;5
14.03.2020 02:15;5;4;1
14.03.2020 02:30;16;11;5
14.03.2020 02:45;9;4;5
14.03.2020 03:00;3;0;3
14.03.2020 03:15;6;1;5
14.03.2020 03:30;6;5;1
14.03.2020 03:45;8;3;5
14.03.2020 04:00;2;1;1
14.03.2020 04:15;2;1;1
14.03.2020 04:30;3;2;1
14.03.2020 04:45;2;2;0
14.03.2020 05:00;2;1;1
14.03.2020 05:15;5;4;1
14.03.2020 05:30;7;5;2
14.03.2020 05:45;8;6;2
14.03.2020 06:00;7;7;0
14.03.2020 06:15;9;7;2
14.03.2020 06:30;7;3;4
14.03.2020 06:45;7;1;6
14.03.2020 07:00;9;5;4
14.03.2020 07:15;9;6;3
14.03.2020 07:30;23;11;12
14.03.2020 07:45;23;10;13
14.03.2020 08:00;17;5;12
14.03.2020 08:15;34;15;19
14.03.2020 08:30;37;25;12
14.03.2020 08:45;66;43;23
14.03.2020 09:00;43;33;10
14.03.2020 09:15;61;33;28
14.03.2020 09:30;95;65;30
14.03.2020 09:45;103;54;49
14.03.2020 10:00;78;46;32
14.03.2020 10:15;96;42;54
14.03.2020 10:30;95;51;44
14.03.2020 10:45;104;59;45
14.03.2020 11:00;98;55;43
14.03.2020 11:15;100;56;44
14.03.2020 11:30;121;63;58
14.03.2020 11:45;111;60;51
14.03.2020 12:00;96;45;51
14.03.2020 12:15;123;60;63
14.03.2020 12:30;92;52;40
14.03.2020 12:45;117;60;57
14.03.2020 13:00;106;64;42
14.03.2020 13:15;111;48;63
14.03.2020 13:30;111;46;65
14.03.2020 13:45;120;58;62
14.03.2020 14:00;117;56;61
14.03.2020 14:15;94;34;60
14.03.2020 14:30;117;54;63
14.03.2020 14:45;117;52;65
14.03.2020 15:00;103;39;64
14.03.2020 15:15;105;57;48
14.03.2020 15:30;98;42;56
14.03.2020 15:45;89;47;42
14.03.2020 16:00;90;34;56
14.03.2020 16:15;100;42;58
14.03.2020 16:30;99;52;47
14.03.2020 16:45;76;43;33
14.03.2020 17:00;72;29;43
14.03.2020 17:15;77;32;45
14.03.2020 17:30;87;49;38
14.03.2020 17:45;103;42;61
14.03.2020 18:00;89;26;63
14.03.2020 18:15;63;22;41
14.03.2020 18:30;79;34;45
14.03.2020 18:45;66;25;41
14.03.2020 19:00;34;14;20
14.03.2020 19:15;65;32;33
14.03.2020 19:30;50;19;31
14.03.2020 19:45;58;26;32
14.03.2020 20:00;49;28;21
14.03.2020 20:15;51;22;29
14.03.2020 20:30;40;19;21
14.03.2020 20:45;33;16;17
14.03.2020 21:00;23;9;14
14.03.2020 21:15;37;17;20
14.03.2020 21:30;20;8;12
14.03.2020 21:45;19;8;11
14.03.2020 22:00;29;8;21
14.03.2020 22:15;24;6;18
14.03.2020 22:30;20;11;9
14.03.2020 22:45;24;11;13
14.03.2020 23:00;16;5;11
14.03.2020 23:15;19;13;6
14.03.2020 23:30;24;8;16
14.03.2020 23:45;34;12;22
15.03.2020 00:00;17;11;6
15.03.2020 00:15;15;10;5
15.03.2020 00:30;18;11;7
15.03.2020 00:45;11;6;5
15.03.2020 01:00;16;6;10
15.03.2020 01:15;12;3;9
15.03.2020 01:30;13;2;11
15.03.2020 01:45;13;5;8
15.03.2020 02:00;9;5;4
15.03.2020 02:15;7;2;5
15.03.2020 02:30;13;4;9
15.03.2020 02:45;2;0;2
15.03.2020 03:00;7;3;4
15.03.2020 03:15;5;2;3
15.03.2020 03:30;6;1;5
15.03.2020 03:45;3;1;2
15.03.2020 04:00;2;0;2
15.03.2020 04:15;1;1;0
15.03.2020 04:30;4;2;2
15.03.2020 04:45;0;0;0
15.03.2020 05:00;0;0;0
15.03.2020 05:15;5;3;2
15.03.2020 05:30;4;1;3
15.03.2020 05:45;5;3;2
15.03.2020 06:00;7;5;2
15.03.2020 06:15;12;10;2
15.03.2020 06:30;0;0;0
15.03.2020 06:45;10;3;7
15.03.2020 07:00;4;4;0
15.03.2020 07:15;4;3;1
15.03.2020 07:30;8;3;5
15.03.2020 07:45;9;4;5
15.03.2020 08:00;15;10;5
15.03.2020 08:15;14;8;6
15.03.2020 08:30;11;7;4
15.03.2020 08:45;20;11;9
15.03.2020 09:00;13;6;7
15.03.2020 09:15;21;11;10
15.03.2020 09:30;43;24;19
15.03.2020 09:45;38;17;21
15.03.2020 10:00;22;12;10
15.03.2020 10:15;46;19;27
15.03.2020 10:30;41;26;15
15.03.2020 10:45;70;38;32
15.03.2020 11:00;59;31;28
15.03.2020 11:15;76;39;37
15.03.2020 11:30;56;27;29
15.03.2020 11:45;73;27;46
15.03.2020 12:00;75;34;41
15.03.2020 12:15;74;30;44
15.03.2020 12:30;93;46;47
15.03.2020 12:45;101;52;49
15.03.2020 13:00;118;48;70
15.03.2020 13:15;89;36;53
15.03.2020 13:30;111;49;62
15.03.2020 13:45;118;52;66
15.03.2020 14:00;134;54;80
15.03.2020 14:15;137;49;88
15.03.2020 14:30;98;41;57
15.03.2020 14:45;125;47;78
15.03.2020 15:00;99;51;48
15.03.2020 15:15;142;66;76
15.03.2020 15:30;130;86;44
15.03.2020 15:45;78;39;39
15.03.2020 16:00;131;78;53
15.03.2020 16:15;113;66;47
15.03.2020 16:30;145;80;65
15.03.2020 16:45;141;80;61
15.03.2020 17:00;95;46;49
15.03.2020 17:15;120;74;46
15.03.2020 17:30;121;56;65
15.03.2020 17:45;91;50;41
15.03.2020 18:00;79;30;49
15.03.2020 18:15;81;49;32
15.03.2020 18:30;80;36;44
15.03.2020 18:45;76;28;48
15.03.2020 19:00;46;24;22
15.03.2020 19:15;34;18;16
15.03.2020 19:30;48;22;26
15.03.2020 19:45;37;22;15
15.03.2020 20:00;29;15;14
15.03.2020 20:15;33;16;17
15.03.2020 20:30;31;12;19
15.03.2020 20:45;17;8;9
15.03.2020 21:00;23;14;9
15.03.2020 21:15;33;17;16
15.03.2020 21:30;24;9;15
15.03.2020 21:45;9;1;8
15.03.2020 22:00;16;10;6
15.03.2020 22:15;16;9;7
15.03.2020 22:30;9;4;5
15.03.2020 22:45;10;2;8
15.03.2020 23:00;9;8;1
15.03.2020 23:15;9;2;7
15.03.2020 23:30;7;5;2
15.03.2020 23:45;10;5;5
16.03.2020 00:00;6;3;3
16.03.2020 00:15;4;1;3
16.03.2020 00:30;10;7;3
16.03.2020 00:45;9;8;1
16.03.2020 01:00;3;2;1
16.03.2020 01:15;0;0;0
16.03.2020 01:30;3;1;2
16.03.2020 01:45;1;0;1
16.03.2020 02:00;2;2;0
16.03.2020 02:15;1;1;0
16.03.2020 02:30;1;1;0
16.03.2020 02:45;1;1;0
16.03.2020 03:00;1;0;1
16.03.2020 03:15;0;0;0
16.03.2020 03:30;0;0;0
16.03.2020 03:45;0;0;0
16.03.2020 04:00;0;0;0
16.03.2020 04:15;0;0;0
16.03.2020 04:30;3;2;1
16.03.2020 04:45;2;1;1
16.03.2020 05:00;3;1;2
16.03.2020 05:15;3;0;3
16.03.2020 05:30;7;7;0
16.03.2020 05:45;21;10;11
16.03.2020 06:00;19;14;5
16.03.2020 06:15;30;23;7
16.03.2020 06:30;47;26;21
16.03.2020 06:45;56;35;21
16.03.2020 07:00;67;31;36
16.03.2020 07:15;123;77;46
16.03.2020 07:30;193;71;122
16.03.2020 07:45;207;120;87
16.03.2020 08:00;173;117;56
16.03.2020 08:15;243;187;56
16.03.2020 08:30;131;79;52
16.03.2020 08:45;163;83;80
16.03.2020 09:00;160;51;109
16.03.2020 09:15;170;97;73
16.03.2020 09:30;130;68;62
16.03.2020 09:45;119;81;38
16.03.2020 10:00;110;64;46
16.03.2020 10:15;103;62;41
16.03.2020 10:30;114;57;57
16.03.2020 10:45;120;51;69
16.03.2020 11:00;136;68;68
16.03.2020 11:15;154;84;70
16.03.2020 11:30;147;78;69
16.03.2020 11:45;147;61;86
16.03.2020 12:00;98;39;59
16.03.2020 12:15;139;72;67
16.03.2020 12:30;129;51;78
16.03.2020 12:45;121;56;65
16.03.2020 13:00;127;52;75
16.03.2020 13:15;117;43;74
16.03.2020 13:30;117;54;63
16.03.2020 13:45;130;62;68
16.03.2020 14:00;132;54;78
16.03.2020 14:15;124;52;72
16.03.2020 14:30;132;77;55
16.03.2020 14:45;133;69;64
16.03.2020 15:00;134;71;63
16.03.2020 15:15;139;77;62
16.03.2020 15:30;170;86;84
16.03.2020 15:45;159;78;81
16.03.2020 16:00;175;74;101
16.03.2020 16:15;148;78;70
16.03.2020 16:30;179;79;100
16.03.2020 16:45;172;83;89
16.03.2020 17:00;180;83;97
16.03.2020 17:15;187;77;110
16.03.2020 17:30;162;79;83
16.03.2020 17:45;141;58;83
16.03.2020 18:00;158;58;100
16.03.2020 18:15;127;53;74
16.03.2020 18:30;117;47;70
16.03.2020 18:45;110;47;63
16.03.2020 19:00;95;36;59
16.03.2020 19:15;69;29;40
16.03.2020 19:30;71;24;47
16.03.2020 19:45;61;27;34
16.03.2020 20:00;50;19;31
16.03.2020 20:15;58;22;36
16.03.2020 20:30;28;10;18
16.03.2020 20:45;22;11;11
16.03.2020 21:00;25;10;15
16.03.2020 21:15;32;18;14
16.03.2020 21:30;25;12;13
16.03.2020 21:45;25;8;17
16.03.2020 22:00;20;8;12
16.03.2020 22:15;21;12;9
16.03.2020 22:30;17;6;11
16.03.2020 22:45;14;11;3
16.03.2020 23:00;10;3;7
16.03.2020 23:15;16;8;8
16.03.2020 23:30;25;14;11
16.03.2020 23:45;3;1;2
17.03.2020 00:00;4;1;3
17.03.2020 00:15;4;2;2
17.03.2020 00:30;6;3;3
17.03.2020 00:45;7;0;7
17.03.2020 01:00;2;2;0
17.03.2020 01:15;8;4;4
17.03.2020 01:30;4;3;1
17.03.2020 01:45;4;3;1
17.03.2020 02:00;4;1;3
17.03.2020 02:15;2;0;2
17.03.2020 02:30;1;1;0
17.03.2020 02:45;0;0;0
17.03.2020 03:00;2;2;0
17.03.2020 03:15;1;0;1
17.03.2020 03:30;1;1;0
17.03.2020 03:45;2;0;2
17.03.2020 04:00;1;1;0
17.03.2020 04:15;1;1;0
17.03.2020 04:30;2;1;1
17.03.2020 04:45;3;2;1
17.03.2020 05:00;1;1;0
17.03.2020 05:15;3;2;1
17.03.2020 05:30;9;7;2
17.03.2020 05:45;29;23;6
17.03.2020 06:00;23;15;8
17.03.2020 06:15;28;17;11
17.03.2020 06:30;35;25;10
17.03.2020 06:45;53;33;20
17.03.2020 07:00;62;39;23
17.03.2020 07:15;77;56;21
17.03.2020 07:30;95;62;33
17.03.2020 07:45;119;72;47
17.03.2020 08:00;83;60;23
17.03.2020 08:15;93;67;26
17.03.2020 08:30;108;77;31
17.03.2020 08:45;109;76;33
17.03.2020 09:00;84;52;32
17.03.2020 09:15;96;57;39
17.03.2020 09:30;99;53;46
17.03.2020 09:45;104;57;47
17.03.2020 10:00;96;48;48
17.03.2020 10:15;83;42;41
17.03.2020 10:30;83;44;39
17.03.2020 10:45;100;49;51
17.03.2020 11:00;97;40;57
17.03.2020 11:15;99;50;49
17.03.2020 11:30;91;43;48
17.03.2020 11:45;107;55;52
17.03.2020 12:00;107;34;73
17.03.2020 12:15;104;47;57
17.03.2020 12:30;97;45;52
17.03.2020 12:45;120;70;50
17.03.2020 13:00;111;45;66
17.03.2020 13:15;111;47;64
17.03.2020 13:30;93;47;46
17.03.2020 13:45;102;42;60
17.03.2020 14:00;113;47;66
17.03.2020 14:15;111;52;59
17.03.2020 14:30;112;52;60
17.03.2020 14:45;116;54;62
17.03.2020 15:00;106;47;59
17.03.2020 15:15;128;68;60
17.03.2020 15:30;121;51;70
17.03.2020 15:45;141;64;77
17.03.2020 16:00;145;60;85
17.03.2020 16:15;139;65;74
17.03.2020 16:30;145;65;80
17.03.2020 16:45;143;65;78
17.03.2020 17:00;135;61;74
17.03.2020 17:15;134;64;70
17.03.2020 17:30;137;62;75
17.03.2020 17:45;142;62;80
17.03.2020 18:00;118;43;75
17.03.2020 18:15;117;50;67
17.03.2020 18:30;129;46;83
17.03.2020 18:45;103;43;60
17.03.2020 19:00;62;27;35
17.03.2020 19:15;47;24;23
17.03.2020 19:30;58;22;36
17.03.2020 19:45;42;14;28
17.03.2020 20:00;38;14;24
17.03.2020 20:15;31;9;22
17.03.2020 20:30;29;11;18
17.03.2020 20:45;21;9;12
17.03.2020 21:00;21;10;11
17.03.2020 21:15;27;8;19
17.03.2020 21:30;16;9;7
17.03.2020 21:45;18;7;11
17.03.2020 22:00;18;11;7
17.03.2020 22:15;13;9;4
17.03.2020 22:30;16;8;8
17.03.2020 22:45;13;7;6
17.03.2020 23:00;14;8;6
17.03.2020 23:15;12;7;5
17.03.2020 23:30;9;5;4
17.03.2020 23:45;7;4;3
18.03.2020 00:00;9;5;4
18.03.2020 00:15;8;4;4
18.03.2020 00:30;7;6;1
18.03.2020 00:45;6;1;5
18.03.2020 01:00;5;3;2
18.03.2020 01:15;1;1;0
18.03.2020 01:30;2;0;2
18.03.2020 01:45;5;1;4
18.03.2020 02:00;0;0;0
18.03.2020 02:15;3;1;2
18.03.2020 02:30;1;0;1
18.03.2020 02:45;1;1;0
18.03.2020 03:00;1;1;0
18.03.2020 03:15;0;0;0
18.03.2020 03:30;0;0;0
18.03.2020 03:45;3;2;1
18.03.2020 04:00;1;1;0
18.03.2020 04:15;2;2;0
18.03.2020 04:30;2;1;1
18.03.2020 04:45;6;4;2
18.03.2020 05:00;2;2;0
18.03.2020 05:15;3;0;3
18.03.2020 05:30;18;12;6
18.03.2020 05:45;26;19;7
18.03.2020 06:00;20;15;5
18.03.2020 06:15;31;22;9
18.03.2020 06:30;43;24;19
18.03.2020 06:45;58;38;20
18.03.2020 07:00;62;35;27
18.03.2020 07:15;70;49;21
18.03.2020 07:30;75;50;25
18.03.2020 07:45;109;65;44
18.03.2020 08:00;71;48;23
18.03.2020 08:15;70;49;21
18.03.2020 08:30;58;44;14
18.03.2020 08:45;104;66;38
18.03.2020 09:00;63;39;24
18.03.2020 09:15;80;43;37
18.03.2020 09:30;83;48;35
18.03.2020 09:45;102;58;44
18.03.2020 10:00;74;39;35
18.03.2020 10:15;65;29;36
18.03.2020 10:30;81;55;26
18.03.2020 10:45;91;46;45
18.03.2020 11:00;82;38;44
18.03.2020 11:15;92;43;49
18.03.2020 11:30;88;45;43
18.03.2020 11:45;103;65;38
18.03.2020 12:00;109;40;69
18.03.2020 12:15;111;55;56
18.03.2020 12:30;110;48;62
18.03.2020 12:45;131;57;74
18.03.2020 13:00;112;41;71
18.03.2020 13:15;93;40;53
18.03.2020 13:30;96;50;46
18.03.2020 13:45;102;46;56
18.03.2020 14:00;135;44;91
18.03.2020 14:15;117;66;51
18.03.2020 14:30;114;48;66
18.03.2020 14:45;119;47;72
18.03.2020 15:00;102;43;59
18.03.2020 15:15;138;61;77
18.03.2020 15:30;135;60;75
18.03.2020 15:45;145;58;87
18.03.2020 16:00;123;51;72
18.03.2020 16:15;165;71;94
18.03.2020 16:30;164;82;82
18.03.2020 16:45;159;62;97
18.03.2020 17:00;132;48;84
18.03.2020 17:15;165;80;85
18.03.2020 17:30;136;68;68
18.03.2020 17:45;138;54;84
18.03.2020 18:00;165;74;91
18.03.2020 18:15;140;80;60
18.03.2020 18:30;117;62;55
18.03.2020 18:45;107;49;58
18.03.2020 19:00;75;34;41
18.03.2020 19:15;64;29;35
18.03.2020 19:30;54;26;28
18.03.2020 19:45;52;20;32
18.03.2020 20:00;35;15;20
18.03.2020 20:15;41;18;23
18.03.2020 20:30;26;15;11
18.03.2020 20:45;25;13;12
18.03.2020 21:00;21;6;15
18.03.2020 21:15;22;8;14
18.03.2020 21:30;19;14;5
18.03.2020 21:45;14;5;9
18.03.2020 22:00;12;8;4
18.03.2020 22:15;15;5;10
18.03.2020 22:30;15;9;6
18.03.2020 22:45;16;6;10
18.03.2020 23:00;13;3;10
18.03.2020 23:15;6;5;1
18.03.2020 23:30;7;2;5
18.03.2020 23:45;3;2;1
19.03.2020 00:00;10;6;4
19.03.2020 00:15;3;0;3
19.03.2020 00:30;4;1;3
19.03.2020 00:45;5;3;2
19.03.2020 01:00;9;2;7
19.03.2020 01:15;0;0;0
19.03.2020 01:30;2;1;1
19.03.2020 01:45;0;0;0
19.03.2020 02:00;2;1;1
19.03.2020 02:15;1;1;0
19.03.2020 02:30;2;2;0
19.03.2020 02:45;2;1;1
19.03.2020 03:00;1;0;1
19.03.2020 03:15;2;0;2
19.03.2020 03:30;2;2;0
19.03.2020 03:45;2;2;0
19.03.2020 04:00;3;1;2
19.03.2020 04:15;0;0;0
19.03.2020 04:30;0;0;0
19.03.2020 04:45;5;3;2
19.03.2020 05:00;5;4;1
19.03.2020 05:15;6;1;5
19.03.2020 05:30;15;12;3
19.03.2020 05:45;22;15;7
19.03.2020 06:00;26;20;6
19.03.2020 06:15;22;15;7
19.03.2020 06:30;39;27;12
19.03.2020 06:45;52;27;25
19.03.2020 07:00;48;29;19
19.03.2020 07:15;71;42;29
19.03.2020 07:30;90;62;28
19.03.2020 07:45;90;51;39
19.03.2020 08:00;65;45;20
19.03.2020 08:15;69;47;22
19.03.2020 08:30;76;47;29
19.03.2020 08:45;99;63;36
19.03.2020 09:00;77;38;39
19.03.2020 09:15;64;42;22
19.03.2020 09:30;62;31;31
19.03.2020 09:45;85;37;48
19.03.2020 10:00;68;33;35
19.03.2020 10:15;63;29;34
19.03.2020 10:30;91;46;45
19.03.2020 10:45;68;36;32
19.03.2020 11:00;89;37;52
19.03.2020 11:15;70;29;41
19.03.2020 11:30;83;48;35
19.03.2020 11:45;95;42;53
19.03.2020 12:00;91;36;55
19.03.2020 12:15;84;49;35
19.03.2020 12:30;113;51;62
19.03.2020 12:45;86;30;56
19.03.2020 13:00;104;52;52
19.03.2020 13:15;93;44;49
19.03.2020 13:30;83;33;50
19.03.2020 13:45;100;52;48
19.03.2020 14:00;110;46;64
19.03.2020 14:15;129;70;59
19.03.2020 14:30;106;48;58
19.03.2020 14:45;119;60;59
19.03.2020 15:00;93;44;49
19.03.2020 15:15;121;59;62
19.03.2020 15:30;107;61;46
19.03.2020 15:45;158;67;91
19.03.2020 16:00;129;52;77
19.03.2020 16:15;154;74;80
19.03.2020 16:30;117;38;79
19.03.2020 16:45;138;63;75
19.03.2020 17:00;146;65;81
19.03.2020 17:15;151;71;80
19.03.2020 17:30;148;69;79
19.03.2020 17:45;123;57;66
19.03.2020 18:00;151;61;90
19.03.2020 18:15;118;61;57
19.03.2020 18:30;115;47;68
19.03.2020 18:45;86;44;42
19.03.2020 19:00;73;29;44
19.03.2020 19:15;63;25;38
19.03.2020 19:30;54;26;28
19.03.2020 19:45;47;25;22
19.03.2020 20:00;47;20;27
19.03.2020 20:15;25;9;16
19.03.2020 20:30;22;9;13
19.03.2020 20:45;18;10;8
19.03.2020 21:00;16;7;9
19.03.2020 21:15;16;8;8
19.03.2020 21:30;11;3;8
19.03.2020 21:45;13;7;6
19.03.2020 22:00;14;8;6
19.03.2020 22:15;13;6;7
19.03.2020 22:30;10;5;5
19.03.2020 22:45;8;4;4
19.03.2020 23:00;15;10;5
19.03.2020 23:15;6;2;4
19.03.2020 23:30;7;2;5
19.03.2020 23:45;6;4;2
20.03.2020 00:00;8;3;5
20.03.2020 00:15;5;0;5
20.03.2020 00:30;4;1;3
20.03.2020 00:45;1;1;0
20.03.2020 01:00;1;0;1
20.03.2020 01:15;1;0;1
20.03.2020 01:30;1;1;0
20.03.2020 01:45;4;1;3
20.03.2020 02:00;1;1;0
20.03.2020 02:15;1;0;1
20.03.2020 02:30;3;0;3
20.03.2020 02:45;0;0;0
20.03.2020 03:00;1;1;0
20.03.2020 03:15;1;1;0
20.03.2020 03:30;2;1;1
20.03.2020 03:45;0;0;0
20.03.2020 04:00;0;0;0
20.03.2020 04:15;0;0;0
20.03.2020 04:30;1;1;0
20.03.2020 04:45;10;8;2
20.03.2020 05:00;2;2;0
20.03.2020 05:15;2;1;1
20.03.2020 05:30;11;7;4
20.03.2020 05:45;23;19;4
20.03.2020 06:00;14;10;4
20.03.2020 06:15;30;24;6
20.03.2020 06:30;27;16;11
20.03.2020 06:45;40;24;16
20.03.2020 07:00;55;36;19
20.03.2020 07:15;60;45;15
20.03.2020 07:30;64;40;24
20.03.2020 07:45;92;61;31
20.03.2020 08:00;65;40;25
20.03.2020 08:15;80;60;20
20.03.2020 08:30;68;48;20
20.03.2020 08:45;87;58;29
20.03.2020 09:00;65;40;25
20.03.2020 09:15;88;49;39
20.03.2020 09:30;75;43;32
20.03.2020 09:45;102;50;52
20.03.2020 10:00;79;41;38
20.03.2020 10:15;65;30;35
20.03.2020 10:30;84;44;40
20.03.2020 10:45;112;49;63
20.03.2020 11:00;80;36;44
20.03.2020 11:15;93;33;60
20.03.2020 11:30;109;50;59
20.03.2020 11:45;84;42;42
20.03.2020 12:00;102;47;55
20.03.2020 12:15;107;45;62
20.03.2020 12:30;89;33;56
20.03.2020 12:45;91;29;62
20.03.2020 13:00;88;39;49
20.03.2020 13:15;94;50;44
20.03.2020 13:30;124;47;77
20.03.2020 13:45;125;60;65
20.03.2020 14:00;104;40;64
20.03.2020 14:15;88;44;44
20.03.2020 14:30;105;34;71
20.03.2020 14:45;102;43;59
20.03.2020 15:00;124;58;66
20.03.2020 15:15;127;64;63
20.03.2020 15:30;106;47;59
20.03.2020 15:45;99;49;50
20.03.2020 16:00;102;43;59
20.03.2020 16:15;125;50;75
20.03.2020 16:30;120;61;59
20.03.2020 16:45;114;49;65
20.03.2020 17:00;119;53;66
20.03.2020 17:15;113;53;60
20.03.2020 17:30;95;50;45
20.03.2020 17:45;95;46;49
20.03.2020 18:00;78;33;45
20.03.2020 18:15;88;45;43
20.03.2020 18:30;83;35;48
20.03.2020 18:45;59;33;26
20.03.2020 19:00;46;25;21
20.03.2020 19:15;52;25;27
20.03.2020 19:30;32;14;18
20.03.2020 19:45;31;21;10
20.03.2020 20:00;33;16;17
20.03.2020 20:15;20;13;7
20.03.2020 20:30;22;10;12
20.03.2020 20:45;23;12;11
20.03.2020 21:00;19;13;6
20.03.2020 21:15;12;7;5
20.03.2020 21:30;18;8;10
20.03.2020 21:45;15;8;7
20.03.2020 22:00;12;7;5
20.03.2020 22:15;1;0;1
20.03.2020 22:30;17;2;15
20.03.2020 22:45;9;2;7
20.03.2020 23:00;6;5;1
20.03.2020 23:15;14;7;7
20.03.2020 23:30;16;7;9
20.03.2020 23:45;4;2;2
21.03.2020 00:00;4;4;0
21.03.2020 00:15;5;3;2
21.03.2020 00:30;4;2;2
21.03.2020 00:45;3;1;2
21.03.2020 01:00;5;4;1
21.03.2020 01:15;3;0;3
21.03.2020 01:30;2;1;1
21.03.2020 01:45;1;0;1
21.03.2020 02:00;3;1;2
21.03.2020 02:15;3;2;1
21.03.2020 02:30;0;0;0
21.03.2020 02:45;4;0;4
21.03.2020 03:00;2;2;0
21.03.2020 03:15;0;0;0
21.03.2020 03:30;0;0;0
21.03.2020 03:45;0;0;0
21.03.2020 04:00;3;2;1
21.03.2020 04:15;1;1;0
21.03.2020 04:30;0;0;0
21.03.2020 04:45;4;4;0
21.03.2020 05:00;0;0;0
21.03.2020 05:15;2;2;0
21.03.2020 05:30;7;3;4
21.03.2020 05:45;8;4;4
21.03.2020 06:00;5;3;2
21.03.2020 06:15;2;1;1
21.03.2020 06:30;5;3;2
21.03.2020 06:45;15;7;8
21.03.2020 07:00;9;2;7
21.03.2020 07:15;8;2;6
21.03.2020 07:30;15;10;5
21.03.2020 07:45;18;7;11
21.03.2020 08:00;11;4;7
21.03.2020 08:15;25;13;12
21.03.2020 08:30;26;10;16
21.03.2020 08:45;24;11;13
21.03.2020 09:00;35;17;18
21.03.2020 09:15;25;22;3
21.03.2020 09:30;43;21;22
21.03.2020 09:45;41;21;20
21.03.2020 10:00;36;13;23
21.03.2020 10:15;38;16;22
21.03.2020 10:30;40;18;22
21.03.2020 10:45;42;24;18
21.03.2020 11:00;46;20;26
21.03.2020 11:15;47;23;24
21.03.2020 11:30;55;17;38
21.03.2020 11:45;54;28;26
21.03.2020 12:00;65;25;40
21.03.2020 12:15;41;16;25
21.03.2020 12:30;52;26;26
21.03.2020 12:45;47;25;22
21.03.2020 13:00;55;25;30
21.03.2020 13:15;38;18;20
21.03.2020 13:30;63;33;30
21.03.2020 13:45;42;25;17
21.03.2020 14:00;51;20;31
21.03.2020 14:15;39;19;20
21.03.2020 14:30;37;17;20
21.03.2020 14:45;65;32;33
21.03.2020 15:00;49;14;35
21.03.2020 15:15;37;17;20
21.03.2020 15:30;38;16;22
21.03.2020 15:45;40;22;18
21.03.2020 16:00;69;30;39
21.03.2020 16:15;51;16;35
21.03.2020 16:30;44;24;20
21.03.2020 16:45;50;23;27
21.03.2020 17:00;52;27;25
21.03.2020 17:15;31;13;18
21.03.2020 17:30;58;27;31
21.03.2020 17:45;45;28;17
21.03.2020 18:00;30;11;19
21.03.2020 18:15;33;17;16
21.03.2020 18:30;26;12;14
21.03.2020 18:45;20;7;13
21.03.2020 19:00;24;11;13
21.03.2020 19:15;18;8;10
21.03.2020 19:30;19;11;8
21.03.2020 19:45;22;9;13
21.03.2020 20:00;21;11;10
21.03.2020 20:15;17;10;7
21.03.2020 20:30;12;6;6
21.03.2020 20:45;18;5;13
21.03.2020 21:00;16;7;9
21.03.2020 21:15;11;8;3
21.03.2020 21:30;2;2;0
21.03.2020 21:45;10;6;4
21.03.2020 22:00;8;4;4
21.03.2020 22:15;8;5;3
21.03.2020 22:30;4;1;3
21.03.2020 22:45;5;2;3
21.03.2020 23:00;7;5;2
21.03.2020 23:15;5;5;0
21.03.2020 23:30;7;3;4
21.03.2020 23:45;6;6;0
22.03.2020 00:00;2;1;1
22.03.2020 00:15;2;2;0
22.03.2020 00:30;2;2;0
22.03.2020 00:45;3;1;2
22.03.2020 01:00;3;1;2
22.03.2020 01:15;3;2;1
22.03.2020 01:30;1;0;1
22.03.2020 01:45;2;1;1
22.03.2020 02:00;0;0;0
22.03.2020 02:15;5;3;2
22.03.2020 02:30;2;1;1
22.03.2020 02:45;0;0;0
22.03.2020 03:00;0;0;0
22.03.2020 03:15;0;0;0
22.03.2020 03:30;0;0;0
22.03.2020 03:45;2;1;1
22.03.2020 04:00;2;2;0
22.03.2020 04:15;0;0;0
22.03.2020 04:30;0;0;0
22.03.2020 04:45;0;0;0
22.03.2020 05:00;0;0;0
22.03.2020 05:15;3;0;3
22.03.2020 05:30;3;1;2
22.03.2020 05:45;7;3;4
22.03.2020 06:00;3;3;0
22.03.2020 06:15;3;3;0
22.03.2020 06:30;4;2;2
22.03.2020 06:45;2;0;2
22.03.2020 07:00;1;0;1
22.03.2020 07:15;2;1;1
22.03.2020 07:30;2;0;2
22.03.2020 07:45;6;3;3
22.03.2020 08:00;8;3;5
22.03.2020 08:15;5;1;4
22.03.2020 08:30;8;3;5
22.03.2020 08:45;3;2;1
22.03.2020 09:00;6;3;3
22.03.2020 09:15;8;2;6
22.03.2020 09:30;16;6;10
22.03.2020 09:45;13;6;7
22.03.2020 10:00;20;10;10
22.03.2020 10:15;17;8;9
22.03.2020 10:30;14;5;9
22.03.2020 10:45;20;10;10
22.03.2020 11:00;21;6;15
22.03.2020 11:15;19;10;9
22.03.2020 11:30;10;4;6
22.03.2020 11:45;21;7;14
22.03.2020 12:00;24;10;14
22.03.2020 12:15;22;10;12
22.03.2020 12:30;20;8;12
22.03.2020 12:45;26;16;10
22.03.2020 13:00;26;10;16
22.03.2020 13:15;28;9;19
22.03.2020 13:30;29;13;16
22.03.2020 13:45;40;9;31
22.03.2020 14:00;48;20;28
22.03.2020 14:15;61;26;35
22.03.2020 14:30;50;20;30
22.03.2020 14:45;69;30;39
22.03.2020 15:00;73;34;39
22.03.2020 15:15;58;29;29
22.03.2020 15:30;80;46;34
22.03.2020 15:45;79;32;47
22.03.2020 16:00;60;29;31
22.03.2020 16:15;70;38;32
22.03.2020 16:30;42;22;20
22.03.2020 16:45;66;34;32
22.03.2020 17:00;69;41;28
22.03.2020 17:15;58;37;21
22.03.2020 17:30;43;27;16
22.03.2020 17:45;45;17;28
22.03.2020 18:00;38;22;16
22.03.2020 18:15;44;27;17
22.03.2020 18:30;37;21;16
22.03.2020 18:45;21;11;10
22.03.2020 19:00;26;11;15
22.03.2020 19:15;26;15;11
22.03.2020 19:30;22;8;14
22.03.2020 19:45;17;8;9
22.03.2020 20:00;16;13;3
22.03.2020 20:15;17;9;8
22.03.2020 20:30;15;5;10
22.03.2020 20:45;15;9;6
22.03.2020 21:00;8;2;6
22.03.2020 21:15;14;5;9
22.03.2020 21:30;7;3;4
22.03.2020 21:45;9;6;3
22.03.2020 22:00;6;3;3
22.03.2020 22:15;5;2;3
22.03.2020 22:30;5;3;2
22.03.2020 22:45;8;6;2
22.03.2020 23:00;5;3;2
22.03.2020 23:15;4;3;1
22.03.2020 23:30;2;2;0
22.03.2020 23:45;3;1;2
23.03.2020 00:00;1;1;0
23.03.2020 00:15;5;2;3
23.03.2020 00:30;5;1;4
23.03.2020 00:45;4;4;0
23.03.2020 01:00;1;1;0
23.03.2020 01:15;2;0;2
23.03.2020 01:30;0;0;0
23.03.2020 01:45;4;2;2
23.03.2020 02:00;1;0;1
23.03.2020 02:15;1;0;1
23.03.2020 02:30;0;0;0
23.03.2020 02:45;1;1;0
23.03.2020 03:00;1;1;0
23.03.2020 03:15;0;0;0
23.03.2020 03:30;0;0;0
23.03.2020 03:45;2;1;1
23.03.2020 04:00;0;0;0
23.03.2020 04:15;1;1;0
23.03.2020 04:30;1;1;0
23.03.2020 04:45;5;3;2
23.03.2020 05:00;5;4;1
23.03.2020 05:15;5;4;1
23.03.2020 05:30;3;2;1
23.03.2020 05:45;14;8;6
23.03.2020 06:00;22;17;5
23.03.2020 06:15;25;21;4
23.03.2020 06:30;32;21;11
23.03.2020 06:45;46;32;14
23.03.2020 07:00;48;31;17
23.03.2020 07:15;60;37;23
23.03.2020 07:30;58;41;17
23.03.2020 07:45;88;43;45
23.03.2020 08:00;53;41;12
23.03.2020 08:15;64;38;26
23.03.2020 08:30;53;35;18
23.03.2020 08:45;80;46;34
23.03.2020 09:00;42;26;16
23.03.2020 09:15;47;28;19
23.03.2020 09:30;46;20;26
23.03.2020 09:45;54;32;22
23.03.2020 10:00;44;24;20
23.03.2020 10:15;35;20;15
23.03.2020 10:30;48;21;27
23.03.2020 10:45;52;22;30
23.03.2020 11:00;55;30;25
23.03.2020 11:15;58;30;28
23.03.2020 11:30;60;31;29
23.03.2020 11:45;62;19;43
23.03.2020 12:00;62;26;36
23.03.2020 12:15;75;35;40
23.03.2020 12:30;58;20;38
23.03.2020 12:45;84;35;49
23.03.2020 13:00;77;30;47
23.03.2020 13:15;55;22;33
23.03.2020 13:30;80;34;46
23.03.2020 13:45;63;29;34
23.03.2020 14:00;73;43;30
23.03.2020 14:15;72;29;43
23.03.2020 14:30;63;28;35
23.03.2020 14:45;74;37;37
23.03.2020 15:00;78;38;40
23.03.2020 15:15;80;50;30
23.03.2020 15:30;83;43;40
23.03.2020 15:45;82;25;57
23.03.2020 16:00;84;30;54
23.03.2020 16:15;114;54;60
23.03.2020 16:30;96;45;51
23.03.2020 16:45;89;34;55
23.03.2020 17:00;100;57;43
23.03.2020 17:15;80;37;43
23.03.2020 17:30;94;39;55
23.03.2020 17:45;67;22;45
23.03.2020 18:00;88;28;60
23.03.2020 18:15;79;37;42
23.03.2020 18:30;63;32;31
23.03.2020 18:45;53;25;28
23.03.2020 19:00;55;22;33
23.03.2020 19:15;47;18;29
23.03.2020 19:30;41;26;15
23.03.2020 19:45;28;15;13
23.03.2020 20:00;24;12;12
23.03.2020 20:15;8;4;4
23.03.2020 20:30;19;7;12
23.03.2020 20:45;12;7;5
23.03.2020 21:00;13;5;8
23.03.2020 21:15;22;12;10
23.03.2020 21:30;20;9;11
23.03.2020 21:45;10;2;8
23.03.2020 22:00;9;4;5
23.03.2020 22:15;9;6;3
23.03.2020 22:30;2;0;2
23.03.2020 22:45;5;0;5
23.03.2020 23:00;4;4;0
23.03.2020 23:15;1;0;1
23.03.2020 23:30;2;2;0
23.03.2020 23:45;6;3;3
24.03.2020 00:00;5;2;3
24.03.2020 00:15;3;2;1
24.03.2020 00:30;2;2;0
24.03.2020 00:45;3;1;2
24.03.2020 01:00;5;4;1
24.03.2020 01:15;3;1;2
24.03.2020 01:30;5;3;2
24.03.2020 01:45;4;2;2
24.03.2020 02:00;4;3;1
24.03.2020 02:15;2;0;2
24.03.2020 02:30;2;0;2
24.03.2020 02:45;0;0;0
24.03.2020 03:00;1;1;0
24.03.2020 03:15;1;1;0
24.03.2020 03:30;0;0;0
24.03.2020 03:45;0;0;0
24.03.2020 04:00;0;0;0
24.03.2020 04:15;0;0;0
24.03.2020 04:30;2;2;0
24.03.2020 04:45;4;4;0
24.03.2020 05:00;3;2;1
24.03.2020 05:15;1;1;0
24.03.2020 05:30;7;4;3
24.03.2020 05:45;14;7;7
24.03.2020 06:00;19;15;4
24.03.2020 06:15;25;18;7
24.03.2020 06:30;22;13;9
24.03.2020 06:45;43;25;18
24.03.2020 07:00;38;21;17
24.03.2020 07:15;54;39;15
24.03.2020 07:30;60;41;19
24.03.2020 07:45;87;50;37
24.03.2020 08:00;55;34;21
24.03.2020 08:15;62;42;20
24.03.2020 08:30;47;32;15
24.03.2020 08:45;73;48;25
24.03.2020 09:00;59;33;26
24.03.2020 09:15;50;29;21
24.03.2020 09:30;55;26;29
24.03.2020 09:45;65;42;23
24.03.2020 10:00;55;30;25
24.03.2020 10:15;53;23;30
24.03.2020 10:30;41;25;16
24.03.2020 10:45;45;21;24
24.03.2020 11:00;56;21;35
24.03.2020 11:15;50;29;21
24.03.2020 11:30;58;32;26
24.03.2020 11:45;54;22;32
24.03.2020 12:00;66;37;29
24.03.2020 12:15;58;26;32
24.03.2020 12:30;62;28;34
24.03.2020 12:45;52;23;29
24.03.2020 13:00;57;18;39
24.03.2020 13:15;73;22;51
24.03.2020 13:30;80;29;51
24.03.2020 13:45;85;40;45
24.03.2020 14:00;67;35;32
24.03.2020 14:15;79;34;45
24.03.2020 14:30;82;31;51
24.03.2020 14:45;72;39;33
24.03.2020 15:00;93;32;61
24.03.2020 15:15;61;26;35
24.03.2020 15:30;77;28;49
24.03.2020 15:45;95;46;49
24.03.2020 16:00;113;55;58
24.03.2020 16:15;88;42;46
24.03.2020 16:30;91;47;44
24.03.2020 16:45;92;41;51
24.03.2020 17:00;97;49;48
24.03.2020 17:15;108;49;59
24.03.2020 17:30;98;49;49
24.03.2020 17:45;81;30;51
24.03.2020 18:00;77;31;46
24.03.2020 18:15;73;29;44
24.03.2020 18:30;81;29;52
24.03.2020 18:45;53;22;31
24.03.2020 19:00;37;16;21
24.03.2020 19:15;50;17;33
24.03.2020 19:30;29;12;17
24.03.2020 19:45;27;14;13
24.03.2020 20:00;21;9;12
24.03.2020 20:15;14;7;7
24.03.2020 20:30;10;3;7
24.03.2020 20:45;10;3;7
24.03.2020 21:00;13;8;5
24.03.2020 21:15;15;11;4
24.03.2020 21:30;13;8;5
24.03.2020 21:45;6;3;3
24.03.2020 22:00;10;6;4
24.03.2020 22:15;8;4;4
24.03.2020 22:30;9;4;5
24.03.2020 22:45;3;1;2
24.03.2020 23:00;3;2;1
24.03.2020 23:15;5;0;5
24.03.2020 23:30;3;1;2
24.03.2020 23:45;5;3;2
25.03.2020 00:00;2;1;1
25.03.2020 00:15;2;1;1
25.03.2020 00:30;4;1;3
25.03.2020 00:45;0;0;0
25.03.2020 01:00;1;0;1
25.03.2020 01:15;1;1;0
25.03.2020 01:30;2;2;0
25.03.2020 01:45;7;7;0
25.03.2020 02:00;0;0;0
25.03.2020 02:15;0;0;0
25.03.2020 02:30;2;1;1
25.03.2020 02:45;0;0;0
25.03.2020 03:00;0;0;0
25.03.2020 03:15;0;0;0
25.03.2020 03:30;1;1;0
25.03.2020 03:45;0;0;0
25.03.2020 04:00;1;0;1
25.03.2020 04:15;1;1;0
25.03.2020 04:30;1;1;0
25.03.2020 04:45;9;8;1
25.03.2020 05:00;3;3;0
25.03.2020 05:15;4;4;0
25.03.2020 05:30;8;5;3
25.03.2020 05:45;9;5;4
25.03.2020 06:00;22;13;9
25.03.2020 06:15;24;19;5
25.03.2020 06:30;30;20;10
25.03.2020 06:45;40;22;18
25.03.2020 07:00;41;24;17
25.03.2020 07:15;56;34;22
25.03.2020 07:30;44;32;12
25.03.2020 07:45;75;46;29
25.03.2020 08:00;53;40;13
25.03.2020 08:15;58;37;21
25.03.2020 08:30;49;28;21
25.03.2020 08:45;60;38;22
25.03.2020 09:00;37;22;15
25.03.2020 09:15;35;16;19
25.03.2020 09:30;46;21;25
25.03.2020 09:45;57;26;31
25.03.2020 10:00;32;19;13
25.03.2020 10:15;47;23;24
25.03.2020 10:30;44;16;28
25.03.2020 10:45;50;25;25
25.03.2020 11:00;55;21;34
25.03.2020 11:15;47;25;22
25.03.2020 11:30;56;23;33
25.03.2020 11:45;50;27;23
25.03.2020 12:00;60;32;28
25.03.2020 12:15;71;38;33
25.03.2020 12:30;71;26;45
25.03.2020 12:45;56;24;32
25.03.2020 13:00;58;32;26
25.03.2020 13:15;46;19;27
25.03.2020 13:30;70;35;35
25.03.2020 13:45;57;26;31
25.03.2020 14:00;80;29;51
25.03.2020 14:15;72;25;47
25.03.2020 14:30;60;22;38
25.03.2020 14:45;74;30;44
25.03.2020 15:00;75;37;38
25.03.2020 15:15;68;22;46
25.03.2020 15:30;59;29;30
25.03.2020 15:45;61;24;37
25.03.2020 16:00;110;55;55
25.03.2020 16:15;95;35;60
25.03.2020 16:30;94;50;44
25.03.2020 16:45;87;29;58
25.03.2020 17:00;95;43;52
25.03.2020 17:15;94;39;55
25.03.2020 17:30;59;26;33
25.03.2020 17:45;90;34;56
25.03.2020 18:00;75;36;39
25.03.2020 18:15;49;25;24
25.03.2020 18:30;62;26;36
25.03.2020 18:45;47;12;35
25.03.2020 19:00;40;18;22
25.03.2020 19:15;31;11;20
25.03.2020 19:30;38;16;22
25.03.2020 19:45;25;14;11
25.03.2020 20:00;27;12;15
25.03.2020 20:15;13;8;5
25.03.2020 20:30;15;7;8
25.03.2020 20:45;8;4;4
25.03.2020 21:00;9;4;5
25.03.2020 21:15;11;6;5
25.03.2020 21:30;13;7;6
25.03.2020 21:45;9;6;3
25.03.2020 22:00;10;6;4
25.03.2020 22:15;5;3;2
25.03.2020 22:30;6;6;0
25.03.2020 22:45;3;2;1
25.03.2020 23:00;4;3;1
25.03.2020 23:15;2;1;1
25.03.2020 23:30;4;1;3
25.03.2020 23:45;3;1;2
26.03.2020 00:00;5;4;1
26.03.2020 00:15;4;1;3
26.03.2020 00:30;2;2;0
26.03.2020 00:45;2;1;1
26.03.2020 01:00;5;1;4
26.03.2020 01:15;1;0;1
26.03.2020 01:30;1;0;1
26.03.2020 01:45;0;0;0
26.03.2020 02:00;0;0;0
26.03.2020 02:15;1;0;1
26.03.2020 02:30;1;0;1
26.03.2020 02:45;3;2;1
26.03.2020 03:00;1;1;0
26.03.2020 03:15;2;1;1
26.03.2020 03:30;0;0;0
26.03.2020 03:45;0;0;0
26.03.2020 04:00;0;0;0
26.03.2020 04:15;0;0;0
26.03.2020 04:30;1;1;0
26.03.2020 04:45;7;5;2
26.03.2020 05:00;1;1;0
26.03.2020 05:15;6;5;1
26.03.2020 05:30;4;2;2
26.03.2020 05:45;12;5;7
26.03.2020 06:00;21;15;6
26.03.2020 06:15;20;12;8
26.03.2020 06:30;26;18;8
26.03.2020 06:45;41;26;15
26.03.2020 07:00;35;19;16
26.03.2020 07:15;43;30;13
26.03.2020 07:30;53;30;23
26.03.2020 07:45;70;39;31
26.03.2020 08:00;59;41;18
26.03.2020 08:15;42;29;13
26.03.2020 08:30;56;32;24
26.03.2020 08:45;64;36;28
26.03.2020 09:00;36;20;16
26.03.2020 09:15;44;28;16
26.03.2020 09:30;42;25;17
26.03.2020 09:45;58;29;29
26.03.2020 10:00;63;32;31
26.03.2020 10:15;40;21;19
26.03.2020 10:30;50;27;23
26.03.2020 10:45;53;26;27
26.03.2020 11:00;50;24;26
26.03.2020 11:15;55;30;25
26.03.2020 11:30;61;36;25
26.03.2020 11:45;61;31;30
26.03.2020 12:00;68;32;36
26.03.2020 12:15;77;45;32
26.03.2020 12:30;59;24;35
26.03.2020 12:45;62;32;30
26.03.2020 13:00;61;29;32
26.03.2020 13:15;51;24;27
26.03.2020 13:30;63;27;36
26.03.2020 13:45;67;27;40
26.03.2020 14:00;59;27;32
26.03.2020 14:15;69;39;30
26.03.2020 14:30;72;35;37
26.03.2020 14:45;74;46;28
26.03.2020 15:00;74;36;38
26.03.2020 15:15;64;27;37
26.03.2020 15:30;66;26;40
26.03.2020 15:45;83;39;44
26.03.2020 16:00;81;43;38
26.03.2020 16:15;87;48;39
26.03.2020 16:30;58;27;31
26.03.2020 16:45;90;41;49
26.03.2020 17:00;98;36;62
26.03.2020 17:15;97;41;56
26.03.2020 17:30;92;40;52
26.03.2020 17:45;65;29;36
26.03.2020 18:00;77;32;45
26.03.2020 18:15;80;32;48
26.03.2020 18:30;54;17;37
26.03.2020 18:45;62;29;33
26.03.2020 19:00;49;21;28
26.03.2020 19:15;42;17;25
26.03.2020 19:30;25;13;12
26.03.2020 19:45;21;8;13
26.03.2020 20:00;31;20;11
26.03.2020 20:15;18;5;13
26.03.2020 20:30;16;8;8
26.03.2020 20:45;13;9;4
26.03.2020 21:00;13;9;4
26.03.2020 21:15;7;4;3
26.03.2020 21:30;8;6;2
26.03.2020 21:45;18;5;13
26.03.2020 22:00;13;8;5
26.03.2020 22:15;4;0;4
26.03.2020 22:30;7;2;5
26.03.2020 22:45;10;3;7
26.03.2020 23:00;6;5;1
26.03.2020 23:15;1;1;0
26.03.2020 23:30;1;1;0
26.03.2020 23:45;4;0;4
27.03.2020 00:00;1;0;1
27.03.2020 00:15;2;2;0
27.03.2020 00:30;3;2;1
27.03.2020 00:45;2;2;0
27.03.2020 01:00;3;2;1
27.03.2020 01:15;2;2;0
27.03.2020 01:30;5;1;4
27.03.2020 01:45;1;1;0
27.03.2020 02:00;0;0;0
27.03.2020 02:15;4;2;2
27.03.2020 02:30;4;2;2
27.03.2020 02:45;2;2;0
27.03.2020 03:00;2;0;2
27.03.2020 03:15;1;1;0
27.03.2020 03:30;0;0;0
27.03.2020 03:45;0;0;0
27.03.2020 04:00;1;0;1
27.03.2020 04:15;0;0;0
27.03.2020 04:30;3;3;0
27.03.2020 04:45;6;4;2
27.03.2020 05:00;1;1;0
27.03.2020 05:15;3;1;2
27.03.2020 05:30;9;4;5
27.03.2020 05:45;10;5;5
27.03.2020 06:00;21;14;7
27.03.2020 06:15;16;14;2
27.03.2020 06:30;27;15;12
27.03.2020 06:45;40;27;13
27.03.2020 07:00;39;20;19
27.03.2020 07:15;41;26;15
27.03.2020 07:30;50;36;14
27.03.2020 07:45;78;48;30
27.03.2020 08:00;55;42;13
27.03.2020 08:15;65;48;17
27.03.2020 08:30;61;43;18
27.03.2020 08:45;56;37;19
27.03.2020 09:00;70;28;42
27.03.2020 09:15;54;26;28
27.03.2020 09:30;57;34;23
27.03.2020 09:45;69;35;34
27.03.2020 10:00;51;32;19
27.03.2020 10:15;69;35;34
27.03.2020 10:30;74;38;36
27.03.2020 10:45;76;43;33
27.03.2020 11:00;67;29;38
27.03.2020 11:15;83;40;43
27.03.2020 11:30;103;52;51
27.03.2020 11:45;71;34;37
27.03.2020 12:00;89;31;58
27.03.2020 12:15;90;30;60
27.03.2020 12:30;76;33;43
27.03.2020 12:45;89;45;44
27.03.2020 13:00;67;20;47
27.03.2020 13:15;82;33;49
27.03.2020 13:30;92;35;57
27.03.2020 13:45;97;44;53
27.03.2020 14:00;86;35;51
27.03.2020 14:15;70;26;44
27.03.2020 14:30;85;30;55
27.03.2020 14:45;96;37;59
27.03.2020 15:00;95;38;57
27.03.2020 15:15;92;41;51
27.03.2020 15:30;88;45;43
27.03.2020 15:45;78;39;39
27.03.2020 16:00;95;47;48
27.03.2020 16:15;98;53;45
27.03.2020 16:30;80;40;40
27.03.2020 16:45;104;55;49
27.03.2020 17:00;85;39;46
27.03.2020 17:15;97;61;36
27.03.2020 17:30;92;53;39
27.03.2020 17:45;81;30;51
27.03.2020 18:00;101;51;50
27.03.2020 18:15;71;37;34
27.03.2020 18:30;63;40;23
27.03.2020 18:45;65;34;31
27.03.2020 19:00;57;30;27
27.03.2020 19:15;61;37;24
27.03.2020 19:30;32;19;13
27.03.2020 19:45;30;11;19
27.03.2020 20:00;29;12;17
27.03.2020 20:15;24;11;13
27.03.2020 20:30;17;11;6
27.03.2020 20:45;18;6;12
27.03.2020 21:00;9;6;3
27.03.2020 21:15;13;8;5
27.03.2020 21:30;15;7;8
27.03.2020 21:45;14;9;5
27.03.2020 22:00;15;11;4
27.03.2020 22:15;10;5;5
27.03.2020 22:30;6;1;5
27.03.2020 22:45;4;2;2
27.03.2020 23:00;8;3;5
27.03.2020 23:15;7;5;2
27.03.2020 23:30;5;1;4
27.03.2020 23:45;6;4;2
28.03.2020 00:00;14;4;10
28.03.2020 00:15;4;2;2
28.03.2020 00:30;5;3;2
28.03.2020 00:45;7;4;3
28.03.2020 01:00;2;2;0
28.03.2020 01:15;4;3;1
28.03.2020 01:30;3;0;3
28.03.2020 01:45;3;1;2
28.03.2020 02:00;3;2;1
28.03.2020 02:15;2;1;1
28.03.2020 02:30;1;0;1
28.03.2020 02:45;0;0;0
28.03.2020 03:00;1;0;1
28.03.2020 03:15;4;2;2
28.03.2020 03:30;0;0;0
28.03.2020 03:45;0;0;0
28.03.2020 04:00;1;1;0
28.03.2020 04:15;2;1;1
28.03.2020 04:30;3;2;1
28.03.2020 04:45;1;1;0
28.03.2020 05:00;3;2;1
28.03.2020 05:15;3;2;1
28.03.2020 05:30;1;1;0
28.03.2020 05:45;10;5;5
28.03.2020 06:00;5;3;2
28.03.2020 06:15;7;5;2
28.03.2020 06:30;3;2;1
28.03.2020 06:45;8;1;7
28.03.2020 07:00;11;7;4
28.03.2020 07:15;7;1;6
28.03.2020 07:30;12;4;8
28.03.2020 07:45;14;7;7
28.03.2020 08:00;15;11;4
28.03.2020 08:15;16;8;8
28.03.2020 08:30;33;19;14
28.03.2020 08:45;19;8;11
28.03.2020 09:00;40;18;22
28.03.2020 09:15;41;16;25
28.03.2020 09:30;29;17;12
28.03.2020 09:45;45;23;22
28.03.2020 10:00;48;20;28
28.03.2020 10:15;60;30;30
28.03.2020 10:30;51;20;31
28.03.2020 10:45;67;29;38
28.03.2020 11:00;78;33;45
28.03.2020 11:15;68;26;42
28.03.2020 11:30;66;31;35
28.03.2020 11:45;77;33;44
28.03.2020 12:00;68;30;38
28.03.2020 12:15;84;36;48
28.03.2020 12:30;104;39;65
28.03.2020 12:45;115;47;68
28.03.2020 13:00;84;36;48
28.03.2020 13:15;85;27;58
28.03.2020 13:30;92;30;62
28.03.2020 13:45;82;33;49
28.03.2020 14:00;92;23;69
28.03.2020 14:15;95;47;48
28.03.2020 14:30;108;39;69
28.03.2020 14:45;132;53;79
28.03.2020 15:00;101;29;72
28.03.2020 15:15;137;72;65
28.03.2020 15:30;75;46;29
28.03.2020 15:45;115;62;53
28.03.2020 16:00;101;40;61
28.03.2020 16:15;112;62;50
28.03.2020 16:30;111;73;38
28.03.2020 16:45;93;60;33
28.03.2020 17:00;90;65;25
28.03.2020 17:15;113;81;32
28.03.2020 17:30;94;60;34
28.03.2020 17:45;77;53;24
28.03.2020 18:00;84;49;35
28.03.2020 18:15;96;65;31
28.03.2020 18:30;48;30;18
28.03.2020 18:45;70;40;30
28.03.2020 19:00;58;31;27
28.03.2020 19:15;41;26;15
28.03.2020 19:30;33;20;13
28.03.2020 19:45;27;8;19
28.03.2020 20:00;20;11;9
28.03.2020 20:15;32;16;16
28.03.2020 20:30;30;14;16
28.03.2020 20:45;13;9;4
28.03.2020 21:00;13;6;7
28.03.2020 21:15;18;9;9
28.03.2020 21:30;5;3;2
28.03.2020 21:45;13;5;8
28.03.2020 22:00;6;4;2
28.03.2020 22:15;14;8;6
28.03.2020 22:30;8;4;4
28.03.2020 22:45;11;6;5
28.03.2020 23:00;8;2;6
28.03.2020 23:15;6;2;4
28.03.2020 23:30;5;2;3
28.03.2020 23:45;16;5;11
29.03.2020 00:00;2;0;2
29.03.2020 00:15;4;2;2
29.03.2020 00:30;2;2;0
29.03.2020 00:45;5;1;4
29.03.2020 01:00;7;1;6
29.03.2020 01:15;3;3;0
29.03.2020 01:30;3;2;1
29.03.2020 01:45;4;4;0
29.03.2020 03:00;;;
29.03.2020 03:15;;;
29.03.2020 03:30;;;
29.03.2020 03:45;;;
29.03.2020 03:00;3;1;2
29.03.2020 03:15;1;1;0
29.03.2020 03:30;1;0;1
29.03.2020 03:45;0;0;0
29.03.2020 04:00;1;0;1
29.03.2020 04:15;0;0;0
29.03.2020 04:30;0;0;0
29.03.2020 04:45;4;4;0
29.03.2020 05:00;1;0;1
29.03.2020 05:15;1;0;1
29.03.2020 05:30;2;2;0
29.03.2020 05:45;4;3;1
29.03.2020 06:00;3;2;1
29.03.2020 06:15;6;1;5
29.03.2020 06:30;2;2;0
29.03.2020 06:45;6;3;3
29.03.2020 07:00;1;0;1
29.03.2020 07:15;1;1;0
29.03.2020 07:30;6;2;4
29.03.2020 07:45;4;2;2
29.03.2020 08:00;2;1;1
29.03.2020 08:15;1;0;1
29.03.2020 08:30;5;2;3
29.03.2020 08:45;4;2;2
29.03.2020 09:00;8;5;3
29.03.2020 09:15;8;3;5
29.03.2020 09:30;14;10;4
29.03.2020 09:45;12;5;7
29.03.2020 10:00;16;8;8
29.03.2020 10:15;10;5;5
29.03.2020 10:30;21;10;11
29.03.2020 10:45;10;8;2
29.03.2020 11:00;16;7;9
29.03.2020 11:15;18;12;6
29.03.2020 11:30;28;8;20
29.03.2020 11:45;28;13;15
29.03.2020 12:00;21;7;14
29.03.2020 12:15;22;10;12
29.03.2020 12:30;20;6;14
29.03.2020 12:45;20;10;10
29.03.2020 13:00;19;9;10
29.03.2020 13:15;24;10;14
29.03.2020 13:30;25;17;8
29.03.2020 13:45;18;11;7
29.03.2020 14:00;24;12;12
29.03.2020 14:15;21;7;14
29.03.2020 14:30;24;13;11
29.03.2020 14:45;14;4;10
29.03.2020 15:00;12;5;7
29.03.2020 15:15;12;9;3
29.03.2020 15:30;9;5;4
29.03.2020 15:45;19;8;11
29.03.2020 16:00;15;7;8
29.03.2020 16:15;9;4;5
29.03.2020 16:30;11;5;6
29.03.2020 16:45;14;9;5
29.03.2020 17:00;15;8;7
29.03.2020 17:15;16;4;12
29.03.2020 17:30;17;10;7
29.03.2020 17:45;16;9;7
29.03.2020 18:00;13;5;8
29.03.2020 18:15;17;9;8
29.03.2020 18:30;15;6;9
29.03.2020 18:45;13;8;5
29.03.2020 19:00;7;2;5
29.03.2020 19:15;21;11;10
29.03.2020 19:30;15;9;6
29.03.2020 19:45;16;9;7
29.03.2020 20:00;12;7;5
29.03.2020 20:15;11;5;6
29.03.2020 20:30;10;4;6
29.03.2020 20:45;12;3;9
29.03.2020 21:00;3;1;2
29.03.2020 21:15;3;0;3
29.03.2020 21:30;7;5;2
29.03.2020 21:45;4;1;3
29.03.2020 22:00;2;1;1
29.03.2020 22:15;3;2;1
29.03.2020 22:30;5;4;1
29.03.2020 22:45;5;4;1
29.03.2020 23:00;2;0;2
29.03.2020 23:15;2;2;0
29.03.2020 23:30;4;2;2
29.03.2020 23:45;2;1;1
30.03.2020 00:00;3;3;0
30.03.2020 00:15;1;1;0
30.03.2020 00:30;2;2;0
30.03.2020 00:45;1;1;0
30.03.2020 01:00;4;2;2
30.03.2020 01:15;2;1;1
30.03.2020 01:30;2;0;2
30.03.2020 01:45;3;3;0
30.03.2020 02:00;1;0;1
30.03.2020 02:15;1;1;0
30.03.2020 02:30;0;0;0
30.03.2020 02:45;0;0;0
30.03.2020 03:00;0;0;0
30.03.2020 03:15;1;1;0
30.03.2020 03:30;0;0;0
30.03.2020 03:45;0;0;0
30.03.2020 04:00;0;0;0
30.03.2020 04:15;2;0;2
30.03.2020 04:30;0;0;0
30.03.2020 04:45;6;5;1
30.03.2020 05:00;2;2;0
30.03.2020 05:15;6;3;3
30.03.2020 05:30;5;3;2
30.03.2020 05:45;18;12;6
30.03.2020 06:00;18;14;4
30.03.2020 06:15;22;19;3
30.03.2020 06:30;21;11;10
30.03.2020 06:45;26;17;9
30.03.2020 07:00;35;21;14
30.03.2020 07:15;52;28;24
30.03.2020 07:30;52;34;18
30.03.2020 07:45;58;36;22
30.03.2020 08:00;47;29;18
30.03.2020 08:15;56;42;14
30.03.2020 08:30;39;23;16
30.03.2020 08:45;56;34;22
30.03.2020 09:00;25;19;6
30.03.2020 09:15;31;20;11
30.03.2020 09:30;26;13;13
30.03.2020 09:45;37;19;18
30.03.2020 10:00;35;20;15
30.03.2020 10:15;43;26;17
30.03.2020 10:30;42;19;23
30.03.2020 10:45;37;21;16
30.03.2020 11:00;40;21;19
30.03.2020 11:15;40;21;19
30.03.2020 11:30;32;14;18
30.03.2020 11:45;58;23;35
30.03.2020 12:00;62;25;37
30.03.2020 12:15;58;22;36
30.03.2020 12:30;40;23;17
30.03.2020 12:45;47;20;27
30.03.2020 13:00;69;34;35
30.03.2020 13:15;50;23;27
30.03.2020 13:30;63;43;20
30.03.2020 13:45;54;24;30
30.03.2020 14:00;57;25;32
30.03.2020 14:15;60;20;40
30.03.2020 14:30;52;19;33
30.03.2020 14:45;59;27;32
30.03.2020 15:00;65;37;28
30.03.2020 15:15;63;31;32
30.03.2020 15:30;63;23;40
30.03.2020 15:45;58;24;34
30.03.2020 16:00;69;28;41
30.03.2020 16:15;78;28;50
30.03.2020 16:30;65;31;34
30.03.2020 16:45;97;43;54
30.03.2020 17:00;83;36;47
30.03.2020 17:15;74;27;47
30.03.2020 17:30;64;28;36
30.03.2020 17:45;65;36;29
30.03.2020 18:00;70;29;41
30.03.2020 18:15;72;25;47
30.03.2020 18:30;43;24;19
30.03.2020 18:45;65;36;29
30.03.2020 19:00;55;22;33
30.03.2020 19:15;38;21;17
30.03.2020 19:30;42;19;23
30.03.2020 19:45;42;21;21
30.03.2020 20:00;42;20;22
30.03.2020 20:15;20;8;12
30.03.2020 20:30;20;8;12
30.03.2020 20:45;17;11;6
30.03.2020 21:00;25;12;13
30.03.2020 21:15;14;8;6
30.03.2020 21:30;10;1;9
30.03.2020 21:45;11;7;4
30.03.2020 22:00;13;7;6
30.03.2020 22:15;18;4;14
30.03.2020 22:30;3;2;1
30.03.2020 22:45;3;3;0
30.03.2020 23:00;7;3;4
30.03.2020 23:15;3;2;1
30.03.2020 23:30;8;6;2
30.03.2020 23:45;3;1;2
31.03.2020 00:00;3;2;1
31.03.2020 00:15;3;3;0
31.03.2020 00:30;3;1;2
31.03.2020 00:45;4;2;2
31.03.2020 01:00;9;2;7
31.03.2020 01:15;2;2;0
31.03.2020 01:30;2;0;2
31.03.2020 01:45;3;1;2
31.03.2020 02:00;5;2;3
31.03.2020 02:15;1;0;1
31.03.2020 02:30;2;0;2
31.03.2020 02:45;1;0;1
31.03.2020 03:00;2;0;2
31.03.2020 03:15;0;0;0
31.03.2020 03:30;0;0;0
31.03.2020 03:45;2;2;0
31.03.2020 04:00;3;1;2
31.03.2020 04:15;1;1;0
31.03.2020 04:30;2;2;0
31.03.2020 04:45;6;5;1
31.03.2020 05:00;3;3;0
31.03.2020 05:15;2;1;1
31.03.2020 05:30;10;5;5
31.03.2020 05:45;14;5;9
31.03.2020 06:00;14;11;3
31.03.2020 06:15;29;21;8
31.03.2020 06:30;17;9;8
31.03.2020 06:45;29;20;9
31.03.2020 07:00;42;30;12
31.03.2020 07:15;49;31;18
31.03.2020 07:30;52;31;21
31.03.2020 07:45;76;39;37
31.03.2020 08:00;58;47;11
31.03.2020 08:15;50;35;15
31.03.2020 08:30;56;31;25
31.03.2020 08:45;75;48;27
31.03.2020 09:00;53;37;16
31.03.2020 09:15;62;39;23
31.03.2020 09:30;47;24;23
31.03.2020 09:45;67;35;32
31.03.2020 10:00;51;26;25
31.03.2020 10:15;61;35;26
31.03.2020 10:30;55;22;33
31.03.2020 10:45;61;25;36
31.03.2020 11:00;50;27;23
31.03.2020 11:15;66;30;36
31.03.2020 11:30;65;42;23
31.03.2020 11:45;71;26;45
31.03.2020 12:00;77;31;46
31.03.2020 12:15;71;40;31
31.03.2020 12:30;78;30;48
31.03.2020 12:45;69;33;36
31.03.2020 13:00;92;42;50
31.03.2020 13:15;77;39;38
31.03.2020 13:30;64;22;42
31.03.2020 13:45;80;46;34
31.03.2020 14:00;73;34;39
31.03.2020 14:15;76;34;42
31.03.2020 14:30;82;31;51
31.03.2020 14:45;102;41;61
31.03.2020 15:00;83;39;44
31.03.2020 15:15;75;32;43
31.03.2020 15:30;93;39;54
31.03.2020 15:45;93;49;44
31.03.2020 16:00;112;54;58
31.03.2020 16:15;98;44;54
31.03.2020 16:30;110;48;62
31.03.2020 16:45;111;64;47
31.03.2020 17:00;110;45;65
31.03.2020 17:15;111;44;67
31.03.2020 17:30;125;55;70
31.03.2020 17:45;82;44;38
31.03.2020 18:00;111;50;61
31.03.2020 18:15;93;40;53
31.03.2020 18:30;79;42;37
31.03.2020 18:45;51;23;28
31.03.2020 19:00;68;34;34
31.03.2020 19:15;55;28;27
31.03.2020 19:30;50;30;20
31.03.2020 19:45;40;25;15
31.03.2020 20:00;26;8;18
31.03.2020 20:15;35;9;26
31.03.2020 20:30;27;16;11
31.03.2020 20:45;20;8;12
31.03.2020 21:00;13;4;9
31.03.2020 21:15;12;6;6
31.03.2020 21:30;15;2;13
31.03.2020 21:45;4;4;0
31.03.2020 22:00;16;9;7
31.03.2020 22:15;12;5;7
31.03.2020 22:30;15;5;10
31.03.2020 22:45;1;1;0
31.03.2020 23:00;4;3;1
31.03.2020 23:15;8;1;7
31.03.2020 23:30;4;4;0
31.03.2020 23:45;2;0;2
01.04.2020 00:00;2;0;2
01.04.2020 00:15;5;1;4
01.04.2020 00:30;6;2;4
01.04.2020 00:45;6;2;4
01.04.2020 01:00;2;2;0
01.04.2020 01:15;6;2;4
01.04.2020 01:30;3;3;0
01.04.2020 01:45;5;4;1
01.04.2020 02:00;2;1;1
01.04.2020 02:15;3;1;2
01.04.2020 02:30;1;1;0
01.04.2020 02:45;4;3;1
01.04.2020 03:00;0;0;0
01.04.2020 03:15;1;1;0
01.04.2020 03:30;0;0;0
01.04.2020 03:45;0;0;0
01.04.2020 04:00;1;1;0
01.04.2020 04:15;1;1;0
01.04.2020 04:30;1;1;0
01.04.2020 04:45;5;2;3
01.04.2020 05:00;3;2;1
01.04.2020 05:15;3;3;0
01.04.2020 05:30;10;5;5
01.04.2020 05:45;8;4;4
01.04.2020 06:00;25;17;8
01.04.2020 06:15;24;19;5
01.04.2020 06:30;29;19;10
01.04.2020 06:45;30;13;17
01.04.2020 07:00;35;24;11
01.04.2020 07:15;49;30;19
01.04.2020 07:30;57;35;22
01.04.2020 07:45;68;40;28
01.04.2020 08:00;50;28;22
01.04.2020 08:15;56;35;21
01.04.2020 08:30;63;46;17
01.04.2020 08:45;69;45;24
01.04.2020 09:00;48;29;19
01.04.2020 09:15;46;25;21
01.04.2020 09:30;51;39;12
01.04.2020 09:45;54;20;34
01.04.2020 10:00;43;15;28
01.04.2020 10:15;58;27;31
01.04.2020 10:30;47;18;29
01.04.2020 10:45;49;29;20
01.04.2020 11:00;67;31;36
01.04.2020 11:15;79;41;38
01.04.2020 11:30;65;36;29
01.04.2020 11:45;68;28;40
01.04.2020 12:00;72;38;34
01.04.2020 12:15;69;34;35
01.04.2020 12:30;86;34;52
01.04.2020 12:45;70;32;38
01.04.2020 13:00;94;46;48
01.04.2020 13:15;75;28;47
01.04.2020 13:30;73;31;42
01.04.2020 13:45;71;39;32
01.04.2020 14:00;88;39;49
01.04.2020 14:15;80;30;50
01.04.2020 14:30;94;44;50
01.04.2020 14:45;78;41;37
01.04.2020 15:00;84;38;46
01.04.2020 15:15;104;45;59
01.04.2020 15:30;114;52;62
01.04.2020 15:45;105;38;67
01.04.2020 16:00;98;44;54
01.04.2020 16:15;119;61;58
01.04.2020 16:30;109;47;62
01.04.2020 16:45;109;50;59
01.04.2020 17:00;117;45;72
01.04.2020 17:15;121;49;72
01.04.2020 17:30;99;63;36
01.04.2020 17:45;123;66;57
01.04.2020 18:00;113;55;58
01.04.2020 18:15;102;46;56
01.04.2020 18:30;74;28;46
01.04.2020 18:45;78;37;41
01.04.2020 19:00;53;21;32
01.04.2020 19:15;69;36;33
01.04.2020 19:30;46;24;22
01.04.2020 19:45;52;27;25
01.04.2020 20:00;47;24;23
01.04.2020 20:15;26;17;9
01.04.2020 20:30;28;9;19
01.04.2020 20:45;10;5;5
01.04.2020 21:00;16;5;11
01.04.2020 21:15;16;7;9
01.04.2020 21:30;8;1;7
01.04.2020 21:45;8;4;4
01.04.2020 22:00;11;7;4
01.04.2020 22:15;10;7;3
01.04.2020 22:30;5;3;2
01.04.2020 22:45;9;5;4
01.04.2020 23:00;10;4;6
01.04.2020 23:15;6;1;5
01.04.2020 23:30;3;0;3
01.04.2020 23:45;3;2;1
02.04.2020 00:00;6;2;4
02.04.2020 00:15;3;1;2
02.04.2020 00:30;2;1;1
02.04.2020 00:45;2;0;2
02.04.2020 01:00;1;1;0
02.04.2020 01:15;2;1;1
02.04.2020 01:30;2;1;1
02.04.2020 01:45;1;1;0
02.04.2020 02:00;1;0;1
02.04.2020 02:15;2;0;2
02.04.2020 02:30;2;2;0
02.04.2020 02:45;0;0;0
02.04.2020 03:00;1;1;0
02.04.2020 03:15;1;1;0
02.04.2020 03:30;0;0;0
02.04.2020 03:45;0;0;0
02.04.2020 04:00;0;0;0
02.04.2020 04:15;2;2;0
02.04.2020 04:30;0;0;0
02.04.2020 04:45;6;4;2
02.04.2020 05:00;2;2;0
02.04.2020 05:15;5;3;2
02.04.2020 05:30;11;2;9
02.04.2020 05:45;16;12;4
02.04.2020 06:00;13;8;5
02.04.2020 06:15;31;24;7
02.04.2020 06:30;22;11;11
02.04.2020 06:45;31;19;12
02.04.2020 07:00;40;20;20
02.04.2020 07:15;51;30;21
02.04.2020 07:30;50;29;21
02.04.2020 07:45;84;45;39
02.04.2020 08:00;48;35;13
02.04.2020 08:15;54;37;17
02.04.2020 08:30;56;35;21
02.04.2020 08:45;94;66;28
02.04.2020 09:00;45;27;18
02.04.2020 09:15;47;27;20
02.04.2020 09:30;60;30;30
02.04.2020 09:45;64;40;24
02.04.2020 10:00;58;30;28
02.04.2020 10:15;61;31;30
02.04.2020 10:30;50;33;17
02.04.2020 10:45;69;35;34
02.04.2020 11:00;62;35;27
02.04.2020 11:15;83;38;45
02.04.2020 11:30;65;35;30
02.04.2020 11:45;86;37;49
02.04.2020 12:00;74;28;46
02.04.2020 12:15;69;23;46
02.04.2020 12:30;75;31;44
02.04.2020 12:45;90;36;54
02.04.2020 13:00;74;35;39
02.04.2020 13:15;69;35;34
02.04.2020 13:30;86;39;47
02.04.2020 13:45;102;49;53
02.04.2020 14:00;111;52;59
02.04.2020 14:15;93;33;60
02.04.2020 14:30;113;48;65
02.04.2020 14:45;95;39;56
02.04.2020 15:00;107;52;55
02.04.2020 15:15;106;51;55
02.04.2020 15:30;101;45;56
02.04.2020 15:45;113;55;58
02.04.2020 16:00;135;61;74
02.04.2020 16:15;95;39;56
02.04.2020 16:30;126;52;74
02.04.2020 16:45;105;56;49
02.04.2020 17:00;138;64;74
02.04.2020 17:15;132;65;67
02.04.2020 17:30;139;69;70
02.04.2020 17:45;126;62;64
02.04.2020 18:00;109;47;62
02.04.2020 18:15;107;41;66
02.04.2020 18:30;112;67;45
02.04.2020 18:45;82;45;37
02.04.2020 19:00;68;31;37
02.04.2020 19:15;57;31;26
02.04.2020 19:30;63;34;29
02.04.2020 19:45;53;29;24
02.04.2020 20:00;42;20;22
02.04.2020 20:15;34;14;20
02.04.2020 20:30;36;18;18
02.04.2020 20:45;20;10;10
02.04.2020 21:00;25;12;13
02.04.2020 21:15;21;13;8
02.04.2020 21:30;17;11;6
02.04.2020 21:45;16;9;7
02.04.2020 22:00;11;7;4
02.04.2020 22:15;11;10;1
02.04.2020 22:30;6;1;5
02.04.2020 22:45;11;2;9
02.04.2020 23:00;7;4;3
02.04.2020 23:15;6;1;5
02.04.2020 23:30;6;1;5
02.04.2020 23:45;6;2;4
03.04.2020 00:00;9;3;6
03.04.2020 00:15;6;3;3
03.04.2020 00:30;4;2;2
03.04.2020 00:45;3;2;1
03.04.2020 01:00;6;1;5
03.04.2020 01:15;0;0;0
03.04.2020 01:30;0;0;0
03.04.2020 01:45;3;2;1
03.04.2020 02:00;3;0;3
03.04.2020 02:15;2;0;2
03.04.2020 02:30;1;1;0
03.04.2020 02:45;1;1;0
03.04.2020 03:00;1;1;0
03.04.2020 03:15;0;0;0
03.04.2020 03:30;1;1;0
03.04.2020 03:45;4;3;1
03.04.2020 04:00;0;0;0
03.04.2020 04:15;2;2;0
03.04.2020 04:30;1;1;0
03.04.2020 04:45;5;3;2
03.04.2020 05:00;2;2;0
03.04.2020 05:15;5;2;3
03.04.2020 05:30;7;3;4
03.04.2020 05:45;10;7;3
03.04.2020 06:00;23;17;6
03.04.2020 06:15;29;23;6
03.04.2020 06:30;22;12;10
03.04.2020 06:45;29;16;13
03.04.2020 07:00;42;26;16
03.04.2020 07:15;36;27;9
03.04.2020 07:30;44;27;17
03.04.2020 07:45;73;47;26
03.04.2020 08:00;59;41;18
03.04.2020 08:15;69;52;17
03.04.2020 08:30;59;32;27
03.04.2020 08:45;77;51;26
03.04.2020 09:00;57;35;22
03.04.2020 09:15;55;31;24
03.04.2020 09:30;54;37;17
03.04.2020 09:45;58;24;34
03.04.2020 10:00;67;39;28
03.04.2020 10:15;71;36;35
03.04.2020 10:30;63;29;34
03.04.2020 10:45;90;48;42
03.04.2020 11:00;72;32;40
03.04.2020 11:15;74;40;34
03.04.2020 11:30;80;41;39
03.04.2020 11:45;81;37;44
03.04.2020 12:00;93;27;66
03.04.2020 12:15;91;32;59
03.04.2020 12:30;95;46;49
03.04.2020 12:45;90;40;50
03.04.2020 13:00;84;31;53
03.04.2020 13:15;85;36;49
03.04.2020 13:30;82;40;42
03.04.2020 13:45;80;37;43
03.04.2020 14:00;102;51;51
03.04.2020 14:15;102;42;60
03.04.2020 14:30;103;48;55
03.04.2020 14:45;80;30;50
03.04.2020 15:00;103;36;67
03.04.2020 15:15;140;49;91
03.04.2020 15:30;135;60;75
03.04.2020 15:45;86;33;53
03.04.2020 16:00;121;53;68
03.04.2020 16:15;90;40;50
03.04.2020 16:30;117;56;61
03.04.2020 16:45;112;65;47
03.04.2020 17:00;118;53;65
03.04.2020 17:15;139;66;73
03.04.2020 17:30;117;47;70
03.04.2020 17:45;112;60;52
03.04.2020 18:00;98;50;48
03.04.2020 18:15;92;47;45
03.04.2020 18:30;97;55;42
03.04.2020 18:45;73;36;37
03.04.2020 19:00;71;43;28
03.04.2020 19:15;62;41;21
03.04.2020 19:30;61;31;30
03.04.2020 19:45;51;33;18
03.04.2020 20:00;61;40;21
03.04.2020 20:15;29;10;19
03.04.2020 20:30;25;13;12
03.04.2020 20:45;29;16;13
03.04.2020 21:00;24;9;15
03.04.2020 21:15;10;6;4
03.04.2020 21:30;16;11;5
03.04.2020 21:45;13;7;6
03.04.2020 22:00;11;8;3
03.04.2020 22:15;17;9;8
03.04.2020 22:30;16;9;7
03.04.2020 22:45;4;1;3
03.04.2020 23:00;10;4;6
03.04.2020 23:15;10;2;8
03.04.2020 23:30;10;4;6
03.04.2020 23:45;6;2;4
04.04.2020 00:00;5;1;4
04.04.2020 00:15;4;2;2
04.04.2020 00:30;5;2;3
04.04.2020 00:45;3;0;3
04.04.2020 01:00;3;2;1
04.04.2020 01:15;4;1;3
04.04.2020 01:30;2;1;1
04.04.2020 01:45;2;2;0
04.04.2020 02:00;5;2;3
04.04.2020 02:15;3;1;2
04.04.2020 02:30;1;1;0
04.04.2020 02:45;1;1;0
04.04.2020 03:00;2;1;1
04.04.2020 03:15;0;0;0
04.04.2020 03:30;0;0;0
04.04.2020 03:45;4;1;3
04.04.2020 04:00;1;1;0
04.04.2020 04:15;2;1;1
04.04.2020 04:30;0;0;0
04.04.2020 04:45;1;1;0
04.04.2020 05:00;1;1;0
04.04.2020 05:15;3;2;1
04.04.2020 05:30;5;2;3
04.04.2020 05:45;8;6;2
04.04.2020 06:00;10;8;2
04.04.2020 06:15;5;5;0
04.04.2020 06:30;4;3;1
04.04.2020 06:45;5;3;2
04.04.2020 07:00;14;8;6
04.04.2020 07:15;11;5;6
04.04.2020 07:30;14;5;9
04.04.2020 07:45;10;3;7
04.04.2020 08:00;20;11;9
04.04.2020 08:15;13;9;4
04.04.2020 08:30;33;20;13
04.04.2020 08:45;25;14;11
04.04.2020 09:00;24;15;9
04.04.2020 09:15;29;13;16
04.04.2020 09:30;42;20;22
04.04.2020 09:45;52;27;25
04.04.2020 10:00;32;15;17
04.04.2020 10:15;56;25;31
04.04.2020 10:30;63;27;36
04.04.2020 10:45;65;19;46
04.04.2020 11:00;84;31;53
04.04.2020 11:15;67;27;40
04.04.2020 11:30;86;18;68
04.04.2020 11:45;77;31;46
04.04.2020 12:00;88;42;46
04.04.2020 12:15;88;36;52
04.04.2020 12:30;75;35;40
04.04.2020 12:45;82;41;41
04.04.2020 13:00;69;30;39
04.04.2020 13:15;83;30;53
04.04.2020 13:30;80;28;52
04.04.2020 13:45;86;37;49
04.04.2020 14:00;100;43;57
04.04.2020 14:15;134;45;89
04.04.2020 14:30;92;38;54
04.04.2020 14:45;132;67;65
04.04.2020 15:00;106;59;47
04.04.2020 15:15;112;53;59
04.04.2020 15:30;122;54;68
04.04.2020 15:45;95;47;48
04.04.2020 16:00;112;52;60
04.04.2020 16:15;122;63;59
04.04.2020 16:30;114;54;60
04.04.2020 16:45;86;56;30
04.04.2020 17:00;114;60;54
04.04.2020 17:15;92;58;34
04.04.2020 17:30;92;50;42
04.04.2020 17:45;108;76;32
04.04.2020 18:00;108;72;36
04.04.2020 18:15;94;60;34
04.04.2020 18:30;63;39;24
04.04.2020 18:45;76;42;34
04.04.2020 19:00;57;38;19
04.04.2020 19:15;59;28;31
04.04.2020 19:30;51;33;18
04.04.2020 19:45;46;25;21
04.04.2020 20:00;61;37;24
04.04.2020 20:15;43;23;20
04.04.2020 20:30;35;19;16
04.04.2020 20:45;24;8;16
04.04.2020 21:00;15;5;10
04.04.2020 21:15;18;13;5
04.04.2020 21:30;20;8;12
04.04.2020 21:45;9;6;3
04.04.2020 22:00;6;3;3
04.04.2020 22:15;8;4;4
04.04.2020 22:30;9;6;3
04.04.2020 22:45;8;0;8
04.04.2020 23:00;8;7;1
04.04.2020 23:15;20;15;5
04.04.2020 23:30;5;1;4
04.04.2020 23:45;5;2;3
05.04.2020 00:00;4;0;4
05.04.2020 00:15;3;3;0
05.04.2020 00:30;5;2;3
05.04.2020 00:45;8;3;5
05.04.2020 01:00;3;0;3
05.04.2020 01:15;2;1;1
05.04.2020 01:30;5;4;1
05.04.2020 01:45;8;2;6
05.04.2020 02:00;1;1;0
05.04.2020 02:15;2;0;2
05.04.2020 02:30;1;0;1
05.04.2020 02:45;1;0;1
05.04.2020 03:00;1;1;0
05.04.2020 03:15;1;0;1
05.04.2020 03:30;1;0;1
05.04.2020 03:45;0;0;0
05.04.2020 04:00;1;1;0
05.04.2020 04:15;1;1;0
05.04.2020 04:30;0;0;0
05.04.2020 04:45;2;2;0
05.04.2020 05:00;1;0;1
05.04.2020 05:15;3;1;2
05.04.2020 05:30;4;2;2
05.04.2020 05:45;4;2;2
05.04.2020 06:00;5;4;1
05.04.2020 06:15;7;6;1
05.04.2020 06:30;2;1;1
05.04.2020 06:45;6;1;5
05.04.2020 07:00;4;2;2
05.04.2020 07:15;4;2;2
05.04.2020 07:30;1;1;0
05.04.2020 07:45;5;3;2
05.04.2020 08:00;10;6;4
05.04.2020 08:15;7;2;5
05.04.2020 08:30;10;3;7
05.04.2020 08:45;14;6;8
05.04.2020 09:00;13;6;7
05.04.2020 09:15;12;5;7
05.04.2020 09:30;29;11;18
05.04.2020 09:45;19;5;14
05.04.2020 10:00;22;8;14
05.04.2020 10:15;34;13;21
05.04.2020 10:30;51;23;28
05.04.2020 10:45;58;26;32
05.04.2020 11:00;59;15;44
05.04.2020 11:15;46;20;26
05.04.2020 11:30;40;10;30
05.04.2020 11:45;62;14;48
05.04.2020 12:00;64;22;42
05.04.2020 12:15;74;32;42
05.04.2020 12:30;68;34;34
05.04.2020 12:45;69;20;49
05.04.2020 13:00;95;29;66
05.04.2020 13:15;77;30;47
05.04.2020 13:30;114;39;75
05.04.2020 13:45;90;32;58
05.04.2020 14:00;104;46;58
05.04.2020 14:15;106;40;66
05.04.2020 14:30;103;49;54
05.04.2020 14:45;112;50;62
05.04.2020 15:00;131;62;69
05.04.2020 15:15;122;50;72
05.04.2020 15:30;102;42;60
05.04.2020 15:45;120;48;72
05.04.2020 16:00;118;69;49
05.04.2020 16:15;91;57;34
05.04.2020 16:30;119;78;41
05.04.2020 16:45;102;54;48
05.04.2020 17:00;110;72;38
05.04.2020 17:15;85;56;29
05.04.2020 17:30;105;50;55
05.04.2020 17:45;98;68;30
05.04.2020 18:00;95;57;38
05.04.2020 18:15;81;52;29
05.04.2020 18:30;87;54;33
05.04.2020 18:45;68;45;23
05.04.2020 19:00;55;31;24
05.04.2020 19:15;46;27;19
05.04.2020 19:30;65;36;29
05.04.2020 19:45;54;28;26
05.04.2020 20:00;61;34;27
05.04.2020 20:15;46;25;21
05.04.2020 20:30;38;21;17
05.04.2020 20:45;28;21;7
05.04.2020 21:00;13;4;9
05.04.2020 21:15;21;14;7
05.04.2020 21:30;15;7;8
05.04.2020 21:45;13;5;8
05.04.2020 22:00;6;4;2
05.04.2020 22:15;13;7;6
05.04.2020 22:30;6;3;3
05.04.2020 22:45;6;1;5
05.04.2020 23:00;4;3;1
05.04.2020 23:15;2;1;1
05.04.2020 23:30;3;1;2
05.04.2020 23:45;4;3;1
06.04.2020 00:00;4;2;2
06.04.2020 00:15;3;3;0
06.04.2020 00:30;4;4;0
06.04.2020 00:45;3;2;1
06.04.2020 01:00;5;4;1
06.04.2020 01:15;3;0;3
06.04.2020 01:30;1;0;1
06.04.2020 01:45;4;4;0
06.04.2020 02:00;4;0;4
06.04.2020 02:15;1;1;0
06.04.2020 02:30;1;0;1
06.04.2020 02:45;0;0;0
06.04.2020 03:00;1;1;0
06.04.2020 03:15;0;0;0
06.04.2020 03:30;3;3;0
06.04.2020 03:45;0;0;0
06.04.2020 04:00;0;0;0
06.04.2020 04:15;1;1;0
06.04.2020 04:30;1;1;0
06.04.2020 04:45;5;3;2
06.04.2020 05:00;3;2;1
06.04.2020 05:15;3;1;2
06.04.2020 05:30;7;4;3
06.04.2020 05:45;15;9;6
06.04.2020 06:00;22;15;7
06.04.2020 06:15;24;18;6
06.04.2020 06:30;34;22;12
06.04.2020 06:45;41;25;16
06.04.2020 07:00;34;15;19
06.04.2020 07:15;41;24;17
06.04.2020 07:30;77;48;29
06.04.2020 07:45;75;46;29
06.04.2020 08:00;59;42;17
06.04.2020 08:15;70;47;23
06.04.2020 08:30;70;43;27
06.04.2020 08:45;79;48;31
06.04.2020 09:00;46;31;15
06.04.2020 09:15;61;37;24
06.04.2020 09:30;48;25;23
06.04.2020 09:45;58;31;27
06.04.2020 10:00;53;22;31
06.04.2020 10:15;47;30;17
06.04.2020 10:30;69;37;32
06.04.2020 10:45;64;35;29
06.04.2020 11:00;75;41;34
06.04.2020 11:15;64;31;33
06.04.2020 11:30;82;39;43
06.04.2020 11:45;88;35;53
06.04.2020 12:00;94;41;53
06.04.2020 12:15;105;38;67
06.04.2020 12:30;70;33;37
06.04.2020 12:45;96;42;54
06.04.2020 13:00;93;42;51
06.04.2020 13:15;75;24;51
06.04.2020 13:30;81;44;37
06.04.2020 13:45;97;37;60
06.04.2020 14:00;123;65;58
06.04.2020 14:15;103;42;61
06.04.2020 14:30;104;39;65
06.04.2020 14:45;117;66;51
06.04.2020 15:00;104;48;56
06.04.2020 15:15;117;50;67
06.04.2020 15:30;130;63;67
06.04.2020 15:45;109;56;53
06.04.2020 16:00;113;54;59
06.04.2020 16:15;115;50;65
06.04.2020 16:30;131;66;65
06.04.2020 16:45;157;74;83
06.04.2020 17:00;132;47;85
06.04.2020 17:15;143;65;78
06.04.2020 17:30;138;77;61
06.04.2020 17:45;135;47;88
06.04.2020 18:00;130;47;83
06.04.2020 18:15;104;44;60
06.04.2020 18:30;90;49;41
06.04.2020 18:45;88;47;41
06.04.2020 19:00;80;41;39
06.04.2020 19:15;72;41;31
06.04.2020 19:30;68;34;34
06.04.2020 19:45;60;42;18
06.04.2020 20:00;56;30;26
06.04.2020 20:15;42;19;23
06.04.2020 20:30;29;20;9
06.04.2020 20:45;33;13;20
06.04.2020 21:00;11;5;6
06.04.2020 21:15;23;12;11
06.04.2020 21:30;32;18;14
06.04.2020 21:45;15;9;6
06.04.2020 22:00;19;13;6
06.04.2020 22:15;8;2;6
06.04.2020 22:30;12;5;7
06.04.2020 22:45;7;2;5
06.04.2020 23:00;6;3;3
06.04.2020 23:15;9;4;5
06.04.2020 23:30;5;2;3
06.04.2020 23:45;5;2;3
07.04.2020 00:00;6;6;0
07.04.2020 00:15;1;0;1
07.04.2020 00:30;9;5;4
07.04.2020 00:45;1;0;1
07.04.2020 01:00;0;0;0
07.04.2020 01:15;5;0;5
07.04.2020 01:30;3;2;1
07.04.2020 01:45;2;1;1
07.04.2020 02:00;1;0;1
07.04.2020 02:15;1;1;0
07.04.2020 02:30;0;0;0
07.04.2020 02:45;0;0;0
07.04.2020 03:00;0;0;0
07.04.2020 03:15;2;2;0
07.04.2020 03:30;2;0;2
07.04.2020 03:45;2;0;2
07.04.2020 04:00;0;0;0
07.04.2020 04:15;2;2;0
07.04.2020 04:30;2;2;0
07.04.2020 04:45;6;5;1
07.04.2020 05:00;3;3;0
07.04.2020 05:15;3;1;2
07.04.2020 05:30;10;5;5
07.04.2020 05:45;16;10;6
07.04.2020 06:00;24;17;7
07.04.2020 06:15;31;19;12
07.04.2020 06:30;31;21;10
07.04.2020 06:45;31;13;18
07.04.2020 07:00;47;24;23
07.04.2020 07:15;53;30;23
07.04.2020 07:30;71;41;30
07.04.2020 07:45;85;52;33
07.04.2020 08:00;64;40;24
07.04.2020 08:15;62;46;16
07.04.2020 08:30;68;48;20
07.04.2020 08:45;74;43;31
07.04.2020 09:00;58;38;20
07.04.2020 09:15;65;32;33
07.04.2020 09:30;68;37;31
07.04.2020 09:45;86;57;29
07.04.2020 10:00;81;37;44
07.04.2020 10:15;72;32;40
07.04.2020 10:30;89;51;38
07.04.2020 10:45;88;42;46
07.04.2020 11:00;81;41;40
07.04.2020 11:15;86;41;45
07.04.2020 11:30;80;32;48
07.04.2020 11:45;81;37;44
07.04.2020 12:00;92;46;46
07.04.2020 12:15;97;53;44
07.04.2020 12:30;71;38;33
07.04.2020 12:45;79;41;38
07.04.2020 13:00;99;48;51
07.04.2020 13:15;99;36;63
07.04.2020 13:30;103;48;55
07.04.2020 13:45;103;34;69
07.04.2020 14:00;104;53;51
07.04.2020 14:15;103;43;60
07.04.2020 14:30;115;52;63
07.04.2020 14:45;99;46;53
07.04.2020 15:00;130;59;71
07.04.2020 15:15;118;41;77
07.04.2020 15:30;134;69;65
07.04.2020 15:45;130;60;70
07.04.2020 16:00;159;68;91
07.04.2020 16:15;140;62;78
07.04.2020 16:30;113;41;72
07.04.2020 16:45;144;68;76
07.04.2020 17:00;165;86;79
07.04.2020 17:15;145;66;79
07.04.2020 17:30;151;72;79
07.04.2020 17:45;109;48;61
07.04.2020 18:00;128;63;65
07.04.2020 18:15;115;54;61
07.04.2020 18:30;100;47;53
07.04.2020 18:45;106;59;47
07.04.2020 19:00;75;38;37
07.04.2020 19:15;71;40;31
07.04.2020 19:30;79;43;36
07.04.2020 19:45;58;29;29
07.04.2020 20:00;47;29;18
07.04.2020 20:15;54;32;22
07.04.2020 20:30;37;18;19
07.04.2020 20:45;24;13;11
07.04.2020 21:00;27;9;18
07.04.2020 21:15;17;6;11
07.04.2020 21:30;20;12;8
07.04.2020 21:45;17;6;11
07.04.2020 22:00;21;10;11
07.04.2020 22:15;14;7;7
07.04.2020 22:30;9;5;4
07.04.2020 22:45;9;2;7
07.04.2020 23:00;12;8;4
07.04.2020 23:15;12;4;8
07.04.2020 23:30;6;3;3
07.04.2020 23:45;3;2;1
08.04.2020 00:00;9;5;4
08.04.2020 00:15;6;1;5
08.04.2020 00:30;4;3;1
08.04.2020 00:45;5;2;3
08.04.2020 01:00;1;1;0
08.04.2020 01:15;2;1;1
08.04.2020 01:30;0;0;0
08.04.2020 01:45;2;2;0
08.04.2020 02:00;2;1;1
08.04.2020 02:15;0;0;0
08.04.2020 02:30;2;0;2
08.04.2020 02:45;0;0;0
08.04.2020 03:00;1;1;0
08.04.2020 03:15;0;0;0
08.04.2020 03:30;3;0;3
08.04.2020 03:45;3;3;0
08.04.2020 04:00;1;0;1
08.04.2020 04:15;1;1;0
08.04.2020 04:30;3;2;1
08.04.2020 04:45;6;3;3
08.04.2020 05:00;5;3;2
08.04.2020 05:15;6;2;4
08.04.2020 05:30;6;4;2
08.04.2020 05:45;12;5;7
08.04.2020 06:00;24;19;5
08.04.2020 06:15;27;15;12
08.04.2020 06:30;35;20;15
08.04.2020 06:45;27;17;10
08.04.2020 07:00;54;33;21
08.04.2020 07:15;42;24;18
08.04.2020 07:30;68;38;30
08.04.2020 07:45;63;39;24
08.04.2020 08:00;69;47;22
08.04.2020 08:15;60;39;21
08.04.2020 08:30;58;34;24
08.04.2020 08:45;89;56;33
08.04.2020 09:00;58;31;27
08.04.2020 09:15;59;36;23
08.04.2020 09:30;72;38;34
08.04.2020 09:45;64;30;34
08.04.2020 10:00;70;35;35
08.04.2020 10:15;56;21;35
08.04.2020 10:30;78;33;45
08.04.2020 10:45;89;40;49
08.04.2020 11:00;76;41;35
08.04.2020 11:15;88;30;58
08.04.2020 11:30;104;53;51
08.04.2020 11:45;110;42;68
08.04.2020 12:00;103;43;60
08.04.2020 12:15;96;38;58
08.04.2020 12:30;83;38;45
08.04.2020 12:45;90;43;47
08.04.2020 13:00;91;36;55
08.04.2020 13:15;112;51;61
08.04.2020 13:30;114;52;62
08.04.2020 13:45;112;51;61
08.04.2020 14:00;108;43;65
08.04.2020 14:15;90;35;55
08.04.2020 14:30;79;44;35
08.04.2020 14:45;128;61;67
08.04.2020 15:00;90;44;46
08.04.2020 15:15;132;58;74
08.04.2020 15:30;109;45;64
08.04.2020 15:45;160;78;82
08.04.2020 16:00;128;59;69
08.04.2020 16:15;132;56;76
08.04.2020 16:30;149;73;76
08.04.2020 16:45;159;67;92
08.04.2020 17:00;158;70;88
08.04.2020 17:15;137;62;75
08.04.2020 17:30;140;72;68
08.04.2020 17:45;132;55;77
08.04.2020 18:00;126;50;76
08.04.2020 18:15;117;61;56
08.04.2020 18:30;107;52;55
08.04.2020 18:45;105;57;48
08.04.2020 19:00;88;39;49
08.04.2020 19:15;96;59;37
08.04.2020 19:30;92;59;33
08.04.2020 19:45;57;27;30
08.04.2020 20:00;61;28;33
08.04.2020 20:15;36;14;22
08.04.2020 20:30;41;30;11
08.04.2020 20:45;43;25;18
08.04.2020 21:00;27;13;14
08.04.2020 21:15;24;12;12
08.04.2020 21:30;28;8;20
08.04.2020 21:45;13;8;5
08.04.2020 22:00;23;13;10
08.04.2020 22:15;23;7;16
08.04.2020 22:30;17;12;5
08.04.2020 22:45;5;4;1
08.04.2020 23:00;14;6;8
08.04.2020 23:15;18;10;8
08.04.2020 23:30;6;4;2
08.04.2020 23:45;8;4;4
09.04.2020 00:00;12;3;9
09.04.2020 00:15;3;2;1
09.04.2020 00:30;7;5;2
09.04.2020 00:45;2;2;0
09.04.2020 01:00;3;2;1
09.04.2020 01:15;2;1;1
09.04.2020 01:30;3;1;2
09.04.2020 01:45;4;1;3
09.04.2020 02:00;1;1;0
09.04.2020 02:15;0;0;0
09.04.2020 02:30;1;0;1
09.04.2020 02:45;2;1;1
09.04.2020 03:00;2;2;0
09.04.2020 03:15;1;1;0
09.04.2020 03:30;3;2;1
09.04.2020 03:45;0;0;0
09.04.2020 04:00;0;0;0
09.04.2020 04:15;1;1;0
09.04.2020 04:30;1;1;0
09.04.2020 04:45;5;3;2
09.04.2020 05:00;3;2;1
09.04.2020 05:15;4;3;1
09.04.2020 05:30;9;5;4
09.04.2020 05:45;11;5;6
09.04.2020 06:00;23;19;4
09.04.2020 06:15;28;17;11
09.04.2020 06:30;36;25;11
09.04.2020 06:45;30;17;13
09.04.2020 07:00;40;21;19
09.04.2020 07:15;50;38;12
09.04.2020 07:30;61;33;28
09.04.2020 07:45;72;45;27
09.04.2020 08:00;67;38;29
09.04.2020 08:15;64;40;24
09.04.2020 08:30;57;41;16
09.04.2020 08:45;96;66;30
09.04.2020 09:00;76;48;28
09.04.2020 09:15;70;41;29
09.04.2020 09:30;88;32;56
09.04.2020 09:45;77;46;31
09.04.2020 10:00;78;43;35
09.04.2020 10:15;77;41;36
09.04.2020 10:30;89;37;52
09.04.2020 10:45;85;45;40
09.04.2020 11:00;101;37;64
09.04.2020 11:15;85;51;34
09.04.2020 11:30;79;34;45
09.04.2020 11:45;93;42;51
09.04.2020 12:00;121;54;67
09.04.2020 12:15;111;49;62
09.04.2020 12:30;98;48;50
09.04.2020 12:45;105;41;64
09.04.2020 13:00;89;45;44
09.04.2020 13:15;106;47;59
09.04.2020 13:30;131;63;68
09.04.2020 13:45;91;46;45
09.04.2020 14:00;103;35;68
09.04.2020 14:15;96;43;53
09.04.2020 14:30;117;51;66
09.04.2020 14:45;122;56;66
09.04.2020 15:00;110;58;52
09.04.2020 15:15;136;68;68
09.04.2020 15:30;134;55;79
09.04.2020 15:45;129;62;67
09.04.2020 16:00;170;75;95
09.04.2020 16:15;134;63;71
09.04.2020 16:30;141;56;85
09.04.2020 16:45;136;55;81
09.04.2020 17:00;144;60;84
09.04.2020 17:15;155;71;84
09.04.2020 17:30;125;59;66
09.04.2020 17:45;128;63;65
09.04.2020 18:00;127;67;60
09.04.2020 18:15;125;66;59
09.04.2020 18:30;117;55;62
09.04.2020 18:45;96;50;46
09.04.2020 19:00;96;56;40
09.04.2020 19:15;71;38;33
09.04.2020 19:30;65;47;18
09.04.2020 19:45;62;33;29
09.04.2020 20:00;65;25;40
09.04.2020 20:15;50;22;28
09.04.2020 20:30;52;26;26
09.04.2020 20:45;26;11;15
09.04.2020 21:00;22;4;18
09.04.2020 21:15;26;11;15
09.04.2020 21:30;18;16;2
09.04.2020 21:45;17;7;10
09.04.2020 22:00;17;11;6
09.04.2020 22:15;17;9;8
09.04.2020 22:30;11;4;7
09.04.2020 22:45;8;4;4
09.04.2020 23:00;12;6;6
09.04.2020 23:15;8;5;3
09.04.2020 23:30;9;5;4
09.04.2020 23:45;10;5;5
10.04.2020 00:00;10;2;8
10.04.2020 00:15;4;2;2
10.04.2020 00:30;4;2;2
10.04.2020 00:45;7;5;2
10.04.2020 01:00;2;2;0
10.04.2020 01:15;4;3;1
10.04.2020 01:30;3;2;1
10.04.2020 01:45;7;4;3
10.04.2020 02:00;3;3;0
10.04.2020 02:15;2;0;2
10.04.2020 02:30;3;3;0
10.04.2020 02:45;1;0;1
10.04.2020 03:00;2;1;1
10.04.2020 03:15;0;0;0
10.04.2020 03:30;2;2;0
10.04.2020 03:45;0;0;0
10.04.2020 04:00;0;0;0
10.04.2020 04:15;2;1;1
10.04.2020 04:30;1;0;1
10.04.2020 04:45;1;1;0
10.04.2020 05:00;0;0;0
10.04.2020 05:15;4;0;4
10.04.2020 05:30;1;0;1
10.04.2020 05:45;5;2;3
10.04.2020 06:00;5;4;1
10.04.2020 06:15;7;5;2
10.04.2020 06:30;4;2;2
10.04.2020 06:45;4;0;4
10.04.2020 07:00;7;3;4
10.04.2020 07:15;6;2;4
10.04.2020 07:30;14;6;8
10.04.2020 07:45;10;5;5
10.04.2020 08:00;3;2;1
10.04.2020 08:15;13;3;10
10.04.2020 08:30;19;14;5
10.04.2020 08:45;16;7;9
10.04.2020 09:00;22;8;14
10.04.2020 09:15;23;14;9
10.04.2020 09:30;29;13;16
10.04.2020 09:45;25;9;16
10.04.2020 10:00;35;10;25
10.04.2020 10:15;38;14;24
10.04.2020 10:30;45;15;30
10.04.2020 10:45;41;11;30
10.04.2020 11:00;47;21;26
10.04.2020 11:15;56;17;39
10.04.2020 11:30;71;28;43
10.04.2020 11:45;93;36;57
10.04.2020 12:00;69;30;39
10.04.2020 12:15;65;27;38
10.04.2020 12:30;75;29;46
10.04.2020 12:45;98;48;50
10.04.2020 13:00;87;19;68
10.04.2020 13:15;96;40;56
10.04.2020 13:30;91;27;64
10.04.2020 13:45;88;24;64
10.04.2020 14:00;94;39;55
10.04.2020 14:15;105;48;57
10.04.2020 14:30;124;51;73
10.04.2020 14:45;109;53;56
10.04.2020 15:00;115;54;61
10.04.2020 15:15;104;49;55
10.04.2020 15:30;90;44;46
10.04.2020 15:45;101;50;51
10.04.2020 16:00;105;53;52
10.04.2020 16:15;117;73;44
10.04.2020 16:30;126;66;60
10.04.2020 16:45;105;56;49
10.04.2020 17:00;81;43;38
10.04.2020 17:15;103;61;42
10.04.2020 17:30;116;73;43
10.04.2020 17:45;115;52;63
10.04.2020 18:00;103;60;43
10.04.2020 18:15;95;57;38
10.04.2020 18:30;89;60;29
10.04.2020 18:45;71;49;22
10.04.2020 19:00;73;42;31
10.04.2020 19:15;48;34;14
10.04.2020 19:30;79;47;32
10.04.2020 19:45;76;38;38
10.04.2020 20:00;70;40;30
10.04.2020 20:15;46;24;22
10.04.2020 20:30;47;20;27
10.04.2020 20:45;25;15;10
10.04.2020 21:00;32;13;19
10.04.2020 21:15;25;14;11
10.04.2020 21:30;13;8;5
10.04.2020 21:45;16;9;7
10.04.2020 22:00;9;3;6
10.04.2020 22:15;15;5;10
10.04.2020 22:30;7;4;3
10.04.2020 22:45;18;6;12
10.04.2020 23:00;13;7;6
10.04.2020 23:15;13;5;8
10.04.2020 23:30;5;2;3
10.04.2020 23:45;8;5;3
11.04.2020 00:00;10;5;5
11.04.2020 00:15;6;1;5
11.04.2020 00:30;5;1;4
11.04.2020 00:45;3;1;2
11.04.2020 01:00;6;5;1
11.04.2020 01:15;9;5;4
11.04.2020 01:30;6;3;3
11.04.2020 01:45;5;3;2
11.04.2020 02:00;2;1;1
11.04.2020 02:15;3;3;0
11.04.2020 02:30;0;0;0
11.04.2020 02:45;1;0;1
11.04.2020 03:00;0;0;0
11.04.2020 03:15;2;2;0
11.04.2020 03:30;0;0;0
11.04.2020 03:45;3;0;3
11.04.2020 04:00;1;1;0
11.04.2020 04:15;0;0;0
11.04.2020 04:30;3;3;0
11.04.2020 04:45;1;1;0
11.04.2020 05:00;3;2;1
11.04.2020 05:15;5;3;2
11.04.2020 05:30;6;3;3
11.04.2020 05:45;7;2;5
11.04.2020 06:00;12;11;1
11.04.2020 06:15;6;4;2
11.04.2020 06:30;11;4;7
11.04.2020 06:45;11;5;6
11.04.2020 07:00;14;4;10
11.04.2020 07:15;23;7;16
11.04.2020 07:30;19;5;14
11.04.2020 07:45;25;8;17
11.04.2020 08:00;26;12;14
11.04.2020 08:15;38;19;19
11.04.2020 08:30;51;23;28
11.04.2020 08:45;44;21;23
11.04.2020 09:00;54;17;37
11.04.2020 09:15;57;28;29
11.04.2020 09:30;79;26;53
11.04.2020 09:45;70;35;35
11.04.2020 10:00;87;42;45
11.04.2020 10:15;97;36;61
11.04.2020 10:30;104;41;63
11.04.2020 10:45;134;64;70
11.04.2020 11:00;124;49;75
11.04.2020 11:15;130;60;70
11.04.2020 11:30;109;59;50
11.04.2020 11:45;119;60;59
11.04.2020 12:00;97;57;40
11.04.2020 12:15;83;49;34
11.04.2020 12:30;97;43;54
11.04.2020 12:45;89;41;48
11.04.2020 13:00;116;57;59
11.04.2020 13:15;92;42;50
11.04.2020 13:30;83;35;48
11.04.2020 13:45;113;52;61
11.04.2020 14:00;110;34;76
11.04.2020 14:15;106;46;60
11.04.2020 14:30;105;38;67
11.04.2020 14:45;117;59;58
11.04.2020 15:00;104;49;55
11.04.2020 15:15;102;56;46
11.04.2020 15:30;115;55;60
11.04.2020 15:45;123;60;63
11.04.2020 16:00;112;45;67
11.04.2020 16:15;103;52;51
11.04.2020 16:30;126;61;65
11.04.2020 16:45;123;71;52
11.04.2020 17:00;108;68;40
11.04.2020 17:15;130;80;50
11.04.2020 17:30;122;80;42
11.04.2020 17:45;112;60;52
11.04.2020 18:00;104;52;52
11.04.2020 18:15;110;70;40
11.04.2020 18:30;101;66;35
11.04.2020 18:45;113;54;59
11.04.2020 19:00;73;48;25
11.04.2020 19:15;86;52;34
11.04.2020 19:30;90;41;49
11.04.2020 19:45;78;34;44
11.04.2020 20:00;77;41;36
11.04.2020 20:15;71;33;38
11.04.2020 20:30;59;21;38
11.04.2020 20:45;37;14;23
11.04.2020 21:00;49;19;30
11.04.2020 21:15;39;25;14
11.04.2020 21:30;22;14;8
11.04.2020 21:45;16;11;5
11.04.2020 22:00;21;9;12
11.04.2020 22:15;13;8;5
11.04.2020 22:30;11;7;4
11.04.2020 22:45;17;12;5
11.04.2020 23:00;11;7;4
11.04.2020 23:15;20;4;16
11.04.2020 23:30;12;6;6
11.04.2020 23:45;9;2;7
12.04.2020 00:00;9;5;4
12.04.2020 00:15;6;1;5
12.04.2020 00:30;8;3;5
12.04.2020 00:45;9;4;5
12.04.2020 01:00;4;1;3
12.04.2020 01:15;3;3;0
12.04.2020 01:30;3;1;2
12.04.2020 01:45;1;1;0
12.04.2020 02:00;0;0;0
12.04.2020 02:15;1;1;0
12.04.2020 02:30;1;0;1
12.04.2020 02:45;2;2;0
12.04.2020 03:00;0;0;0
12.04.2020 03:15;1;0;1
12.04.2020 03:30;1;1;0
12.04.2020 03:45;0;0;0
12.04.2020 04:00;2;2;0
12.04.2020 04:15;0;0;0
12.04.2020 04:30;0;0;0
12.04.2020 04:45;1;1;0
12.04.2020 05:00;1;1;0
12.04.2020 05:15;1;0;1
12.04.2020 05:30;2;2;0
12.04.2020 05:45;4;2;2
12.04.2020 06:00;8;7;1
12.04.2020 06:15;11;10;1
12.04.2020 06:30;11;7;4
12.04.2020 06:45;6;3;3
12.04.2020 07:00;8;4;4
12.04.2020 07:15;11;2;9
12.04.2020 07:30;5;3;2
12.04.2020 07:45;13;5;8
12.04.2020 08:00;7;2;5
12.04.2020 08:15;6;1;5
12.04.2020 08:30;10;4;6
12.04.2020 08:45;25;11;14
12.04.2020 09:00;15;4;11
12.04.2020 09:15;23;13;10
12.04.2020 09:30;31;9;22
12.04.2020 09:45;43;11;32
12.04.2020 10:00;46;17;29
12.04.2020 10:15;47;20;27
12.04.2020 10:30;33;8;25
12.04.2020 10:45;59;28;31
12.04.2020 11:00;42;23;19
12.04.2020 11:15;58;20;38
12.04.2020 11:30;64;24;40
12.04.2020 11:45;69;17;52
12.04.2020 12:00;94;34;60
12.04.2020 12:15;54;16;38
12.04.2020 12:30;73;26;47
12.04.2020 12:45;62;18;44
12.04.2020 13:00;79;27;52
12.04.2020 13:15;94;26;68
12.04.2020 13:30;95;26;69
12.04.2020 13:45;82;33;49
12.04.2020 14:00;83;31;52
12.04.2020 14:15;99;31;68
12.04.2020 14:30;109;44;65
12.04.2020 14:45;102;35;67
12.04.2020 15:00;97;39;58
12.04.2020 15:15;90;43;47
12.04.2020 15:30;96;56;40
12.04.2020 15:45;103;48;55
12.04.2020 16:00;73;42;31
12.04.2020 16:15;112;50;62
12.04.2020 16:30;91;44;47
12.04.2020 16:45;73;48;25
12.04.2020 17:00;116;70;46
12.04.2020 17:15;116;73;43
12.04.2020 17:30;99;71;28
12.04.2020 17:45;97;51;46
12.04.2020 18:00;94;65;29
12.04.2020 18:15;88;53;35
12.04.2020 18:30;61;37;24
12.04.2020 18:45;76;38;38
12.04.2020 19:00;63;31;32
12.04.2020 19:15;69;41;28
12.04.2020 19:30;53;29;24
12.04.2020 19:45;46;28;18
12.04.2020 20:00;50;33;17
12.04.2020 20:15;38;22;16
12.04.2020 20:30;34;19;15
12.04.2020 20:45;26;16;10
12.04.2020 21:00;24;12;12
12.04.2020 21:15;22;14;8
12.04.2020 21:30;25;16;9
12.04.2020 21:45;7;5;2
12.04.2020 22:00;18;10;8
12.04.2020 22:15;12;6;6
12.04.2020 22:30;11;7;4
12.04.2020 22:45;15;7;8
12.04.2020 23:00;12;6;6
12.04.2020 23:15;9;5;4
12.04.2020 23:30;6;3;3
12.04.2020 23:45;3;3;0
13.04.2020 00:00;9;4;5
13.04.2020 00:15;5;4;1
13.04.2020 00:30;5;4;1
13.04.2020 00:45;8;2;6
13.04.2020 01:00;8;6;2
13.04.2020 01:15;5;3;2
13.04.2020 01:30;1;1;0
13.04.2020 01:45;3;2;1
13.04.2020 02:00;3;3;0
13.04.2020 02:15;1;0;1
13.04.2020 02:30;3;2;1
13.04.2020 02:45;1;1;0
13.04.2020 03:00;1;1;0
13.04.2020 03:15;1;0;1
13.04.2020 03:30;14;6;8
13.04.2020 03:45;1;0;1
13.04.2020 04:00;0;0;0
13.04.2020 04:15;1;0;1
13.04.2020 04:30;2;2;0
13.04.2020 04:45;3;3;0
13.04.2020 05:00;0;0;0
13.04.2020 05:15;0;0;0
13.04.2020 05:30;3;0;3
13.04.2020 05:45;7;3;4
13.04.2020 06:00;10;6;4
13.04.2020 06:15;7;5;2
13.04.2020 06:30;7;3;4
13.04.2020 06:45;8;5;3
13.04.2020 07:00;6;1;5
13.04.2020 07:15;6;4;2
13.04.2020 07:30;6;3;3
13.04.2020 07:45;8;3;5
13.04.2020 08:00;10;7;3
13.04.2020 08:15;10;2;8
13.04.2020 08:30;20;13;7
13.04.2020 08:45;12;6;6
13.04.2020 09:00;26;9;17
13.04.2020 09:15;22;11;11
13.04.2020 09:30;21;8;13
13.04.2020 09:45;28;11;17
13.04.2020 10:00;50;17;33
13.04.2020 10:15;43;15;28
13.04.2020 10:30;39;13;26
13.04.2020 10:45;70;37;33
13.04.2020 11:00;65;28;37
13.04.2020 11:15;55;26;29
13.04.2020 11:30;76;25;51
13.04.2020 11:45;81;26;55
13.04.2020 12:00;85;41;44
13.04.2020 12:15;66;20;46
13.04.2020 12:30;80;36;44
13.04.2020 12:45;60;15;45
13.04.2020 13:00;86;29;57
13.04.2020 13:15;98;38;60
13.04.2020 13:30;91;42;49
13.04.2020 13:45;88;38;50
13.04.2020 14:00;110;53;57
13.04.2020 14:15;103;43;60
13.04.2020 14:30;101;53;48
13.04.2020 14:45;100;55;45
13.04.2020 15:00;121;83;38
13.04.2020 15:15;99;60;39
13.04.2020 15:30;61;28;33
13.04.2020 15:45;80;35;45
13.04.2020 16:00;99;51;48
13.04.2020 16:15;79;45;34
13.04.2020 16:30;67;33;34
13.04.2020 16:45;93;55;38
13.04.2020 17:00;111;57;54
13.04.2020 17:15;85;41;44
13.04.2020 17:30;90;52;38
13.04.2020 17:45;75;42;33
13.04.2020 18:00;80;41;39
13.04.2020 18:15;84;40;44
13.04.2020 18:30;65;48;17
13.04.2020 18:45;59;33;26
13.04.2020 19:00;75;39;36
13.04.2020 19:15;33;24;9
13.04.2020 19:30;28;12;16
13.04.2020 19:45;34;17;17
13.04.2020 20:00;34;16;18
13.04.2020 20:15;23;13;10
13.04.2020 20:30;31;18;13
13.04.2020 20:45;16;9;7
13.04.2020 21:00;8;3;5
13.04.2020 21:15;12;3;9
13.04.2020 21:30;16;8;8
13.04.2020 21:45;4;2;2
13.04.2020 22:00;13;7;6
13.04.2020 22:15;8;1;7
13.04.2020 22:30;9;5;4
13.04.2020 22:45;6;3;3
13.04.2020 23:00;6;3;3
13.04.2020 23:15;4;3;1
13.04.2020 23:30;6;0;6
13.04.2020 23:45;5;2;3
14.04.2020 00:00;7;6;1
14.04.2020 00:15;3;2;1
14.04.2020 00:30;2;0;2
14.04.2020 00:45;1;0;1
14.04.2020 01:00;2;1;1
14.04.2020 01:15;4;4;0
14.04.2020 01:30;2;1;1
14.04.2020 01:45;1;1;0
14.04.2020 02:00;2;1;1
14.04.2020 02:15;2;2;0
14.04.2020 02:30;2;2;0
14.04.2020 02:45;1;0;1
14.04.2020 03:00;0;0;0
14.04.2020 03:15;2;1;1
14.04.2020 03:30;0;0;0
14.04.2020 03:45;2;2;0
14.04.2020 04:00;0;0;0
14.04.2020 04:15;0;0;0
14.04.2020 04:30;1;1;0
14.04.2020 04:45;7;5;2
14.04.2020 05:00;4;2;2
14.04.2020 05:15;4;2;2
14.04.2020 05:30;13;10;3
14.04.2020 05:45;6;5;1
14.04.2020 06:00;22;19;3
14.04.2020 06:15;22;20;2
14.04.2020 06:30;36;25;11
14.04.2020 06:45;28;15;13
14.04.2020 07:00;45;26;19
14.04.2020 07:15;44;24;20
14.04.2020 07:30;68;40;28
14.04.2020 07:45;68;48;20
14.04.2020 08:00;49;33;16
14.04.2020 08:15;68;49;19
14.04.2020 08:30;68;49;19
14.04.2020 08:45;69;41;28
14.04.2020 09:00;44;18;26
14.04.2020 09:15;63;44;19
14.04.2020 09:30;56;32;24
14.04.2020 09:45;72;40;32
14.04.2020 10:00;76;33;43
14.04.2020 10:15;62;36;26
14.04.2020 10:30;67;31;36
14.04.2020 10:45;81;46;35
14.04.2020 11:00;79;45;34
14.04.2020 11:15;98;43;55
14.04.2020 11:30;69;31;38
14.04.2020 11:45;69;39;30
14.04.2020 12:00;78;30;48
14.04.2020 12:15;81;31;50
14.04.2020 12:30;89;35;54
14.04.2020 12:45;55;32;23
14.04.2020 13:00;94;38;56
14.04.2020 13:15;94;46;48
14.04.2020 13:30;89;42;47
14.04.2020 13:45;101;47;54
14.04.2020 14:00;91;33;58
14.04.2020 14:15;69;28;41
14.04.2020 14:30;91;40;51
14.04.2020 14:45;80;38;42
14.04.2020 15:00;86;49;37
14.04.2020 15:15;98;45;53
14.04.2020 15:30;74;32;42
14.04.2020 15:45;110;42;68
14.04.2020 16:00;116;60;56
14.04.2020 16:15;107;45;62
14.04.2020 16:30;104;52;52
14.04.2020 16:45;118;49;69
14.04.2020 17:00;119;66;53
14.04.2020 17:15;134;67;67
14.04.2020 17:30;114;54;60
14.04.2020 17:45;139;66;73
14.04.2020 18:00;108;47;61
14.04.2020 18:15;99;48;51
14.04.2020 18:30;79;43;36
14.04.2020 18:45;79;29;50
14.04.2020 19:00;71;42;29
14.04.2020 19:15;63;31;32
14.04.2020 19:30;66;35;31
14.04.2020 19:45;40;19;21
14.04.2020 20:00;50;23;27
14.04.2020 20:15;35;15;20
14.04.2020 20:30;35;16;19
14.04.2020 20:45;21;14;7
14.04.2020 21:00;15;9;6
14.04.2020 21:15;17;13;4
14.04.2020 21:30;16;8;8
14.04.2020 21:45;10;6;4
14.04.2020 22:00;15;5;10
14.04.2020 22:15;13;4;9
14.04.2020 22:30;4;3;1
14.04.2020 22:45;8;2;6
14.04.2020 23:00;10;7;3
14.04.2020 23:15;8;4;4
14.04.2020 23:30;7;0;7
14.04.2020 23:45;5;3;2
15.04.2020 00:00;4;1;3
15.04.2020 00:15;6;3;3
15.04.2020 00:30;5;4;1
15.04.2020 00:45;3;0;3
15.04.2020 01:00;2;0;2
15.04.2020 01:15;1;1;0
15.04.2020 01:30;5;0;5
15.04.2020 01:45;1;0;1
15.04.2020 02:00;3;0;3
15.04.2020 02:15;1;1;0
15.04.2020 02:30;1;1;0
15.04.2020 02:45;1;1;0
15.04.2020 03:00;1;0;1
15.04.2020 03:15;0;0;0
15.04.2020 03:30;0;0;0
15.04.2020 03:45;2;2;0
15.04.2020 04:00;2;2;0
15.04.2020 04:15;0;0;0
15.04.2020 04:30;2;2;0
15.04.2020 04:45;7;4;3
15.04.2020 05:00;2;1;1
15.04.2020 05:15;3;1;2
15.04.2020 05:30;11;8;3
15.04.2020 05:45;10;9;1
15.04.2020 06:00;23;14;9
15.04.2020 06:15;27;26;1
15.04.2020 06:30;30;17;13
15.04.2020 06:45;39;27;12
15.04.2020 07:00;35;24;11
15.04.2020 07:15;43;21;22
15.04.2020 07:30;55;39;16
15.04.2020 07:45;81;54;27
15.04.2020 08:00;60;40;20
15.04.2020 08:15;66;37;29
15.04.2020 08:30;66;49;17
15.04.2020 08:45;85;52;33
15.04.2020 09:00;67;34;33
15.04.2020 09:15;59;34;25
15.04.2020 09:30;60;34;26
15.04.2020 09:45;51;31;20
15.04.2020 10:00;56;28;28
15.04.2020 10:15;80;37;43
15.04.2020 10:30;73;37;36
15.04.2020 10:45;84;42;42
15.04.2020 11:00;76;33;43
15.04.2020 11:15;76;38;38
15.04.2020 11:30;77;43;34
15.04.2020 11:45;79;25;54
15.04.2020 12:00;85;30;55
15.04.2020 12:15;87;42;45
15.04.2020 12:30;96;51;45
15.04.2020 12:45;112;42;70
15.04.2020 13:00;108;36;72
15.04.2020 13:15;99;42;57
15.04.2020 13:30;118;46;72
15.04.2020 13:45;106;62;44
15.04.2020 14:00;98;51;47
15.04.2020 14:15;105;42;63
15.04.2020 14:30;99;41;58
15.04.2020 14:45;101;53;48
15.04.2020 15:00;116;53;63
15.04.2020 15:15;119;55;64
15.04.2020 15:30;119;52;67
15.04.2020 15:45;151;67;84
15.04.2020 16:00;128;54;74
15.04.2020 16:15;147;62;85
15.04.2020 16:30;119;44;75
15.04.2020 16:45;133;66;67
15.04.2020 17:00;156;76;80
15.04.2020 17:15;137;66;71
15.04.2020 17:30;130;51;79
15.04.2020 17:45;133;74;59
15.04.2020 18:00;113;43;70
15.04.2020 18:15;124;56;68
15.04.2020 18:30;126;66;60
15.04.2020 18:45;117;65;52
15.04.2020 19:00;78;43;35
15.04.2020 19:15;80;38;42
15.04.2020 19:30;71;25;46
15.04.2020 19:45;66;33;33
15.04.2020 20:00;66;33;33
15.04.2020 20:15;56;23;33
15.04.2020 20:30;32;18;14
15.04.2020 20:45;49;22;27
15.04.2020 21:00;34;14;20
15.04.2020 21:15;31;10;21
15.04.2020 21:30;20;6;14
15.04.2020 21:45;17;11;6
15.04.2020 22:00;11;4;7
15.04.2020 22:15;12;3;9
15.04.2020 22:30;6;1;5
15.04.2020 22:45;11;7;4
15.04.2020 23:00;12;8;4
15.04.2020 23:15;13;8;5
15.04.2020 23:30;13;2;11
15.04.2020 23:45;7;5;2
16.04.2020 00:00;6;2;4
16.04.2020 00:15;4;2;2
16.04.2020 00:30;4;3;1
16.04.2020 00:45;5;1;4
16.04.2020 01:00;7;4;3
16.04.2020 01:15;2;1;1
16.04.2020 01:30;2;1;1
16.04.2020 01:45;0;0;0
16.04.2020 02:00;1;0;1
16.04.2020 02:15;3;1;2
16.04.2020 02:30;1;0;1
16.04.2020 02:45;1;1;0
16.04.2020 03:00;1;1;0
16.04.2020 03:15;0;0;0
16.04.2020 03:30;0;0;0
16.04.2020 03:45;3;3;0
16.04.2020 04:00;2;2;0
16.04.2020 04:15;1;0;1
16.04.2020 04:30;2;2;0
16.04.2020 04:45;7;5;2
16.04.2020 05:00;3;2;1
16.04.2020 05:15;5;2;3
16.04.2020 05:30;9;7;2
16.04.2020 05:45;12;8;4
16.04.2020 06:00;20;14;6
16.04.2020 06:15;29;23;6
16.04.2020 06:30;16;12;4
16.04.2020 06:45;34;21;13
16.04.2020 07:00;43;23;20
16.04.2020 07:15;52;31;21
16.04.2020 07:30;66;39;27
16.04.2020 07:45;76;46;30
16.04.2020 08:00;58;38;20
16.04.2020 08:15;68;43;25
16.04.2020 08:30;60;43;17
16.04.2020 08:45;81;52;29
16.04.2020 09:00;45;27;18
16.04.2020 09:15;67;38;29
16.04.2020 09:30;67;35;32
16.04.2020 09:45;70;39;31
16.04.2020 10:00;76;38;38
16.04.2020 10:15;69;35;34
16.04.2020 10:30;67;33;34
16.04.2020 10:45;78;28;50
16.04.2020 11:00;56;31;25
16.04.2020 11:15;112;49;63
16.04.2020 11:30;86;42;44
16.04.2020 11:45;95;41;54
16.04.2020 12:00;88;36;52
16.04.2020 12:15;90;42;48
16.04.2020 12:30;114;45;69
16.04.2020 12:45;101;45;56
16.04.2020 13:00;101;44;57
16.04.2020 13:15;88;27;61
16.04.2020 13:30;94;59;35
16.04.2020 13:45;123;69;54
16.04.2020 14:00;98;49;49
16.04.2020 14:15;91;46;45
16.04.2020 14:30;104;49;55
16.04.2020 14:45;133;71;62
16.04.2020 15:00;121;52;69
16.04.2020 15:15;133;63;70
16.04.2020 15:30;113;48;65
16.04.2020 15:45;132;56;76
16.04.2020 16:00;149;59;90
16.04.2020 16:15;148;66;82
16.04.2020 16:30;143;64;79
16.04.2020 16:45;161;66;95
16.04.2020 17:00;164;79;85
16.04.2020 17:15;156;70;86
16.04.2020 17:30;142;68;74
16.04.2020 17:45;125;63;62
16.04.2020 18:00;116;45;71
16.04.2020 18:15;114;49;65
16.04.2020 18:30;121;55;66
16.04.2020 18:45;129;81;48
16.04.2020 19:00;102;55;47
16.04.2020 19:15;114;69;45
16.04.2020 19:30;87;44;43
16.04.2020 19:45;73;38;35
16.04.2020 20:00;70;33;37
16.04.2020 20:15;74;40;34
16.04.2020 20:30;53;20;33
16.04.2020 20:45;44;16;28
16.04.2020 21:00;38;26;12
16.04.2020 21:15;37;17;20
16.04.2020 21:30;25;10;15
16.04.2020 21:45;21;10;11
16.04.2020 22:00;17;8;9
16.04.2020 22:15;19;10;9
16.04.2020 22:30;11;3;8
16.04.2020 22:45;24;14;10
16.04.2020 23:00;7;4;3
16.04.2020 23:15;12;3;9
16.04.2020 23:30;11;5;6
16.04.2020 23:45;10;8;2
17.04.2020 00:00;8;5;3
17.04.2020 00:15;10;2;8
17.04.2020 00:30;3;1;2
17.04.2020 00:45;0;0;0
17.04.2020 01:00;1;1;0
17.04.2020 01:15;5;1;4
17.04.2020 01:30;2;2;0
17.04.2020 01:45;5;2;3
17.04.2020 02:00;2;1;1
17.04.2020 02:15;2;1;1
17.04.2020 02:30;2;2;0
17.04.2020 02:45;0;0;0
17.04.2020 03:00;2;2;0
17.04.2020 03:15;2;2;0
17.04.2020 03:30;0;0;0
17.04.2020 03:45;2;2;0
17.04.2020 04:00;1;1;0
17.04.2020 04:15;0;0;0
17.04.2020 04:30;3;3;0
17.04.2020 04:45;6;4;2
17.04.2020 05:00;6;4;2
17.04.2020 05:15;1;0;1
17.04.2020 05:30;8;5;3
17.04.2020 05:45;9;7;2
17.04.2020 06:00;24;18;6
17.04.2020 06:15;29;23;6
17.04.2020 06:30;28;17;11
17.04.2020 06:45;41;23;18
17.04.2020 07:00;46;24;22
17.04.2020 07:15;59;35;24
17.04.2020 07:30;55;35;20
17.04.2020 07:45;81;50;31
17.04.2020 08:00;56;39;17
17.04.2020 08:15;58;38;20
17.04.2020 08:30;55;35;20
17.04.2020 08:45;87;53;34
17.04.2020 09:00;61;37;24
17.04.2020 09:15;77;56;21
17.04.2020 09:30;77;37;40
17.04.2020 09:45;69;39;30
17.04.2020 10:00;104;53;51
17.04.2020 10:15;79;39;40
17.04.2020 10:30;94;37;57
17.04.2020 10:45;102;49;53
17.04.2020 11:00;79;37;42
17.04.2020 11:15;96;58;38
17.04.2020 11:30;101;54;47
17.04.2020 11:45;115;51;64
17.04.2020 12:00;102;44;58
17.04.2020 12:15;117;62;55
17.04.2020 12:30;117;49;68
17.04.2020 12:45;106;41;65
17.04.2020 13:00;124;43;81
17.04.2020 13:15;115;40;75
17.04.2020 13:30;120;59;61
17.04.2020 13:45;115;59;56
17.04.2020 14:00;96;30;66
17.04.2020 14:15;122;45;77
17.04.2020 14:30;127;53;74
17.04.2020 14:45;117;56;61
17.04.2020 15:00;133;66;67
17.04.2020 15:15;153;59;94
17.04.2020 15:30;146;67;79
17.04.2020 15:45;114;41;73
17.04.2020 16:00;156;78;78
17.04.2020 16:15;149;68;81
17.04.2020 16:30;114;48;66
17.04.2020 16:45;144;61;83
17.04.2020 17:00;144;65;79
17.04.2020 17:15;140;68;72
17.04.2020 17:30;153;81;72
17.04.2020 17:45;152;70;82
17.04.2020 18:00;155;83;72
17.04.2020 18:15;154;73;81
17.04.2020 18:30;127;68;59
17.04.2020 18:45;145;78;67
17.04.2020 19:00;117;67;50
17.04.2020 19:15;73;36;37
17.04.2020 19:30;79;51;28
17.04.2020 19:45;73;36;37
17.04.2020 20:00;75;38;37
17.04.2020 20:15;60;29;31
17.04.2020 20:30;55;17;38
17.04.2020 20:45;55;27;28
17.04.2020 21:00;41;22;19
17.04.2020 21:15;37;24;13
17.04.2020 21:30;25;9;16
17.04.2020 21:45;28;15;13
17.04.2020 22:00;21;11;10
17.04.2020 22:15;20;10;10
17.04.2020 22:30;26;13;13
17.04.2020 22:45;20;6;14
17.04.2020 23:00;23;13;10
17.04.2020 23:15;7;4;3
17.04.2020 23:30;14;10;4
17.04.2020 23:45;16;8;8
18.04.2020 00:00;9;2;7
18.04.2020 00:15;9;5;4
18.04.2020 00:30;9;6;3
18.04.2020 00:45;8;5;3
18.04.2020 01:00;6;4;2
18.04.2020 01:15;10;3;7
18.04.2020 01:30;3;2;1
18.04.2020 01:45;1;1;0
18.04.2020 02:00;1;1;0
18.04.2020 02:15;4;0;4
18.04.2020 02:30;2;1;1
18.04.2020 02:45;2;2;0
18.04.2020 03:00;2;1;1
18.04.2020 03:15;1;1;0
18.04.2020 03:30;1;0;1
18.04.2020 03:45;2;2;0
18.04.2020 04:00;2;0;2
18.04.2020 04:15;1;1;0
18.04.2020 04:30;4;4;0
18.04.2020 04:45;1;1;0
18.04.2020 05:00;4;2;2
18.04.2020 05:15;3;2;1
18.04.2020 05:30;2;2;0
18.04.2020 05:45;2;0;2
18.04.2020 06:00;4;4;0
18.04.2020 06:15;12;9;3
18.04.2020 06:30;8;4;4
18.04.2020 06:45;16;6;10
18.04.2020 07:00;21;10;11
18.04.2020 07:15;13;5;8
18.04.2020 07:30;11;4;7
18.04.2020 07:45;20;8;12
18.04.2020 08:00;14;8;6
18.04.2020 08:15;27;11;16
18.04.2020 08:30;27;13;14
18.04.2020 08:45;48;21;27
18.04.2020 09:00;25;13;12
18.04.2020 09:15;47;17;30
18.04.2020 09:30;68;26;42
18.04.2020 09:45;69;34;35
18.04.2020 10:00;65;34;31
18.04.2020 10:15;79;36;43
18.04.2020 10:30;81;23;58
18.04.2020 10:45;98;46;52
18.04.2020 11:00;95;39;56
18.04.2020 11:15;96;42;54
18.04.2020 11:30;105;48;57
18.04.2020 11:45;116;52;64
18.04.2020 12:00;127;49;78
18.04.2020 12:15;106;48;58
18.04.2020 12:30;121;68;53
18.04.2020 12:45;101;48;53
18.04.2020 13:00;96;34;62
18.04.2020 13:15;101;41;60
18.04.2020 13:30;116;49;67
18.04.2020 13:45;121;54;67
18.04.2020 14:00;99;40;59
18.04.2020 14:15;101;50;51
18.04.2020 14:30;114;45;69
18.04.2020 14:45;129;54;75
18.04.2020 15:00;118;41;77
18.04.2020 15:15;119;61;58
18.04.2020 15:30;119;61;58
18.04.2020 15:45;129;60;69
18.04.2020 16:00;131;76;55
18.04.2020 16:15;147;65;82
18.04.2020 16:30;141;75;66
18.04.2020 16:45;124;75;49
18.04.2020 17:00;111;63;48
18.04.2020 17:15;130;79;51
18.04.2020 17:30;125;82;43
18.04.2020 17:45;145;102;43
18.04.2020 18:00;115;56;59
18.04.2020 18:15;92;45;47
18.04.2020 18:30;101;54;47
18.04.2020 18:45;83;44;39
18.04.2020 19:00;102;54;48
18.04.2020 19:15;82;53;29
18.04.2020 19:30;62;34;28
18.04.2020 19:45;66;31;35
18.04.2020 20:00;70;41;29
18.04.2020 20:15;59;34;25
18.04.2020 20:30;51;22;29
18.04.2020 20:45;50;26;24
18.04.2020 21:00;27;15;12
18.04.2020 21:15;45;25;20
18.04.2020 21:30;36;19;17
18.04.2020 21:45;29;19;10
18.04.2020 22:00;20;10;10
18.04.2020 22:15;15;8;7
18.04.2020 22:30;10;4;6
18.04.2020 22:45;18;7;11
18.04.2020 23:00;20;14;6
18.04.2020 23:15;13;4;9
18.04.2020 23:30;15;8;7
18.04.2020 23:45;21;12;9
19.04.2020 00:00;11;5;6
19.04.2020 00:15;10;9;1
19.04.2020 00:30;5;0;5
19.04.2020 00:45;3;2;1
19.04.2020 01:00;11;6;5
19.04.2020 01:15;8;6;2
19.04.2020 01:30;7;5;2
19.04.2020 01:45;3;0;3
19.04.2020 02:00;4;3;1
19.04.2020 02:15;2;1;1
19.04.2020 02:30;0;0;0
19.04.2020 02:45;4;2;2
19.04.2020 03:00;8;4;4
19.04.2020 03:15;3;0;3
19.04.2020 03:30;2;2;0
19.04.2020 03:45;0;0;0
19.04.2020 04:00;0;0;0
19.04.2020 04:15;0;0;0
19.04.2020 04:30;2;2;0
19.04.2020 04:45;0;0;0
19.04.2020 05:00;0;0;0
19.04.2020 05:15;1;1;0
19.04.2020 05:30;4;2;2
19.04.2020 05:45;8;7;1
19.04.2020 06:00;6;2;4
19.04.2020 06:15;9;7;2
19.04.2020 06:30;7;4;3
19.04.2020 06:45;6;1;5
19.04.2020 07:00;6;5;1
19.04.2020 07:15;4;3;1
19.04.2020 07:30;2;2;0
19.04.2020 07:45;8;4;4
19.04.2020 08:00;11;4;7
19.04.2020 08:15;10;4;6
19.04.2020 08:30;15;7;8
19.04.2020 08:45;14;6;8
19.04.2020 09:00;20;10;10
19.04.2020 09:15;18;8;10
19.04.2020 09:30;32;9;23
19.04.2020 09:45;43;20;23
19.04.2020 10:00;43;9;34
19.04.2020 10:15;35;13;22
19.04.2020 10:30;43;18;25
19.04.2020 10:45;69;20;49
19.04.2020 11:00;59;27;32
19.04.2020 11:15;65;25;40
19.04.2020 11:30;77;21;56
19.04.2020 11:45;77;22;55
19.04.2020 12:00;75;28;47
19.04.2020 12:15;114;45;69
19.04.2020 12:30;89;44;45
19.04.2020 12:45;80;31;49
19.04.2020 13:00;104;45;59
19.04.2020 13:15;102;42;60
19.04.2020 13:30;111;54;57
19.04.2020 13:45;137;65;72
19.04.2020 14:00;106;56;50
19.04.2020 14:15;126;66;60
19.04.2020 14:30;107;52;55
19.04.2020 14:45;135;57;78
19.04.2020 15:00;150;75;75
19.04.2020 15:15;116;44;72
19.04.2020 15:30;112;53;59
19.04.2020 15:45;121;58;63
19.04.2020 16:00;102;53;49
19.04.2020 16:15;104;51;53
19.04.2020 16:30;129;80;49
19.04.2020 16:45;132;63;69
19.04.2020 17:00;106;68;38
19.04.2020 17:15;105;47;58
19.04.2020 17:30;107;59;48
19.04.2020 17:45;117;72;45
19.04.2020 18:00;147;87;60
19.04.2020 18:15;112;49;63
19.04.2020 18:30;104;74;30
19.04.2020 18:45;109;69;40
19.04.2020 19:00;92;52;40
19.04.2020 19:15;69;44;25
19.04.2020 19:30;66;42;24
19.04.2020 19:45;58;28;30
19.04.2020 20:00;57;26;31
19.04.2020 20:15;50;29;21
19.04.2020 20:30;37;22;15
19.04.2020 20:45;35;18;17
19.04.2020 21:00;32;20;12
19.04.2020 21:15;23;11;12
19.04.2020 21:30;26;12;14
19.04.2020 21:45;22;10;12
19.04.2020 22:00;9;4;5
19.04.2020 22:15;17;7;10
19.04.2020 22:30;10;6;4
19.04.2020 22:45;15;6;9
19.04.2020 23:00;11;6;5
19.04.2020 23:15;8;5;3
19.04.2020 23:30;9;5;4
19.04.2020 23:45;7;4;3
20.04.2020 00:00;5;4;1
20.04.2020 00:15;2;0;2
20.04.2020 00:30;6;3;3
20.04.2020 00:45;6;5;1
20.04.2020 01:00;4;1;3
20.04.2020 01:15;1;1;0
20.04.2020 01:30;0;0;0
20.04.2020 01:45;3;2;1
20.04.2020 02:00;1;1;0
20.04.2020 02:15;2;2;0
20.04.2020 02:30;0;0;0
20.04.2020 02:45;0;0;0
20.04.2020 03:00;1;0;1
20.04.2020 03:15;0;0;0
20.04.2020 03:30;0;0;0
20.04.2020 03:45;0;0;0
20.04.2020 04:00;1;0;1
20.04.2020 04:15;2;2;0
20.04.2020 04:30;4;4;0
20.04.2020 04:45;3;3;0
20.04.2020 05:00;5;2;3
20.04.2020 05:15;1;0;1
20.04.2020 05:30;7;2;5
20.04.2020 05:45;13;11;2
20.04.2020 06:00;31;23;8
20.04.2020 06:15;32;26;6
20.04.2020 06:30;36;25;11
20.04.2020 06:45;45;27;18
20.04.2020 07:00;52;33;19
20.04.2020 07:15;65;41;24
20.04.2020 07:30;63;33;30
20.04.2020 07:45;114;80;34
20.04.2020 08:00;76;55;21
20.04.2020 08:15;60;47;13
20.04.2020 08:30;81;51;30
20.04.2020 08:45;85;55;30
20.04.2020 09:00;82;58;24
20.04.2020 09:15;90;49;41
20.04.2020 09:30;69;33;36
20.04.2020 09:45;79;49;30
20.04.2020 10:00;62;35;27
20.04.2020 10:15;77;40;37
20.04.2020 10:30;91;47;44
20.04.2020 10:45;85;50;35
20.04.2020 11:00;76;36;40
20.04.2020 11:15;99;49;50
20.04.2020 11:30;99;49;50
20.04.2020 11:45;92;48;44
20.04.2020 12:00;103;49;54
20.04.2020 12:15;108;48;60
20.04.2020 12:30;98;42;56
20.04.2020 12:45;86;39;47
20.04.2020 13:00;113;58;55
20.04.2020 13:15;92;48;44
20.04.2020 13:30;109;67;42
20.04.2020 13:45;149;62;87
20.04.2020 14:00;135;69;66
20.04.2020 14:15;119;45;74
20.04.2020 14:30;114;46;68
20.04.2020 14:45;147;60;87
20.04.2020 15:00;138;51;87
20.04.2020 15:15;116;61;55
20.04.2020 15:30;119;49;70
20.04.2020 15:45;149;64;85
20.04.2020 16:00;135;57;78
20.04.2020 16:15;155;64;91
20.04.2020 16:30;151;61;90
20.04.2020 16:45;158;70;88
20.04.2020 17:00;161;71;90
20.04.2020 17:15;138;60;78
20.04.2020 17:30;132;54;78
20.04.2020 17:45;145;68;77
20.04.2020 18:00;139;59;80
20.04.2020 18:15;143;53;90
20.04.2020 18:30;112;42;70
20.04.2020 18:45;102;49;53
20.04.2020 19:00;101;46;55
20.04.2020 19:15;93;46;47
20.04.2020 19:30;83;38;45
20.04.2020 19:45;70;42;28
20.04.2020 20:00;65;29;36
20.04.2020 20:15;47;24;23
20.04.2020 20:30;47;23;24
20.04.2020 20:45;35;22;13
20.04.2020 21:00;40;23;17
20.04.2020 21:15;41;17;24
20.04.2020 21:30;23;7;16
20.04.2020 21:45;22;11;11
20.04.2020 22:00;18;9;9
20.04.2020 22:15;10;3;7
20.04.2020 22:30;13;4;9
20.04.2020 22:45;15;8;7
20.04.2020 23:00;9;3;6
20.04.2020 23:15;4;1;3
20.04.2020 23:30;6;4;2
20.04.2020 23:45;7;3;4
21.04.2020 00:00;5;3;2
21.04.2020 00:15;6;3;3
21.04.2020 00:30;10;6;4
21.04.2020 00:45;3;1;2
21.04.2020 01:00;7;5;2
21.04.2020 01:15;4;3;1
21.04.2020 01:30;4;1;3
21.04.2020 01:45;4;2;2
21.04.2020 02:00;2;2;0
21.04.2020 02:15;1;1;0
21.04.2020 02:30;0;0;0
21.04.2020 02:45;0;0;0
21.04.2020 03:00;0;0;0
21.04.2020 03:15;0;0;0
21.04.2020 03:30;1;1;0
21.04.2020 03:45;1;1;0
21.04.2020 04:00;1;0;1
21.04.2020 04:15;2;1;1
21.04.2020 04:30;4;4;0
21.04.2020 04:45;5;4;1
21.04.2020 05:00;4;2;2
21.04.2020 05:15;3;1;2
21.04.2020 05:30;10;5;5
21.04.2020 05:45;17;12;5
21.04.2020 06:00;30;20;10
21.04.2020 06:15;36;28;8
21.04.2020 06:30;36;16;20
21.04.2020 06:45;50;33;17
21.04.2020 07:00;41;20;21
21.04.2020 07:15;78;52;26
21.04.2020 07:30;80;52;28
21.04.2020 07:45;106;68;38
21.04.2020 08:00;84;53;31
21.04.2020 08:15;82;56;26
21.04.2020 08:30;92;66;26
21.04.2020 08:45;100;62;38
21.04.2020 09:00;59;38;21
21.04.2020 09:15;90;54;36
21.04.2020 09:30;78;56;22
21.04.2020 09:45;78;42;36
21.04.2020 10:00;75;41;34
21.04.2020 10:15;75;41;34
21.04.2020 10:30;85;49;36
21.04.2020 10:45;98;53;45
21.04.2020 11:00;84;45;39
21.04.2020 11:15;75;39;36
21.04.2020 11:30;98;50;48
21.04.2020 11:45;111;50;61
21.04.2020 12:00;96;38;58
21.04.2020 12:15;95;39;56
21.04.2020 12:30;101;43;58
21.04.2020 12:45;110;57;53
21.04.2020 13:00;127;55;72
21.04.2020 13:15;97;39;58
21.04.2020 13:30;105;56;49
21.04.2020 13:45;125;75;50
21.04.2020 14:00;120;63;57
21.04.2020 14:15;126;66;60
21.04.2020 14:30;109;46;63
21.04.2020 14:45;127;59;68
21.04.2020 15:00;138;67;71
21.04.2020 15:15;118;57;61
21.04.2020 15:30;169;80;89
21.04.2020 15:45;164;74;90
21.04.2020 16:00;165;77;88
21.04.2020 16:15;133;59;74
21.04.2020 16:30;148;60;88
21.04.2020 16:45;175;83;92
21.04.2020 17:00;174;70;104
21.04.2020 17:15;179;63;116
21.04.2020 17:30;139;63;76
21.04.2020 17:45;176;74;102
21.04.2020 18:00;162;67;95
21.04.2020 18:15;126;54;72
21.04.2020 18:30;138;49;89
21.04.2020 18:45;113;54;59
21.04.2020 19:00;93;41;52
21.04.2020 19:15;100;42;58
21.04.2020 19:30;78;50;28
21.04.2020 19:45;56;25;31
21.04.2020 20:00;68;34;34
21.04.2020 20:15;51;19;32
21.04.2020 20:30;40;13;27
21.04.2020 20:45;38;21;17
21.04.2020 21:00;30;11;19
21.04.2020 21:15;39;16;23
21.04.2020 21:30;25;16;9
21.04.2020 21:45;33;18;15
21.04.2020 22:00;22;12;10
21.04.2020 22:15;20;11;9
21.04.2020 22:30;19;11;8
21.04.2020 22:45;13;2;11
21.04.2020 23:00;12;4;8
21.04.2020 23:15;12;4;8
21.04.2020 23:30;9;5;4
21.04.2020 23:45;12;5;7
22.04.2020 00:00;13;6;7
22.04.2020 00:15;9;7;2
22.04.2020 00:30;4;1;3
22.04.2020 00:45;2;1;1
22.04.2020 01:00;4;2;2
22.04.2020 01:15;2;2;0
22.04.2020 01:30;3;0;3
22.04.2020 01:45;3;1;2
22.04.2020 02:00;3;2;1
22.04.2020 02:15;0;0;0
22.04.2020 02:30;1;1;0
22.04.2020 02:45;1;1;0
22.04.2020 03:00;1;0;1
22.04.2020 03:15;0;0;0
22.04.2020 03:30;1;0;1
22.04.2020 03:45;1;1;0
22.04.2020 04:00;4;2;2
22.04.2020 04:15;2;2;0
22.04.2020 04:30;1;0;1
22.04.2020 04:45;7;5;2
22.04.2020 05:00;3;1;2
22.04.2020 05:15;7;3;4
22.04.2020 05:30;9;2;7
22.04.2020 05:45;16;10;6
22.04.2020 06:00;31;20;11
22.04.2020 06:15;35;25;10
22.04.2020 06:30;40;26;14
22.04.2020 06:45;50;35;15
22.04.2020 07:00;54;34;20
22.04.2020 07:15;63;36;27
22.04.2020 07:30;78;55;23
22.04.2020 07:45;84;43;41
22.04.2020 08:00;84;66;18
22.04.2020 08:15;87;55;32
22.04.2020 08:30;79;55;24
22.04.2020 08:45;103;71;32
22.04.2020 09:00;66;38;28
22.04.2020 09:15;83;50;33
22.04.2020 09:30;81;45;36
22.04.2020 09:45;86;51;35
22.04.2020 10:00;77;37;40
22.04.2020 10:15;72;32;40
22.04.2020 10:30;75;40;35
22.04.2020 10:45;82;47;35
22.04.2020 11:00;98;49;49
22.04.2020 11:15;110;55;55
22.04.2020 11:30;104;55;49
22.04.2020 11:45;104;47;57
22.04.2020 12:00;104;42;62
22.04.2020 12:15;110;51;59
22.04.2020 12:30;139;67;72
22.04.2020 12:45;145;61;84
22.04.2020 13:00;145;80;65
22.04.2020 13:15;121;59;62
22.04.2020 13:30;108;62;46
22.04.2020 13:45;103;51;52
22.04.2020 14:00;118;48;70
22.04.2020 14:15;141;52;89
22.04.2020 14:30;126;69;57
22.04.2020 14:45;150;61;89
22.04.2020 15:00;137;59;78
22.04.2020 15:15;139;68;71
22.04.2020 15:30;130;62;68
22.04.2020 15:45;135;53;82
22.04.2020 16:00;196;83;113
22.04.2020 16:15;202;90;112
22.04.2020 16:30;218;92;126
22.04.2020 16:45;187;91;96
22.04.2020 17:00;168;68;100
22.04.2020 17:15;171;83;88
22.04.2020 17:30;185;79;106
22.04.2020 17:45;204;91;113
22.04.2020 18:00;198;98;100
22.04.2020 18:15;169;64;105
22.04.2020 18:30;172;65;107
22.04.2020 18:45;109;45;64
22.04.2020 19:00;118;48;70
22.04.2020 19:15;121;62;59
22.04.2020 19:30;105;48;57
22.04.2020 19:45;74;37;37
22.04.2020 20:00;106;60;46
22.04.2020 20:15;86;40;46
22.04.2020 20:30;77;38;39
22.04.2020 20:45;51;27;24
22.04.2020 21:00;58;36;22
22.04.2020 21:15;45;25;20
22.04.2020 21:30;26;14;12
22.04.2020 21:45;35;17;18
22.04.2020 22:00;33;18;15
22.04.2020 22:15;22;7;15
22.04.2020 22:30;15;8;7
22.04.2020 22:45;20;12;8
22.04.2020 23:00;16;8;8
22.04.2020 23:15;11;7;4
22.04.2020 23:30;11;1;10
22.04.2020 23:45;16;9;7
23.04.2020 00:00;10;1;9
23.04.2020 00:15;2;1;1
23.04.2020 00:30;5;2;3
23.04.2020 00:45;4;4;0
23.04.2020 01:00;3;1;2
23.04.2020 01:15;3;0;3
23.04.2020 01:30;2;2;0
23.04.2020 01:45;1;1;0
23.04.2020 02:00;0;0;0
23.04.2020 02:15;2;2;0
23.04.2020 02:30;3;1;2
23.04.2020 02:45;2;2;0
23.04.2020 03:00;0;0;0
23.04.2020 03:15;0;0;0
23.04.2020 03:30;0;0;0
23.04.2020 03:45;0;0;0
23.04.2020 04:00;0;0;0
23.04.2020 04:15;4;3;1
23.04.2020 04:30;1;1;0
23.04.2020 04:45;4;2;2
23.04.2020 05:00;1;1;0
23.04.2020 05:15;4;1;3
23.04.2020 05:30;12;6;6
23.04.2020 05:45;18;12;6
23.04.2020 06:00;27;20;7
23.04.2020 06:15;36;28;8
23.04.2020 06:30;34;17;17
23.04.2020 06:45;41;23;18
23.04.2020 07:00;44;31;13
23.04.2020 07:15;60;37;23
23.04.2020 07:30;76;39;37
23.04.2020 07:45;106;68;38
23.04.2020 08:00;83;58;25
23.04.2020 08:15;81;53;28
23.04.2020 08:30;89;56;33
23.04.2020 08:45;110;66;44
23.04.2020 09:00;57;34;23
23.04.2020 09:15;76;45;31
23.04.2020 09:30;86;51;35
23.04.2020 09:45;85;45;40
23.04.2020 10:00;68;35;33
23.04.2020 10:15;78;38;40
23.04.2020 10:30;81;45;36
23.04.2020 10:45;82;39;43
23.04.2020 11:00;103;43;60
23.04.2020 11:15;106;50;56
23.04.2020 11:30;86;49;37
23.04.2020 11:45;116;48;68
23.04.2020 12:00;123;59;64
23.04.2020 12:15;126;67;59
23.04.2020 12:30;135;66;69
23.04.2020 12:45;135;64;71
23.04.2020 13:00;137;59;78
23.04.2020 13:15;107;53;54
23.04.2020 13:30;135;69;66
23.04.2020 13:45;146;65;81
23.04.2020 14:00;110;56;54
23.04.2020 14:15;138;56;82
23.04.2020 14:30;124;61;63
23.04.2020 14:45;144;71;73
23.04.2020 15:00;136;66;70
23.04.2020 15:15;143;73;70
23.04.2020 15:30;135;68;67
23.04.2020 15:45;148;63;85
23.04.2020 16:00;169;78;91
23.04.2020 16:15;186;78;108
23.04.2020 16:30;195;96;99
23.04.2020 16:45;202;99;103
23.04.2020 17:00;189;73;116
23.04.2020 17:15;212;100;112
23.04.2020 17:30;185;89;96
23.04.2020 17:45;185;79;106
23.04.2020 18:00;202;86;116
23.04.2020 18:15;131;41;90
23.04.2020 18:30;153;75;78
23.04.2020 18:45;137;53;84
23.04.2020 19:00;123;57;66
23.04.2020 19:15;123;54;69
23.04.2020 19:30;110;56;54
23.04.2020 19:45;99;52;47
23.04.2020 20:00;84;44;40
23.04.2020 20:15;94;47;47
23.04.2020 20:30;59;24;35
23.04.2020 20:45;56;21;35
23.04.2020 21:00;59;19;40
23.04.2020 21:15;58;33;25
23.04.2020 21:30;52;31;21
23.04.2020 21:45;36;17;19
23.04.2020 22:00;32;16;16
23.04.2020 22:15;14;3;11
23.04.2020 22:30;12;7;5
23.04.2020 22:45;22;15;7
23.04.2020 23:00;17;8;9
23.04.2020 23:15;17;6;11
23.04.2020 23:30;8;2;6
23.04.2020 23:45;5;4;1
24.04.2020 00:00;8;3;5
24.04.2020 00:15;10;4;6
24.04.2020 00:30;11;6;5
24.04.2020 00:45;7;2;5
24.04.2020 01:00;4;4;0
24.04.2020 01:15;3;2;1
24.04.2020 01:30;5;4;1
24.04.2020 01:45;4;1;3
24.04.2020 02:00;2;1;1
24.04.2020 02:15;1;0;1
24.04.2020 02:30;1;1;0
24.04.2020 02:45;0;0;0
24.04.2020 03:00;2;1;1
24.04.2020 03:15;0;0;0
24.04.2020 03:30;0;0;0
24.04.2020 03:45;1;1;0
24.04.2020 04:00;4;1;3
24.04.2020 04:15;2;2;0
24.04.2020 04:30;2;2;0
24.04.2020 04:45;4;4;0
24.04.2020 05:00;2;2;0
24.04.2020 05:15;3;1;2
24.04.2020 05:30;7;3;4
24.04.2020 05:45;14;9;5
24.04.2020 06:00;23;19;4
24.04.2020 06:15;28;20;8
24.04.2020 06:30;36;17;19
24.04.2020 06:45;42;26;16
24.04.2020 07:00;45;28;17
24.04.2020 07:15;62;41;21
24.04.2020 07:30;71;50;21
24.04.2020 07:45;95;60;35
24.04.2020 08:00;80;49;31
24.04.2020 08:15;85;57;28
24.04.2020 08:30;82;49;33
24.04.2020 08:45;117;79;38
24.04.2020 09:00;68;41;27
24.04.2020 09:15;74;43;31
24.04.2020 09:30;84;40;44
24.04.2020 09:45;128;86;42
24.04.2020 10:00;112;63;49
24.04.2020 10:15;141;83;58
24.04.2020 10:30;103;57;46
24.04.2020 10:45;127;49;78
24.04.2020 11:00;117;53;64
24.04.2020 11:15;130;67;63
24.04.2020 11:30;134;54;80
24.04.2020 11:45;130;59;71
24.04.2020 12:00;143;68;75
24.04.2020 12:15;130;50;80
24.04.2020 12:30;143;62;81
24.04.2020 12:45;118;53;65
24.04.2020 13:00;139;53;86
24.04.2020 13:15;112;52;60
24.04.2020 13:30;126;63;63
24.04.2020 13:45;154;73;81
24.04.2020 14:00;146;72;74
24.04.2020 14:15;142;66;76
24.04.2020 14:30;151;74;77
24.04.2020 14:45;139;68;71
24.04.2020 15:00;118;63;55
24.04.2020 15:15;142;63;79
24.04.2020 15:30;162;79;83
24.04.2020 15:45;169;70;99
24.04.2020 16:00;151;71;80
24.04.2020 16:15;142;61;81
24.04.2020 16:30;199;83;116
24.04.2020 16:45;161;71;90
24.04.2020 17:00;162;84;78
24.04.2020 17:15;181;87;94
24.04.2020 17:30;157;68;89
24.04.2020 17:45;143;71;72
24.04.2020 18:00;145;62;83
24.04.2020 18:15;144;46;98
24.04.2020 18:30;145;75;70
24.04.2020 18:45;110;58;52
24.04.2020 19:00;100;46;54
24.04.2020 19:15;104;46;58
24.04.2020 19:30;79;32;47
24.04.2020 19:45;65;32;33
24.04.2020 20:00;88;45;43
24.04.2020 20:15;67;31;36
24.04.2020 20:30;60;23;37
24.04.2020 20:45;66;37;29
24.04.2020 21:00;39;19;20
24.04.2020 21:15;44;30;14
24.04.2020 21:30;37;17;20
24.04.2020 21:45;34;15;19
24.04.2020 22:00;35;10;25
24.04.2020 22:15;27;10;17
24.04.2020 22:30;26;10;16
24.04.2020 22:45;19;5;14
24.04.2020 23:00;16;7;9
24.04.2020 23:15;30;12;18
24.04.2020 23:30;23;9;14
24.04.2020 23:45;15;8;7
25.04.2020 00:00;19;12;7
25.04.2020 00:15;12;6;6
25.04.2020 00:30;13;10;3
25.04.2020 00:45;11;8;3
25.04.2020 01:00;12;9;3
25.04.2020 01:15;11;5;6
25.04.2020 01:30;12;8;4
25.04.2020 01:45;6;4;2
25.04.2020 02:00;3;1;2
25.04.2020 02:15;1;0;1
25.04.2020 02:30;2;0;2
25.04.2020 02:45;2;1;1
25.04.2020 03:00;0;0;0
25.04.2020 03:15;2;0;2
25.04.2020 03:30;0;0;0
25.04.2020 03:45;1;0;1
25.04.2020 04:00;0;0;0
25.04.2020 04:15;1;1;0
25.04.2020 04:30;3;2;1
25.04.2020 04:45;2;0;2
25.04.2020 05:00;1;1;0
25.04.2020 05:15;4;1;3
25.04.2020 05:30;5;3;2
25.04.2020 05:45;6;2;4
25.04.2020 06:00;7;5;2
25.04.2020 06:15;8;8;0
25.04.2020 06:30;14;8;6
25.04.2020 06:45;13;6;7
25.04.2020 07:00;14;6;8
25.04.2020 07:15;10;4;6
25.04.2020 07:30;20;7;13
25.04.2020 07:45;22;13;9
25.04.2020 08:00;26;11;15
25.04.2020 08:15;27;10;17
25.04.2020 08:30;38;22;16
25.04.2020 08:45;37;22;15
25.04.2020 09:00;36;24;12
25.04.2020 09:15;65;37;28
25.04.2020 09:30;60;28;32
25.04.2020 09:45;71;38;33
25.04.2020 10:00;72;36;36
25.04.2020 10:15;78;38;40
25.04.2020 10:30;84;37;47
25.04.2020 10:45;97;51;46
25.04.2020 11:00;98;44;54
25.04.2020 11:15;124;74;50
25.04.2020 11:30;112;59;53
25.04.2020 11:45;129;55;74
25.04.2020 12:00;142;66;76
25.04.2020 12:15;111;56;55
25.04.2020 12:30;114;64;50
25.04.2020 12:45;151;71;80
25.04.2020 13:00;103;45;58
25.04.2020 13:15;110;49;61
25.04.2020 13:30;127;52;75
25.04.2020 13:45;136;68;68
25.04.2020 14:00;133;62;71
25.04.2020 14:15;135;74;61
25.04.2020 14:30;141;45;96
25.04.2020 14:45;134;72;62
25.04.2020 15:00;163;64;99
25.04.2020 15:15;151;57;94
25.04.2020 15:30;163;70;93
25.04.2020 15:45;137;80;57
25.04.2020 16:00;132;62;70
25.04.2020 16:15;134;62;72
25.04.2020 16:30;162;63;99
25.04.2020 16:45;134;68;66
25.04.2020 17:00;190;98;92
25.04.2020 17:15;145;86;59
25.04.2020 17:30;135;77;58
25.04.2020 17:45;94;46;48
25.04.2020 18:00;112;60;52
25.04.2020 18:15;105;58;47
25.04.2020 18:30;90;49;41
25.04.2020 18:45;91;47;44
25.04.2020 19:00;88;47;41
25.04.2020 19:15;101;43;58
25.04.2020 19:30;90;49;41
25.04.2020 19:45;70;44;26
25.04.2020 20:00;79;44;35
25.04.2020 20:15;67;36;31
25.04.2020 20:30;45;24;21
25.04.2020 20:45;59;29;30
25.04.2020 21:00;43;20;23
25.04.2020 21:15;49;22;27
25.04.2020 21:30;37;14;23
25.04.2020 21:45;23;14;9
25.04.2020 22:00;27;14;13
25.04.2020 22:15;20;13;7
25.04.2020 22:30;23;14;9
25.04.2020 22:45;22;11;11
25.04.2020 23:00;20;13;7
25.04.2020 23:15;24;10;14
25.04.2020 23:30;21;13;8
25.04.2020 23:45;22;7;15
26.04.2020 00:00;25;15;10
26.04.2020 00:15;9;3;6
26.04.2020 00:30;11;7;4
26.04.2020 00:45;12;5;7
26.04.2020 01:00;11;1;10
26.04.2020 01:15;14;10;4
26.04.2020 01:30;9;4;5
26.04.2020 01:45;9;3;6
26.04.2020 02:00;13;7;6
26.04.2020 02:15;11;4;7
26.04.2020 02:30;4;1;3
26.04.2020 02:45;4;2;2
26.04.2020 03:00;3;1;2
26.04.2020 03:15;3;3;0
26.04.2020 03:30;2;1;1
26.04.2020 03:45;2;1;1
26.04.2020 04:00;7;1;6
26.04.2020 04:15;1;0;1
26.04.2020 04:30;1;0;1
26.04.2020 04:45;1;1;0
26.04.2020 05:00;1;0;1
26.04.2020 05:15;3;0;3
26.04.2020 05:30;9;7;2
26.04.2020 05:45;8;3;5
26.04.2020 06:00;8;5;3
26.04.2020 06:15;7;6;1
26.04.2020 06:30;6;4;2
26.04.2020 06:45;4;2;2
26.04.2020 07:00;8;5;3
26.04.2020 07:15;9;5;4
26.04.2020 07:30;12;6;6
26.04.2020 07:45;15;6;9
26.04.2020 08:00;11;2;9
26.04.2020 08:15;13;7;6
26.04.2020 08:30;8;4;4
26.04.2020 08:45;30;15;15
26.04.2020 09:00;17;8;9
26.04.2020 09:15;13;5;8
26.04.2020 09:30;37;14;23
26.04.2020 09:45;24;13;11
26.04.2020 10:00;41;9;32
26.04.2020 10:15;37;15;22
26.04.2020 10:30;39;18;21
26.04.2020 10:45;53;22;31
26.04.2020 11:00;55;25;30
26.04.2020 11:15;67;36;31
26.04.2020 11:30;64;31;33
26.04.2020 11:45;59;25;34
26.04.2020 12:00;74;38;36
26.04.2020 12:15;73;31;42
26.04.2020 12:30;74;30;44
26.04.2020 12:45;62;26;36
26.04.2020 13:00;109;52;57
26.04.2020 13:15;75;20;55
26.04.2020 13:30;92;31;61
26.04.2020 13:45;94;36;58
26.04.2020 14:00;96;35;61
26.04.2020 14:15;100;33;67
26.04.2020 14:30;119;57;62
26.04.2020 14:45;119;42;77
26.04.2020 15:00;119;54;65
26.04.2020 15:15;87;48;39
26.04.2020 15:30;140;77;63
26.04.2020 15:45;113;52;61
26.04.2020 16:00;121;66;55
26.04.2020 16:15;126;61;65
26.04.2020 16:30;121;71;50
26.04.2020 16:45;96;50;46
26.04.2020 17:00;121;67;54
26.04.2020 17:15;101;46;55
26.04.2020 17:30;106;47;59
26.04.2020 17:45;152;94;58
26.04.2020 18:00;133;81;52
26.04.2020 18:15;98;45;53
26.04.2020 18:30;98;52;46
26.04.2020 18:45;92;68;24
26.04.2020 19:00;91;65;26
26.04.2020 19:15;84;45;39
26.04.2020 19:30;82;32;50
26.04.2020 19:45;75;38;37
26.04.2020 20:00;69;39;30
26.04.2020 20:15;41;21;20
26.04.2020 20:30;49;25;24
26.04.2020 20:45;52;27;25
26.04.2020 21:00;36;21;15
26.04.2020 21:15;23;12;11
26.04.2020 21:30;20;7;13
26.04.2020 21:45;22;9;13
26.04.2020 22:00;18;6;12
26.04.2020 22:15;13;9;4
26.04.2020 22:30;22;11;11
26.04.2020 22:45;8;2;6
26.04.2020 23:00;10;5;5
26.04.2020 23:15;2;1;1
26.04.2020 23:30;9;5;4
26.04.2020 23:45;5;4;1
27.04.2020 00:00;6;3;3
27.04.2020 00:15;11;6;5
27.04.2020 00:30;1;1;0
27.04.2020 00:45;7;3;4
27.04.2020 01:00;3;1;2
27.04.2020 01:15;3;2;1
27.04.2020 01:30;2;2;0
27.04.2020 01:45;5;4;1
27.04.2020 02:00;1;1;0
27.04.2020 02:15;1;0;1
27.04.2020 02:30;1;0;1
27.04.2020 02:45;0;0;0
27.04.2020 03:00;2;0;2
27.04.2020 03:15;2;0;2
27.04.2020 03:30;2;2;0
27.04.2020 03:45;0;0;0
27.04.2020 04:00;2;2;0
27.04.2020 04:15;1;1;0
27.04.2020 04:30;2;2;0
27.04.2020 04:45;7;5;2
27.04.2020 05:00;3;2;1
27.04.2020 05:15;4;2;2
27.04.2020 05:30;10;3;7
27.04.2020 05:45;19;9;10
27.04.2020 06:00;27;23;4
27.04.2020 06:15;34;29;5
27.04.2020 06:30;41;23;18
27.04.2020 06:45;55;33;22
27.04.2020 07:00;39;30;9
27.04.2020 07:15;72;49;23
27.04.2020 07:30;89;58;31
27.04.2020 07:45;118;74;44
27.04.2020 08:00;84;48;36
27.04.2020 08:15;85;52;33
27.04.2020 08:30;77;46;31
27.04.2020 08:45;115;78;37
27.04.2020 09:00;92;54;38
27.04.2020 09:15;73;40;33
27.04.2020 09:30;81;52;29
27.04.2020 09:45;90;52;38
27.04.2020 10:00;75;34;41
27.04.2020 10:15;83;47;36
27.04.2020 10:30;89;52;37
27.04.2020 10:45;105;58;47
27.04.2020 11:00;95;48;47
27.04.2020 11:15;102;46;56
27.04.2020 11:30;111;49;62
27.04.2020 11:45;126;60;66
27.04.2020 12:00;130;73;57
27.04.2020 12:15;124;54;70
27.04.2020 12:30;131;52;79
27.04.2020 12:45;147;67;80
27.04.2020 13:00;143;50;93
27.04.2020 13:15;101;54;47
27.04.2020 13:30;111;58;53
27.04.2020 13:45;142;57;85
27.04.2020 14:00;120;60;60
27.04.2020 14:15;137;61;76
27.04.2020 14:30;141;61;80
27.04.2020 14:45;156;83;73
27.04.2020 15:00;165;71;94
27.04.2020 15:15;141;66;75
27.04.2020 15:30;158;75;83
27.04.2020 15:45;178;84;94
27.04.2020 16:00;212;95;117
27.04.2020 16:15;191;83;108
27.04.2020 16:30;205;96;109
27.04.2020 16:45;184;94;90
27.04.2020 17:00;184;91;93
27.04.2020 17:15;203;75;128
27.04.2020 17:30;174;61;113
27.04.2020 17:45;164;82;82
27.04.2020 18:00;174;66;108
27.04.2020 18:15;167;79;88
27.04.2020 18:30;132;62;70
27.04.2020 18:45;149;95;54
27.04.2020 19:00;130;69;61
27.04.2020 19:15;127;56;71
27.04.2020 19:30;80;47;33
27.04.2020 19:45;112;65;47
27.04.2020 20:00;115;44;71
27.04.2020 20:15;77;36;41
27.04.2020 20:30;64;31;33
27.04.2020 20:45;61;29;32
27.04.2020 21:00;55;35;20
27.04.2020 21:15;49;29;20
27.04.2020 21:30;32;15;17
27.04.2020 21:45;41;14;27
27.04.2020 22:00;24;11;13
27.04.2020 22:15;31;9;22
27.04.2020 22:30;22;10;12
27.04.2020 22:45;17;6;11
27.04.2020 23:00;16;13;3
27.04.2020 23:15;15;9;6
27.04.2020 23:30;13;5;8
27.04.2020 23:45;11;6;5
28.04.2020 00:00;9;5;4
28.04.2020 00:15;8;3;5
28.04.2020 00:30;6;1;5
28.04.2020 00:45;5;3;2
28.04.2020 01:00;3;1;2
28.04.2020 01:15;7;5;2
28.04.2020 01:30;3;3;0
28.04.2020 01:45;1;1;0
28.04.2020 02:00;4;3;1
28.04.2020 02:15;1;1;0
28.04.2020 02:30;2;2;0
28.04.2020 02:45;0;0;0
28.04.2020 03:00;1;1;0
28.04.2020 03:15;0;0;0
28.04.2020 03:30;1;0;1
28.04.2020 03:45;0;0;0
28.04.2020 04:00;0;0;0
28.04.2020 04:15;1;1;0
28.04.2020 04:30;4;4;0
28.04.2020 04:45;3;2;1
28.04.2020 05:00;4;2;2
28.04.2020 05:15;4;1;3
28.04.2020 05:30;9;6;3
28.04.2020 05:45;17;11;6
28.04.2020 06:00;25;19;6
28.04.2020 06:15;29;26;3
28.04.2020 06:30;44;26;18
28.04.2020 06:45;39;26;13
28.04.2020 07:00;63;39;24
28.04.2020 07:15;55;41;14
28.04.2020 07:30;102;59;43
28.04.2020 07:45;104;63;41
28.04.2020 08:00;89;60;29
28.04.2020 08:15;96;67;29
28.04.2020 08:30;88;59;29
28.04.2020 08:45;87;51;36
28.04.2020 09:00;50;22;28
28.04.2020 09:15;49;28;21
28.04.2020 09:30;44;19;25
28.04.2020 09:45;54;31;23
28.04.2020 10:00;57;30;27
28.04.2020 10:15;55;25;30
28.04.2020 10:30;33;17;16
28.04.2020 10:45;73;35;38
28.04.2020 11:00;54;32;22
28.04.2020 11:15;65;40;25
28.04.2020 11:30;44;20;24
28.04.2020 11:45;48;22;26
28.04.2020 12:00;72;26;46
28.04.2020 12:15;46;20;26
28.04.2020 12:30;66;26;40
28.04.2020 12:45;77;34;43
28.04.2020 13:00;77;39;38
28.04.2020 13:15;68;40;28
28.04.2020 13:30;65;32;33
28.04.2020 13:45;78;38;40
28.04.2020 14:00;83;32;51
28.04.2020 14:15;69;27;42
28.04.2020 14:30;81;43;38
28.04.2020 14:45;78;41;37
28.04.2020 15:00;71;35;36
28.04.2020 15:15;81;45;36
28.04.2020 15:30;86;31;55
28.04.2020 15:45;98;51;47
28.04.2020 16:00;114;51;63
28.04.2020 16:15;116;67;49
28.04.2020 16:30;121;47;74
28.04.2020 16:45;129;51;78
28.04.2020 17:00;128;61;67
28.04.2020 17:15;127;47;80
28.04.2020 17:30;108;53;55
28.04.2020 17:45;134;64;70
28.04.2020 18:00;112;46;66
28.04.2020 18:15;119;45;74
28.04.2020 18:30;101;40;61
28.04.2020 18:45;89;33;56
28.04.2020 19:00;83;37;46
28.04.2020 19:15;81;44;37
28.04.2020 19:30;42;16;26
28.04.2020 19:45;62;33;29
28.04.2020 20:00;59;25;34
28.04.2020 20:15;46;20;26
28.04.2020 20:30;31;19;12
28.04.2020 20:45;29;19;10
28.04.2020 21:00;26;13;13
28.04.2020 21:15;26;10;16
28.04.2020 21:30;18;7;11
28.04.2020 21:45;14;6;8
28.04.2020 22:00;20;14;6
28.04.2020 22:15;10;4;6
28.04.2020 22:30;10;4;6
28.04.2020 22:45;6;5;1
28.04.2020 23:00;12;8;4
28.04.2020 23:15;14;9;5
28.04.2020 23:30;2;0;2
28.04.2020 23:45;12;4;8
29.04.2020 00:00;8;8;0
29.04.2020 00:15;2;0;2
29.04.2020 00:30;9;4;5
29.04.2020 00:45;2;0;2
29.04.2020 01:00;0;0;0
29.04.2020 01:15;1;0;1
29.04.2020 01:30;3;1;2
29.04.2020 01:45;1;1;0
29.04.2020 02:00;3;0;3
29.04.2020 02:15;0;0;0
29.04.2020 02:30;0;0;0
29.04.2020 02:45;1;1;0
29.04.2020 03:00;0;0;0
29.04.2020 03:15;4;4;0
29.04.2020 03:30;0;0;0
29.04.2020 03:45;0;0;0
29.04.2020 04:00;3;0;3
29.04.2020 04:15;3;3;0
29.04.2020 04:30;2;2;0
29.04.2020 04:45;7;4;3
29.04.2020 05:00;2;1;1
29.04.2020 05:15;2;0;2
29.04.2020 05:30;8;5;3
29.04.2020 05:45;16;8;8
29.04.2020 06:00;22;17;5
29.04.2020 06:15;19;11;8
29.04.2020 06:30;32;24;8
29.04.2020 06:45;32;20;12
29.04.2020 07:00;35;20;15
29.04.2020 07:15;51;33;18
29.04.2020 07:30;55;29;26
29.04.2020 07:45;80;48;32
29.04.2020 08:00;40;27;13
29.04.2020 08:15;51;28;23
29.04.2020 08:30;30;17;13
29.04.2020 08:45;67;39;28
29.04.2020 09:00;51;27;24
29.04.2020 09:15;41;27;14
29.04.2020 09:30;33;19;14
29.04.2020 09:45;48;31;17
29.04.2020 10:00;40;19;21
29.04.2020 10:15;46;21;25
29.04.2020 10:30;40;19;21
29.04.2020 10:45;39;26;13
29.04.2020 11:00;57;37;20
29.04.2020 11:15;73;38;35
29.04.2020 11:30;59;27;32
29.04.2020 11:45;65;38;27
29.04.2020 12:00;59;18;41
29.04.2020 12:15;66;29;37
29.04.2020 12:30;69;40;29
29.04.2020 12:45;89;47;42
29.04.2020 13:00;80;42;38
29.04.2020 13:15;66;35;31
29.04.2020 13:30;85;48;37
29.04.2020 13:45;101;43;58
29.04.2020 14:00;99;47;52
29.04.2020 14:15;105;55;50
29.04.2020 14:30;94;44;50
29.04.2020 14:45;120;65;55
29.04.2020 15:00;107;52;55
29.04.2020 15:15;89;46;43
29.04.2020 15:30;101;53;48
29.04.2020 15:45;120;54;66
29.04.2020 16:00;156;81;75
29.04.2020 16:15;142;67;75
29.04.2020 16:30;125;68;57
29.04.2020 16:45;132;59;73
29.04.2020 17:00;160;78;82
29.04.2020 17:15;102;43;59
29.04.2020 17:30;134;60;74
29.04.2020 17:45;143;62;81
29.04.2020 18:00;140;58;82
29.04.2020 18:15;131;53;78
29.04.2020 18:30;101;44;57
29.04.2020 18:45;107;49;58
29.04.2020 19:00;114;50;64
29.04.2020 19:15;94;45;49
29.04.2020 19:30;97;40;57
29.04.2020 19:45;64;33;31
29.04.2020 20:00;70;40;30
29.04.2020 20:15;45;19;26
29.04.2020 20:30;52;33;19
29.04.2020 20:45;42;21;21
29.04.2020 21:00;28;8;20
29.04.2020 21:15;29;15;14
29.04.2020 21:30;22;13;9
29.04.2020 21:45;23;10;13
29.04.2020 22:00;24;16;8
29.04.2020 22:15;21;9;12
29.04.2020 22:30;15;5;10
29.04.2020 22:45;16;10;6
29.04.2020 23:00;9;8;1
29.04.2020 23:15;10;3;7
29.04.2020 23:30;14;8;6
29.04.2020 23:45;15;7;8
30.04.2020 00:00;6;4;2
30.04.2020 00:15;7;2;5
30.04.2020 00:30;11;7;4
30.04.2020 00:45;6;4;2
30.04.2020 01:00;7;3;4
30.04.2020 01:15;7;2;5
30.04.2020 01:30;8;6;2
30.04.2020 01:45;7;3;4
30.04.2020 02:00;2;1;1
30.04.2020 02:15;0;0;0
30.04.2020 02:30;0;0;0
30.04.2020 02:45;0;0;0
30.04.2020 03:00;0;0;0
30.04.2020 03:15;1;0;1
30.04.2020 03:30;0;0;0
30.04.2020 03:45;1;0;1
30.04.2020 04:00;2;0;2
30.04.2020 04:15;1;1;0
30.04.2020 04:30;2;2;0
30.04.2020 04:45;7;4;3
30.04.2020 05:00;1;1;0
30.04.2020 05:15;5;3;2
30.04.2020 05:30;12;7;5
30.04.2020 05:45;19;12;7
30.04.2020 06:00;20;16;4
30.04.2020 06:15;25;19;6
30.04.2020 06:30;34;23;11
30.04.2020 06:45;44;24;20
30.04.2020 07:00;45;31;14
30.04.2020 07:15;57;31;26
30.04.2020 07:30;66;42;24
30.04.2020 07:45;97;61;36
30.04.2020 08:00;73;41;32
30.04.2020 08:15;60;32;28
30.04.2020 08:30;64;42;22
30.04.2020 08:45;77;45;32
30.04.2020 09:00;54;28;26
30.04.2020 09:15;53;37;16
30.04.2020 09:30;47;25;22
30.04.2020 09:45;73;49;24
30.04.2020 10:00;71;42;29
30.04.2020 10:15;64;31;33
30.04.2020 10:30;58;31;27
30.04.2020 10:45;66;40;26
30.04.2020 11:00;66;31;35
30.04.2020 11:15;82;45;37
30.04.2020 11:30;66;39;27
30.04.2020 11:45;70;45;25
30.04.2020 12:00;83;41;42
30.04.2020 12:15;71;25;46
30.04.2020 12:30;77;33;44
30.04.2020 12:45;111;59;52
30.04.2020 13:00;81;35;46
30.04.2020 13:15;97;48;49
30.04.2020 13:30;77;43;34
30.04.2020 13:45;89;45;44
30.04.2020 14:00;64;23;41
30.04.2020 14:15;96;49;47
30.04.2020 14:30;78;39;39
30.04.2020 14:45;77;32;45
30.04.2020 15:00;68;34;34
30.04.2020 15:15;71;33;38
30.04.2020 15:30;77;30;47
30.04.2020 15:45;76;34;42
30.04.2020 16:00;96;50;46
30.04.2020 16:15;93;45;48
30.04.2020 16:30;62;28;34
30.04.2020 16:45;72;26;46
30.04.2020 17:00;71;40;31
30.04.2020 17:15;87;43;44
30.04.2020 17:30;89;39;50
30.04.2020 17:45;71;24;47
30.04.2020 18:00;87;42;45
30.04.2020 18:15;87;27;60
30.04.2020 18:30;90;47;43
30.04.2020 18:45;78;26;52
30.04.2020 19:00;52;19;33
30.04.2020 19:15;68;38;30
30.04.2020 19:30;44;22;22
30.04.2020 19:45;44;13;31
30.04.2020 20:00;51;28;23
30.04.2020 20:15;41;14;27
30.04.2020 20:30;44;22;22
30.04.2020 20:45;22;9;13
30.04.2020 21:00;28;17;11
30.04.2020 21:15;21;11;10
30.04.2020 21:30;22;8;14
30.04.2020 21:45;30;14;16
30.04.2020 22:00;12;8;4
30.04.2020 22:15;12;9;3
30.04.2020 22:30;10;4;6
30.04.2020 22:45;18;8;10
30.04.2020 23:00;17;11;6
30.04.2020 23:15;11;2;9
30.04.2020 23:30;13;8;5
30.04.2020 23:45;6;0;6
01.05.2020 00:00;7;3;4
01.05.2020 00:15;10;6;4
01.05.2020 00:30;10;5;5
01.05.2020 00:45;6;1;5
01.05.2020 01:00;13;5;8
01.05.2020 01:15;5;4;1
01.05.2020 01:30;5;3;2
01.05.2020 01:45;5;3;2
01.05.2020 02:00;4;2;2
01.05.2020 02:15;4;4;0
01.05.2020 02:30;8;5;3
01.05.2020 02:45;3;2;1
01.05.2020 03:00;7;4;3
01.05.2020 03:15;0;0;0
01.05.2020 03:30;3;1;2
01.05.2020 03:45;3;0;3
01.05.2020 04:00;0;0;0
01.05.2020 04:15;0;0;0
01.05.2020 04:30;0;0;0
01.05.2020 04:45;3;2;1
01.05.2020 05:00;1;1;0
01.05.2020 05:15;3;1;2
01.05.2020 05:30;3;2;1
01.05.2020 05:45;3;2;1
01.05.2020 06:00;4;2;2
01.05.2020 06:15;9;7;2
01.05.2020 06:30;7;5;2
01.05.2020 06:45;6;4;2
01.05.2020 07:00;4;2;2
01.05.2020 07:15;4;4;0
01.05.2020 07:30;6;3;3
01.05.2020 07:45;10;3;7
01.05.2020 08:00;8;3;5
01.05.2020 08:15;11;9;2
01.05.2020 08:30;9;6;3
01.05.2020 08:45;22;12;10
01.05.2020 09:00;13;7;6
01.05.2020 09:15;13;3;10
01.05.2020 09:30;24;12;12
01.05.2020 09:45;34;12;22
01.05.2020 10:00;46;27;19
01.05.2020 10:15;40;19;21
01.05.2020 10:30;34;9;25
01.05.2020 10:45;67;28;39
01.05.2020 11:00;53;19;34
01.05.2020 11:15;66;29;37
01.05.2020 11:30;56;22;34
01.05.2020 11:45;76;38;38
01.05.2020 12:00;60;39;21
01.05.2020 12:15;67;32;35
01.05.2020 12:30;78;37;41
01.05.2020 12:45;81;40;41
01.05.2020 13:00;57;38;19
01.05.2020 13:15;57;27;30
01.05.2020 13:30;48;34;14
01.05.2020 13:45;44;11;33
01.05.2020 14:00;64;32;32
01.05.2020 14:15;50;24;26
01.05.2020 14:30;41;25;16
01.05.2020 14:45;67;40;27
01.05.2020 15:00;44;23;21
01.05.2020 15:15;32;15;17
01.05.2020 15:30;42;23;19
01.05.2020 15:45;61;29;32
01.05.2020 16:00;38;26;12
01.05.2020 16:15;38;20;18
01.05.2020 16:30;33;21;12
01.05.2020 16:45;37;14;23
01.05.2020 17:00;41;25;16
01.05.2020 17:15;33;19;14
01.05.2020 17:30;47;24;23
01.05.2020 17:45;51;25;26
01.05.2020 18:00;33;17;16
01.05.2020 18:15;36;26;10
01.05.2020 18:30;25;12;13
01.05.2020 18:45;43;26;17
01.05.2020 19:00;35;19;16
01.05.2020 19:15;43;33;10
01.05.2020 19:30;18;8;10
01.05.2020 19:45;25;11;14
01.05.2020 20:00;33;17;16
01.05.2020 20:15;36;21;15
01.05.2020 20:30;20;6;14
01.05.2020 20:45;23;14;9
01.05.2020 21:00;29;16;13
01.05.2020 21:15;20;7;13
01.05.2020 21:30;13;7;6
01.05.2020 21:45;21;8;13
01.05.2020 22:00;12;5;7
01.05.2020 22:15;9;2;7
01.05.2020 22:30;13;6;7
01.05.2020 22:45;12;5;7
01.05.2020 23:00;10;8;2
01.05.2020 23:15;13;6;7
01.05.2020 23:30;19;11;8
01.05.2020 23:45;11;4;7
02.05.2020 00:00;11;10;1
02.05.2020 00:15;14;10;4
02.05.2020 00:30;12;5;7
02.05.2020 00:45;15;4;11
02.05.2020 01:00;7;4;3
02.05.2020 01:15;5;1;4
02.05.2020 01:30;8;2;6
02.05.2020 01:45;2;0;2
02.05.2020 02:00;2;2;0
02.05.2020 02:15;7;5;2
02.05.2020 02:30;4;1;3
02.05.2020 02:45;2;2;0
02.05.2020 03:00;0;0;0
02.05.2020 03:15;4;1;3
02.05.2020 03:30;1;0;1
02.05.2020 03:45;1;0;1
02.05.2020 04:00;2;1;1
02.05.2020 04:15;2;1;1
02.05.2020 04:30;5;3;2
02.05.2020 04:45;2;0;2
02.05.2020 05:00;1;0;1
02.05.2020 05:15;6;2;4
02.05.2020 05:30;3;2;1
02.05.2020 05:45;4;4;0
02.05.2020 06:00;5;4;1
02.05.2020 06:15;3;2;1
02.05.2020 06:30;10;5;5
02.05.2020 06:45;12;3;9
02.05.2020 07:00;13;5;8
02.05.2020 07:15;8;2;6
02.05.2020 07:30;10;7;3
02.05.2020 07:45;16;5;11
02.05.2020 08:00;12;8;4
02.05.2020 08:15;20;9;11
02.05.2020 08:30;23;14;9
02.05.2020 08:45;47;21;26
02.05.2020 09:00;40;22;18
02.05.2020 09:15;46;22;24
02.05.2020 09:30;39;19;20
02.05.2020 09:45;55;29;26
02.05.2020 10:00;44;25;19
02.05.2020 10:15;36;13;23
02.05.2020 10:30;54;36;18
02.05.2020 10:45;31;23;8
02.05.2020 11:00;38;17;21
02.05.2020 11:15;47;24;23
02.05.2020 11:30;70;29;41
02.05.2020 11:45;59;29;30
02.05.2020 12:00;68;31;37
02.05.2020 12:15;85;43;42
02.05.2020 12:30;62;24;38
02.05.2020 12:45;86;50;36
02.05.2020 13:00;98;53;45
02.05.2020 13:15;91;45;46
02.05.2020 13:30;79;38;41
02.05.2020 13:45;81;37;44
02.05.2020 14:00;68;34;34
02.05.2020 14:15;105;56;49
02.05.2020 14:30;94;38;56
02.05.2020 14:45;104;61;43
02.05.2020 15:00;98;54;44
02.05.2020 15:15;80;36;44
02.05.2020 15:30;106;52;54
02.05.2020 15:45;90;48;42
02.05.2020 16:00;82;43;39
02.05.2020 16:15;95;44;51
02.05.2020 16:30;59;29;30
02.05.2020 16:45;59;34;25
02.05.2020 17:00;81;35;46
02.05.2020 17:15;75;27;48
02.05.2020 17:30;45;14;31
02.05.2020 17:45;38;21;17
02.05.2020 18:00;32;10;22
02.05.2020 18:15;30;11;19
02.05.2020 18:30;40;28;12
02.05.2020 18:45;45;18;27
02.05.2020 19:00;52;23;29
02.05.2020 19:15;45;16;29
02.05.2020 19:30;43;22;21
02.05.2020 19:45;32;18;14
02.05.2020 20:00;40;18;22
02.05.2020 20:15;48;21;27
02.05.2020 20:30;48;17;31
02.05.2020 20:45;27;20;7
02.05.2020 21:00;33;16;17
02.05.2020 21:15;23;13;10
02.05.2020 21:30;22;14;8
02.05.2020 21:45;22;11;11
02.05.2020 22:00;4;1;3
02.05.2020 22:15;10;6;4
02.05.2020 22:30;13;6;7
02.05.2020 22:45;12;4;8
02.05.2020 23:00;7;4;3
02.05.2020 23:15;7;5;2
02.05.2020 23:30;12;4;8
02.05.2020 23:45;15;6;9
03.05.2020 00:00;16;7;9
03.05.2020 00:15;12;6;6
03.05.2020 00:30;6;4;2
03.05.2020 00:45;7;4;3
03.05.2020 01:00;14;8;6
03.05.2020 01:15;6;3;3
03.05.2020 01:30;7;5;2
03.05.2020 01:45;4;0;4
03.05.2020 02:00;6;2;4
03.05.2020 02:15;3;1;2
03.05.2020 02:30;4;2;2
03.05.2020 02:45;2;1;1
03.05.2020 03:00;2;2;0
03.05.2020 03:15;1;0;1
03.05.2020 03:30;4;1;3
03.05.2020 03:45;1;1;0
03.05.2020 04:00;2;0;2
03.05.2020 04:15;1;1;0
03.05.2020 04:30;1;0;1
03.05.2020 04:45;1;1;0
03.05.2020 05:00;2;1;1
03.05.2020 05:15;3;2;1
03.05.2020 05:30;1;1;0
03.05.2020 05:45;2;1;1
03.05.2020 06:00;8;8;0
03.05.2020 06:15;4;3;1
03.05.2020 06:30;7;4;3
03.05.2020 06:45;1;0;1
03.05.2020 07:00;7;2;5
03.05.2020 07:15;3;2;1
03.05.2020 07:30;6;1;5
03.05.2020 07:45;6;3;3
03.05.2020 08:00;14;7;7
03.05.2020 08:15;12;4;8
03.05.2020 08:30;11;3;8
03.05.2020 08:45;12;5;7
03.05.2020 09:00;9;3;6
03.05.2020 09:15;29;16;13
03.05.2020 09:30;28;12;16
03.05.2020 09:45;25;12;13
03.05.2020 10:00;37;17;20
03.05.2020 10:15;29;16;13
03.05.2020 10:30;58;23;35
03.05.2020 10:45;42;18;24
03.05.2020 11:00;65;20;45
03.05.2020 11:15;56;18;38
03.05.2020 11:30;53;23;30
03.05.2020 11:45;59;21;38
03.05.2020 12:00;85;26;59
03.05.2020 12:15;57;27;30
03.05.2020 12:30;72;27;45
03.05.2020 12:45;95;43;52
03.05.2020 13:00;81;34;47
03.05.2020 13:15;93;31;62
03.05.2020 13:30;83;38;45
03.05.2020 13:45;88;43;45
03.05.2020 14:00;113;50;63
03.05.2020 14:15;107;60;47
03.05.2020 14:30;96;40;56
03.05.2020 14:45;129;64;65
03.05.2020 15:00;122;52;70
03.05.2020 15:15;98;59;39
03.05.2020 15:30;102;39;63
03.05.2020 15:45;125;67;58
03.05.2020 16:00;118;62;56
03.05.2020 16:15;110;65;45
03.05.2020 16:30;140;85;55
03.05.2020 16:45;86;51;35
03.05.2020 17:00;103;52;51
03.05.2020 17:15;105;68;37
03.05.2020 17:30;93;35;58
03.05.2020 17:45;106;55;51
03.05.2020 18:00;127;87;40
03.05.2020 18:15;103;54;49
03.05.2020 18:30;77;42;35
03.05.2020 18:45;96;38;58
03.05.2020 19:00;80;50;30
03.05.2020 19:15;58;24;34
03.05.2020 19:30;58;32;26
03.05.2020 19:45;48;26;22
03.05.2020 20:00;44;19;25
03.05.2020 20:15;32;17;15
03.05.2020 20:30;32;18;14
03.05.2020 20:45;25;11;14
03.05.2020 21:00;37;22;15
03.05.2020 21:15;23;9;14
03.05.2020 21:30;22;11;11
03.05.2020 21:45;14;4;10
03.05.2020 22:00;23;14;9
03.05.2020 22:15;18;9;9
03.05.2020 22:30;25;13;12
03.05.2020 22:45;9;4;5
03.05.2020 23:00;9;9;0
03.05.2020 23:15;10;10;0
03.05.2020 23:30;3;0;3
03.05.2020 23:45;9;5;4
04.05.2020 00:00;4;4;0
04.05.2020 00:15;7;6;1
04.05.2020 00:30;3;0;3
04.05.2020 00:45;8;6;2
04.05.2020 01:00;3;2;1
04.05.2020 01:15;4;3;1
04.05.2020 01:30;1;1;0
04.05.2020 01:45;4;1;3
04.05.2020 02:00;3;0;3
04.05.2020 02:15;0;0;0
04.05.2020 02:30;0;0;0
04.05.2020 02:45;0;0;0
04.05.2020 03:00;1;1;0
04.05.2020 03:15;0;0;0
04.05.2020 03:30;1;1;0
04.05.2020 03:45;1;0;1
04.05.2020 04:00;3;1;2
04.05.2020 04:15;4;3;1
04.05.2020 04:30;2;2;0
04.05.2020 04:45;5;3;2
04.05.2020 05:00;3;3;0
04.05.2020 05:15;6;3;3
04.05.2020 05:30;9;4;5
04.05.2020 05:45;21;14;7
04.05.2020 06:00;24;19;5
04.05.2020 06:15;35;28;7
04.05.2020 06:30;45;28;17
04.05.2020 06:45;50;25;25
04.05.2020 07:00;64;42;22
04.05.2020 07:15;104;69;35
04.05.2020 07:30;150;108;42
04.05.2020 07:45;127;80;47
04.05.2020 08:00;82;52;30
04.05.2020 08:15;85;50;35
04.05.2020 08:30;101;68;33
04.05.2020 08:45;123;81;42
04.05.2020 09:00;100;66;34
04.05.2020 09:15;117;70;47
04.05.2020 09:30;93;51;42
04.05.2020 09:45;88;38;50
04.05.2020 10:00;85;44;41
04.05.2020 10:15;81;54;27
04.05.2020 10:30;95;52;43
04.05.2020 10:45;114;67;47
04.05.2020 11:00;111;50;61
04.05.2020 11:15;107;52;55
04.05.2020 11:30;127;69;58
04.05.2020 11:45;111;53;58
04.05.2020 12:00;129;46;83
04.05.2020 12:15;135;59;76
04.05.2020 12:30;111;59;52
04.05.2020 12:45;140;71;69
04.05.2020 13:00;184;73;111
04.05.2020 13:15;150;60;90
04.05.2020 13:30;139;75;64
04.05.2020 13:45;188;113;75
04.05.2020 14:00;135;67;68
04.05.2020 14:15;158;68;90
04.05.2020 14:30;127;64;63
04.05.2020 14:45;149;69;80
04.05.2020 15:00;174;87;87
04.05.2020 15:15;161;83;78
04.05.2020 15:30;205;81;124
04.05.2020 15:45;191;87;104
04.05.2020 16:00;196;92;104
04.05.2020 16:15;177;84;93
04.05.2020 16:30;200;80;120
04.05.2020 16:45;170;61;109
04.05.2020 17:00;193;74;119
04.05.2020 17:15;175;72;103
04.05.2020 17:30;217;85;132
04.05.2020 17:45;187;89;98
04.05.2020 18:00;172;74;98
04.05.2020 18:15;177;72;105
04.05.2020 18:30;164;69;95
04.05.2020 18:45;141;63;78
04.05.2020 19:00;113;46;67
04.05.2020 19:15;92;38;54
04.05.2020 19:30;79;35;44
04.05.2020 19:45;90;43;47
04.05.2020 20:00;89;34;55
04.05.2020 20:15;69;42;27
04.05.2020 20:30;86;32;54
04.05.2020 20:45;55;29;26
04.05.2020 21:00;56;26;30
04.05.2020 21:15;37;24;13
04.05.2020 21:30;40;21;19
04.05.2020 21:45;24;13;11
04.05.2020 22:00;32;16;16
04.05.2020 22:15;22;9;13
04.05.2020 22:30;21;9;12
04.05.2020 22:45;17;14;3
04.05.2020 23:00;21;12;9
04.05.2020 23:15;11;4;7
04.05.2020 23:30;11;7;4
04.05.2020 23:45;11;4;7
05.05.2020 00:00;12;7;5
05.05.2020 00:15;12;8;4
05.05.2020 00:30;2;2;0
05.05.2020 00:45;3;2;1
05.05.2020 01:00;2;1;1
05.05.2020 01:15;3;2;1
05.05.2020 01:30;0;0;0
05.05.2020 01:45;3;1;2
05.05.2020 02:00;1;0;1
05.05.2020 02:15;1;1;0
05.05.2020 02:30;3;1;2
05.05.2020 02:45;2;2;0
05.05.2020 03:00;0;0;0
05.05.2020 03:15;1;0;1
05.05.2020 03:30;0;0;0
05.05.2020 03:45;1;0;1
05.05.2020 04:00;1;1;0
05.05.2020 04:15;2;1;1
05.05.2020 04:30;3;3;0
05.05.2020 04:45;3;3;0
05.05.2020 05:00;5;4;1
05.05.2020 05:15;4;1;3
05.05.2020 05:30;10;3;7
05.05.2020 05:45;18;12;6
05.05.2020 06:00;30;21;9
05.05.2020 06:15;34;24;10
05.05.2020 06:30;44;28;16
05.05.2020 06:45;46;25;21
05.05.2020 07:00;58;35;23
05.05.2020 07:15;94;54;40
05.05.2020 07:30;133;90;43
05.05.2020 07:45;104;79;25
05.05.2020 08:00;98;61;37
05.05.2020 08:15;93;63;30
05.05.2020 08:30;116;85;31
05.05.2020 08:45;98;65;33
05.05.2020 09:00;76;45;31
05.05.2020 09:15;85;48;37
05.05.2020 09:30;78;46;32
05.05.2020 09:45;81;44;37
05.05.2020 10:00;46;24;22
05.05.2020 10:15;54;33;21
05.05.2020 10:30;49;27;22
05.05.2020 10:45;74;36;38
05.05.2020 11:00;72;30;42
05.05.2020 11:15;74;35;39
05.05.2020 11:30;65;30;35
05.05.2020 11:45;63;29;34
05.05.2020 12:00;90;40;50
05.05.2020 12:15;83;32;51
05.05.2020 12:30;66;29;37
05.05.2020 12:45;60;31;29
05.05.2020 13:00;104;37;67
05.05.2020 13:15;68;32;36
05.05.2020 13:30;64;35;29
05.05.2020 13:45;83;52;31
05.05.2020 14:00;67;27;40
05.05.2020 14:15;71;37;34
05.05.2020 14:30;64;28;36
05.05.2020 14:45;66;33;33
05.05.2020 15:00;93;46;47
05.05.2020 15:15;62;24;38
05.05.2020 15:30;92;49;43
05.05.2020 15:45;108;48;60
05.05.2020 16:00;93;55;38
05.05.2020 16:15;96;34;62
05.05.2020 16:30;96;44;52
05.05.2020 16:45;128;60;68
05.05.2020 17:00;134;61;73
05.05.2020 17:15;112;43;69
05.05.2020 17:30;135;60;75
05.05.2020 17:45;105;42;63
05.05.2020 18:00;115;46;69
05.05.2020 18:15;80;20;60
05.05.2020 18:30;82;34;48
05.05.2020 18:45;93;30;63
05.05.2020 19:00;77;30;47
05.05.2020 19:15;62;29;33
05.05.2020 19:30;50;20;30
05.05.2020 19:45;42;21;21
05.05.2020 20:00;34;18;16
05.05.2020 20:15;39;15;24
05.05.2020 20:30;36;20;16
05.05.2020 20:45;27;16;11
05.05.2020 21:00;33;17;16
05.05.2020 21:15;16;9;7
05.05.2020 21:30;22;10;12
05.05.2020 21:45;12;6;6
05.05.2020 22:00;13;11;2
05.05.2020 22:15;11;4;7
05.05.2020 22:30;5;0;5
05.05.2020 22:45;13;8;5
05.05.2020 23:00;6;2;4
05.05.2020 23:15;6;3;3
05.05.2020 23:30;8;3;5
05.05.2020 23:45;10;4;6
06.05.2020 00:00;12;0;12
06.05.2020 00:15;7;2;5
06.05.2020 00:30;2;1;1
06.05.2020 00:45;10;5;5
06.05.2020 01:00;3;3;0
06.05.2020 01:15;7;4;3
06.05.2020 01:30;1;1;0
06.05.2020 01:45;4;3;1
06.05.2020 02:00;1;0;1
06.05.2020 02:15;0;0;0
06.05.2020 02:30;1;1;0
06.05.2020 02:45;0;0;0
06.05.2020 03:00;0;0;0
06.05.2020 03:15;0;0;0
06.05.2020 03:30;1;0;1
06.05.2020 03:45;0;0;0
06.05.2020 04:00;0;0;0
06.05.2020 04:15;3;2;1
06.05.2020 04:30;2;2;0
06.05.2020 04:45;3;2;1
06.05.2020 05:00;5;5;0
06.05.2020 05:15;1;0;1
06.05.2020 05:30;8;4;4
06.05.2020 05:45;24;14;10
06.05.2020 06:00;35;27;8
06.05.2020 06:15;31;21;10
06.05.2020 06:30;54;35;19
06.05.2020 06:45;62;35;27
06.05.2020 07:00;55;29;26
06.05.2020 07:15;96;65;31
06.05.2020 07:30;155;106;49
06.05.2020 07:45;134;81;53
06.05.2020 08:00;102;72;30
06.05.2020 08:15;116;78;38
06.05.2020 08:30;112;65;47
06.05.2020 08:45;129;81;48
06.05.2020 09:00;98;57;41
06.05.2020 09:15;123;83;40
06.05.2020 09:30;110;58;52
06.05.2020 09:45;99;51;48
06.05.2020 10:00;91;54;37
06.05.2020 10:15;115;56;59
06.05.2020 10:30;96;51;45
06.05.2020 10:45;114;61;53
06.05.2020 11:00;152;70;82
06.05.2020 11:15;130;59;71
06.05.2020 11:30;111;56;55
06.05.2020 11:45;105;46;59
06.05.2020 12:00;124;66;58
06.05.2020 12:15;145;71;74
06.05.2020 12:30;127;64;63
06.05.2020 12:45;183;96;87
06.05.2020 13:00;206;70;136
06.05.2020 13:15;152;74;78
06.05.2020 13:30;177;104;73
06.05.2020 13:45;192;98;94
06.05.2020 14:00;165;79;86
06.05.2020 14:15;154;52;102
06.05.2020 14:30;171;89;82
06.05.2020 14:45;159;78;81
06.05.2020 15:00;181;94;87
06.05.2020 15:15;153;67;86
06.05.2020 15:30;188;92;96
06.05.2020 15:45;170;71;99
06.05.2020 16:00;212;113;99
06.05.2020 16:15;185;77;108
06.05.2020 16:30;189;85;104
06.05.2020 16:45;221;91;130
06.05.2020 17:00;210;97;113
06.05.2020 17:15;238;85;153
06.05.2020 17:30;195;86;109
06.05.2020 17:45;233;82;151
06.05.2020 18:00;214;92;122
06.05.2020 18:15;191;92;99
06.05.2020 18:30;150;66;84
06.05.2020 18:45;142;60;82
06.05.2020 19:00;132;50;82
06.05.2020 19:15;167;87;80
06.05.2020 19:30;81;45;36
06.05.2020 19:45;85;51;34
06.05.2020 20:00;90;37;53
06.05.2020 20:15;92;44;48
06.05.2020 20:30;88;48;40
06.05.2020 20:45;65;33;32
06.05.2020 21:00;53;27;26
06.05.2020 21:15;39;14;25
06.05.2020 21:30;48;18;30
06.05.2020 21:45;27;14;13
06.05.2020 22:00;23;12;11
06.05.2020 22:15;33;13;20
06.05.2020 22:30;13;8;5
06.05.2020 22:45;23;11;12
06.05.2020 23:00;19;16;3
06.05.2020 23:15;18;10;8
06.05.2020 23:30;13;7;6
06.05.2020 23:45;14;8;6
07.05.2020 00:00;11;7;4
07.05.2020 00:15;13;10;3
07.05.2020 00:30;6;3;3
07.05.2020 00:45;7;2;5
07.05.2020 01:00;8;6;2
07.05.2020 01:15;4;3;1
07.05.2020 01:30;7;4;3
07.05.2020 01:45;2;1;1
07.05.2020 02:00;1;0;1
07.05.2020 02:15;2;0;2
07.05.2020 02:30;3;3;0
07.05.2020 02:45;3;2;1
07.05.2020 03:00;1;1;0
07.05.2020 03:15;2;0;2
07.05.2020 03:30;1;1;0
07.05.2020 03:45;2;0;2
07.05.2020 04:00;1;1;0
07.05.2020 04:15;1;1;0
07.05.2020 04:30;1;0;1
07.05.2020 04:45;4;2;2
07.05.2020 05:00;1;1;0
07.05.2020 05:15;9;5;4
07.05.2020 05:30;13;8;5
07.05.2020 05:45;18;13;5
07.05.2020 06:00;22;15;7
07.05.2020 06:15;29;20;9
07.05.2020 06:30;46;27;19
07.05.2020 06:45;62;35;27
07.05.2020 07:00;61;32;29
07.05.2020 07:15;91;63;28
07.05.2020 07:30;110;57;53
07.05.2020 07:45;127;76;51
07.05.2020 08:00;98;54;44
07.05.2020 08:15;100;64;36
07.05.2020 08:30;116;80;36
07.05.2020 08:45;127;74;53
07.05.2020 09:00;78;42;36
07.05.2020 09:15;113;73;40
07.05.2020 09:30;29;20;9
07.05.2020 09:45;0;0;0
07.05.2020 10:00;0;0;0
07.05.2020 10:15;0;0;0
07.05.2020 10:30;0;0;0
07.05.2020 10:45;0;0;0
07.05.2020 11:00;0;0;0
07.05.2020 11:15;1;0;1
07.05.2020 11:30;0;0;0
07.05.2020 11:45;44;23;21
07.05.2020 12:00;138;63;75
07.05.2020 12:15;145;64;81
07.05.2020 12:30;152;75;77
07.05.2020 12:45;156;61;95
07.05.2020 13:00;151;87;64
07.05.2020 13:15;128;68;60
07.05.2020 13:30;137;61;76
07.05.2020 13:45;157;102;55
07.05.2020 14:00;136;64;72
07.05.2020 14:15;163;76;87
07.05.2020 14:30;174;85;89
07.05.2020 14:45;194;89;105
07.05.2020 15:00;198;100;98
07.05.2020 15:15;170;84;86
07.05.2020 15:30;173;81;92
07.05.2020 15:45;193;87;106
07.05.2020 16:00;228;116;112
07.05.2020 16:15;214;92;122
07.05.2020 16:30;216;87;129
07.05.2020 16:45;215;96;119
07.05.2020 17:00;214;96;118
07.05.2020 17:15;196;72;124
07.05.2020 17:30;221;115;106
07.05.2020 17:45;218;98;120
07.05.2020 18:00;205;78;127
07.05.2020 18:15;196;83;113
07.05.2020 18:30;221;93;128
07.05.2020 18:45;193;88;105
07.05.2020 19:00;153;71;82
07.05.2020 19:15;137;63;74
07.05.2020 19:30;138;73;65
07.05.2020 19:45;104;47;57
07.05.2020 20:00;110;56;54
07.05.2020 20:15;93;44;49
07.05.2020 20:30;95;42;53
07.05.2020 20:45;69;20;49
07.05.2020 21:00;56;24;32
07.05.2020 21:15;74;36;38
07.05.2020 21:30;52;26;26
07.05.2020 21:45;56;25;31
07.05.2020 22:00;40;15;25
07.05.2020 22:15;24;12;12
07.05.2020 22:30;24;15;9
07.05.2020 22:45;18;7;11
07.05.2020 23:00;27;13;14
07.05.2020 23:15;15;9;6
07.05.2020 23:30;22;11;11
07.05.2020 23:45;17;8;9
08.05.2020 00:00;19;10;9
08.05.2020 00:15;21;7;14
08.05.2020 00:30;5;4;1
08.05.2020 00:45;15;7;8
08.05.2020 01:00;8;4;4
08.05.2020 01:15;2;1;1
08.05.2020 01:30;6;4;2
08.05.2020 01:45;3;2;1
08.05.2020 02:00;4;1;3
08.05.2020 02:15;5;3;2
08.05.2020 02:30;6;3;3
08.05.2020 02:45;6;2;4
08.05.2020 03:00;3;2;1
08.05.2020 03:15;1;0;1
08.05.2020 03:30;3;2;1
08.05.2020 03:45;0;0;0
08.05.2020 04:00;4;3;1
08.05.2020 04:15;4;4;0
08.05.2020 04:30;1;1;0
08.05.2020 04:45;3;1;2
08.05.2020 05:00;4;4;0
08.05.2020 05:15;3;2;1
08.05.2020 05:30;3;1;2
08.05.2020 05:45;20;14;6
08.05.2020 06:00;30;23;7
08.05.2020 06:15;30;16;14
08.05.2020 06:30;46;30;16
08.05.2020 06:45;61;30;31
08.05.2020 07:00;52;26;26
08.05.2020 07:15;84;51;33
08.05.2020 07:30;135;91;44
08.05.2020 07:45;129;95;34
08.05.2020 08:00;103;69;34
08.05.2020 08:15;137;94;43
08.05.2020 08:30;107;65;42
08.05.2020 08:45;135;87;48
08.05.2020 09:00;104;55;49
08.05.2020 09:15;102;59;43
08.05.2020 09:30;138;86;52
08.05.2020 09:45;143;91;52
08.05.2020 10:00;111;68;43
08.05.2020 10:15;144;77;67
08.05.2020 10:30;142;65;77
08.05.2020 10:45;117;64;53
08.05.2020 11:00;150;64;86
08.05.2020 11:15;157;75;82
08.05.2020 11:30;137;67;70
08.05.2020 11:45;161;70;91
08.05.2020 12:00;163;74;89
08.05.2020 12:15;141;51;90
08.05.2020 12:30;164;88;76
08.05.2020 12:45;146;62;84
08.05.2020 13:00;197;76;121
08.05.2020 13:15;142;58;84
08.05.2020 13:30;141;72;69
08.05.2020 13:45;165;69;96
08.05.2020 14:00;162;74;88
08.05.2020 14:15;142;55;87
08.05.2020 14:30;182;92;90
08.05.2020 14:45;178;88;90
08.05.2020 15:00;180;85;95
08.05.2020 15:15;202;91;111
08.05.2020 15:30;186;93;93
08.05.2020 15:45;194;83;111
08.05.2020 16:00;191;90;101
08.05.2020 16:15;184;80;104
08.05.2020 16:30;150;76;74
08.05.2020 16:45;177;85;92
08.05.2020 17:00;196;91;105
08.05.2020 17:15;196;91;105
08.05.2020 17:30;191;98;93
08.05.2020 17:45;181;94;87
08.05.2020 18:00;168;76;92
08.05.2020 18:15;153;50;103
08.05.2020 18:30;196;86;110
08.05.2020 18:45;134;63;71
08.05.2020 19:00;164;81;83
08.05.2020 19:15;141;56;85
08.05.2020 19:30;136;64;72
08.05.2020 19:45;101;53;48
08.05.2020 20:00;105;60;45
08.05.2020 20:15;83;40;43
08.05.2020 20:30;85;34;51
08.05.2020 20:45;73;27;46
08.05.2020 21:00;54;25;29
08.05.2020 21:15;45;28;17
08.05.2020 21:30;53;27;26
08.05.2020 21:45;39;14;25
08.05.2020 22:00;57;32;25
08.05.2020 22:15;35;20;15
08.05.2020 22:30;34;13;21
08.05.2020 22:45;20;7;13
08.05.2020 23:00;22;17;5
08.05.2020 23:15;18;8;10
08.05.2020 23:30;35;16;19
08.05.2020 23:45;18;9;9
09.05.2020 00:00;26;19;7
09.05.2020 00:15;25;13;12
09.05.2020 00:30;23;11;12
09.05.2020 00:45;29;13;16
09.05.2020 01:00;13;5;8
09.05.2020 01:15;20;8;12
09.05.2020 01:30;6;3;3
09.05.2020 01:45;13;5;8
09.05.2020 02:00;7;3;4
09.05.2020 02:15;9;1;8
09.05.2020 02:30;3;2;1
09.05.2020 02:45;4;3;1
09.05.2020 03:00;3;2;1
09.05.2020 03:15;8;2;6
09.05.2020 03:30;4;3;1
09.05.2020 03:45;9;4;5
09.05.2020 04:00;3;0;3
09.05.2020 04:15;6;5;1
09.05.2020 04:30;6;1;5
09.05.2020 04:45;3;3;0
09.05.2020 05:00;3;2;1
09.05.2020 05:15;4;1;3
09.05.2020 05:30;5;1;4
09.05.2020 05:45;5;2;3
09.05.2020 06:00;5;4;1
09.05.2020 06:15;12;11;1
09.05.2020 06:30;8;1;7
09.05.2020 06:45;7;4;3
09.05.2020 07:00;12;5;7
09.05.2020 07:15;21;13;8
09.05.2020 07:30;16;5;11
09.05.2020 07:45;26;14;12
09.05.2020 08:00;25;7;18
09.05.2020 08:15;33;15;18
09.05.2020 08:30;46;24;22
09.05.2020 08:45;40;22;18
09.05.2020 09:00;49;34;15
09.05.2020 09:15;62;33;29
09.05.2020 09:30;80;48;32
09.05.2020 09:45;99;65;34
09.05.2020 10:00;112;57;55
09.05.2020 10:15;102;59;43
09.05.2020 10:30;111;66;45
09.05.2020 10:45;109;47;62
09.05.2020 11:00;108;52;56
09.05.2020 11:15;127;56;71
09.05.2020 11:30;142;75;67
09.05.2020 11:45;132;60;72
09.05.2020 12:00;141;73;68
09.05.2020 12:15;144;65;79
09.05.2020 12:30;151;83;68
09.05.2020 12:45;140;78;62
09.05.2020 13:00;154;83;71
09.05.2020 13:15;174;72;102
09.05.2020 13:30;156;72;84
09.05.2020 13:45;182;92;90
09.05.2020 14:00;189;78;111
09.05.2020 14:15;182;64;118
09.05.2020 14:30;167;84;83
09.05.2020 14:45;180;87;93
09.05.2020 15:00;189;86;103
09.05.2020 15:15;176;83;93
09.05.2020 15:30;183;82;101
09.05.2020 15:45;186;86;100
09.05.2020 16:00;142;68;74
09.05.2020 16:15;162;58;104
09.05.2020 16:30;143;65;78
09.05.2020 16:45;149;66;83
09.05.2020 17:00;181;86;95
09.05.2020 17:15;152;66;86
09.05.2020 17:30;180;89;91
09.05.2020 17:45;150;74;76
09.05.2020 18:00;181;97;84
09.05.2020 18:15;157;77;80
09.05.2020 18:30;141;73;68
09.05.2020 18:45;109;50;59
09.05.2020 19:00;143;75;68
09.05.2020 19:15;108;60;48
09.05.2020 19:30;129;60;69
09.05.2020 19:45;93;46;47
09.05.2020 20:00;104;52;52
09.05.2020 20:15;109;50;59
09.05.2020 20:30;86;49;37
09.05.2020 20:45;55;16;39
09.05.2020 21:00;87;58;29
09.05.2020 21:15;69;31;38
09.05.2020 21:30;54;35;19
09.05.2020 21:45;48;24;24
09.05.2020 22:00;40;23;17
09.05.2020 22:15;36;16;20
09.05.2020 22:30;35;16;19
09.05.2020 22:45;33;12;21
09.05.2020 23:00;40;19;21
09.05.2020 23:15;34;21;13
09.05.2020 23:30;20;10;10
09.05.2020 23:45;14;7;7
10.05.2020 00:00;24;10;14
10.05.2020 00:15;14;5;9
10.05.2020 00:30;21;8;13
10.05.2020 00:45;14;6;8
10.05.2020 01:00;13;6;7
10.05.2020 01:15;16;8;8
10.05.2020 01:30;18;10;8
10.05.2020 01:45;20;10;10
10.05.2020 02:00;12;10;2
10.05.2020 02:15;11;3;8
10.05.2020 02:30;4;4;0
10.05.2020 02:45;9;2;7
10.05.2020 03:00;6;1;5
10.05.2020 03:15;7;6;1
10.05.2020 03:30;2;2;0
10.05.2020 03:45;0;0;0
10.05.2020 04:00;1;1;0
10.05.2020 04:15;0;0;0
10.05.2020 04:30;1;1;0
10.05.2020 04:45;0;0;0
10.05.2020 05:00;3;1;2
10.05.2020 05:15;0;0;0
10.05.2020 05:30;2;0;2
10.05.2020 05:45;4;0;4
10.05.2020 06:00;4;4;0
10.05.2020 06:15;7;6;1
10.05.2020 06:30;3;2;1
10.05.2020 06:45;4;2;2
10.05.2020 07:00;3;1;2
10.05.2020 07:15;3;3;0
10.05.2020 07:30;2;1;1
10.05.2020 07:45;6;3;3
10.05.2020 08:00;4;2;2
10.05.2020 08:15;6;3;3
10.05.2020 08:30;5;2;3
10.05.2020 08:45;15;10;5
10.05.2020 09:00;14;7;7
10.05.2020 09:15;25;12;13
10.05.2020 09:30;23;19;4
10.05.2020 09:45;31;5;26
10.05.2020 10:00;37;23;14
10.05.2020 10:15;38;13;25
10.05.2020 10:30;32;16;16
10.05.2020 10:45;39;14;25
10.05.2020 11:00;46;23;23
10.05.2020 11:15;38;19;19
10.05.2020 11:30;33;11;22
10.05.2020 11:45;50;25;25
10.05.2020 12:00;50;18;32
10.05.2020 12:15;73;30;43
10.05.2020 12:30;45;20;25
10.05.2020 12:45;89;26;63
10.05.2020 13:00;92;40;52
10.05.2020 13:15;106;36;70
10.05.2020 13:30;70;29;41
10.05.2020 13:45;106;27;79
10.05.2020 14:00;115;41;74
10.05.2020 14:15;124;57;67
10.05.2020 14:30;122;40;82
10.05.2020 14:45;130;70;60
10.05.2020 15:00;126;59;67
10.05.2020 15:15;120;50;70
10.05.2020 15:30;99;50;49
10.05.2020 15:45;140;61;79
10.05.2020 16:00;115;57;58
10.05.2020 16:15;147;68;79
10.05.2020 16:30;107;53;54
10.05.2020 16:45;125;76;49
10.05.2020 17:00;110;59;51
10.05.2020 17:15;110;51;59
10.05.2020 17:30;100;50;50
10.05.2020 17:45;143;70;73
10.05.2020 18:00;153;95;58
10.05.2020 18:15;131;68;63
10.05.2020 18:30;92;50;42
10.05.2020 18:45;115;57;58
10.05.2020 19:00;118;62;56
10.05.2020 19:15;82;47;35
10.05.2020 19:30;131;85;46
10.05.2020 19:45;90;48;42
10.05.2020 20:00;71;38;33
10.05.2020 20:15;83;43;40
10.05.2020 20:30;56;33;23
10.05.2020 20:45;66;33;33
10.05.2020 21:00;75;35;40
10.05.2020 21:15;36;19;17
10.05.2020 21:30;37;19;18
10.05.2020 21:45;32;17;15
10.05.2020 22:00;48;25;23
10.05.2020 22:15;23;10;13
10.05.2020 22:30;25;15;10
10.05.2020 22:45;14;6;8
10.05.2020 23:00;22;10;12
10.05.2020 23:15;15;4;11
10.05.2020 23:30;11;4;7
10.05.2020 23:45;10;4;6
11.05.2020 00:00;7;5;2
11.05.2020 00:15;12;7;5
11.05.2020 00:30;6;3;3
11.05.2020 00:45;7;3;4
11.05.2020 01:00;2;2;0
11.05.2020 01:15;5;3;2
11.05.2020 01:30;6;4;2
11.05.2020 01:45;1;1;0
11.05.2020 02:00;2;1;1
11.05.2020 02:15;3;1;2
11.05.2020 02:30;0;0;0
11.05.2020 02:45;0;0;0
11.05.2020 03:00;0;0;0
11.05.2020 03:15;0;0;0
11.05.2020 03:30;3;3;0
11.05.2020 03:45;1;0;1
11.05.2020 04:00;3;1;2
11.05.2020 04:15;3;3;0
11.05.2020 04:30;0;0;0
11.05.2020 04:45;3;1;2
11.05.2020 05:00;2;2;0
11.05.2020 05:15;5;4;1
11.05.2020 05:30;9;2;7
11.05.2020 05:45;23;16;7
11.05.2020 06:00;25;21;4
11.05.2020 06:15;30;24;6
11.05.2020 06:30;42;27;15
11.05.2020 06:45;49;28;21
11.05.2020 07:00;48;28;20
11.05.2020 07:15;85;55;30
11.05.2020 07:30;177;140;37
11.05.2020 07:45;109;62;47
11.05.2020 08:00;102;63;39
11.05.2020 08:15;89;59;30
11.05.2020 08:30;91;54;37
11.05.2020 08:45;96;55;41
11.05.2020 09:00;98;61;37
11.05.2020 09:15;113;72;41
11.05.2020 09:30;93;55;38
11.05.2020 09:45;86;52;34
11.05.2020 10:00;91;54;37
11.05.2020 10:15;91;49;42
11.05.2020 10:30;93;53;40
11.05.2020 10:45;96;61;35
11.05.2020 11:00;128;56;72
11.05.2020 11:15;114;59;55
11.05.2020 11:30;118;66;52
11.05.2020 11:45;122;49;73
11.05.2020 12:00;101;45;56
11.05.2020 12:15;112;48;64
11.05.2020 12:30;102;55;47
11.05.2020 12:45;137;65;72
11.05.2020 13:00;182;71;111
11.05.2020 13:15;139;63;76
11.05.2020 13:30;80;45;35
11.05.2020 13:45;90;45;45
11.05.2020 14:00;56;23;33
11.05.2020 14:15;82;36;46
11.05.2020 14:30;55;31;24
11.05.2020 14:45;81;38;43
11.05.2020 15:00;78;35;43
11.05.2020 15:15;87;40;47
11.05.2020 15:30;107;49;58
11.05.2020 15:45;113;54;59
11.05.2020 16:00;111;56;55
11.05.2020 16:15;116;45;71
11.05.2020 16:30;93;50;43
11.05.2020 16:45;116;60;56
11.05.2020 17:00;111;49;62
11.05.2020 17:15;94;26;68
11.05.2020 17:30;113;51;62
11.05.2020 17:45;127;38;89
11.05.2020 18:00;105;44;61
11.05.2020 18:15;101;29;72
11.05.2020 18:30;103;38;65
11.05.2020 18:45;84;38;46
11.05.2020 19:00;60;32;28
11.05.2020 19:15;65;26;39
11.05.2020 19:30;54;27;27
11.05.2020 19:45;46;32;14
11.05.2020 20:00;32;10;22
11.05.2020 20:15;26;14;12
11.05.2020 20:30;19;9;10
11.05.2020 20:45;27;19;8
11.05.2020 21:00;27;11;16
11.05.2020 21:15;17;9;8
11.05.2020 21:30;16;7;9
11.05.2020 21:45;16;9;7
11.05.2020 22:00;11;2;9
11.05.2020 22:15;15;7;8
11.05.2020 22:30;7;3;4
11.05.2020 22:45;5;2;3
11.05.2020 23:00;5;2;3
11.05.2020 23:15;5;2;3
11.05.2020 23:30;11;4;7
11.05.2020 23:45;8;5;3
12.05.2020 00:00;6;2;4
12.05.2020 00:15;7;3;4
12.05.2020 00:30;8;1;7
12.05.2020 00:45;9;0;9
12.05.2020 01:00;6;5;1
12.05.2020 01:15;4;3;1
12.05.2020 01:30;6;4;2
12.05.2020 01:45;4;4;0
12.05.2020 02:00;4;4;0
12.05.2020 02:15;1;1;0
12.05.2020 02:30;0;0;0
12.05.2020 02:45;2;0;2
12.05.2020 03:00;0;0;0
12.05.2020 03:15;0;0;0
12.05.2020 03:30;0;0;0
12.05.2020 03:45;0;0;0
12.05.2020 04:00;3;1;2
12.05.2020 04:15;1;1;0
12.05.2020 04:30;1;1;0
12.05.2020 04:45;2;1;1
12.05.2020 05:00;4;3;1
12.05.2020 05:15;3;2;1
12.05.2020 05:30;10;6;4
12.05.2020 05:45;22;13;9
12.05.2020 06:00;19;14;5
12.05.2020 06:15;37;25;12
12.05.2020 06:30;53;29;24
12.05.2020 06:45;50;34;16
12.05.2020 07:00;61;35;26
12.05.2020 07:15;84;46;38
12.05.2020 07:30;137;95;42
12.05.2020 07:45;139;83;56
12.05.2020 08:00;98;68;30
12.05.2020 08:15;108;60;48
12.05.2020 08:30;112;70;42
12.05.2020 08:45;130;80;50
12.05.2020 09:00;92;61;31
12.05.2020 09:15;107;70;37
12.05.2020 09:30;100;61;39
12.05.2020 09:45;118;61;57
12.05.2020 10:00;92;52;40
12.05.2020 10:15;107;60;47
12.05.2020 10:30;101;51;50
12.05.2020 10:45;109;64;45
12.05.2020 11:00;143;59;84
12.05.2020 11:15;117;69;48
12.05.2020 11:30;123;62;61
12.05.2020 11:45;102;44;58
12.05.2020 12:00;129;59;70
12.05.2020 12:15;125;53;72
12.05.2020 12:30;119;49;70
12.05.2020 12:45;126;49;77
12.05.2020 13:00;140;56;84
12.05.2020 13:15;106;49;57
12.05.2020 13:30;113;63;50
12.05.2020 13:45;158;80;78
12.05.2020 14:00;134;70;64
12.05.2020 14:15;130;56;74
12.05.2020 14:30;133;59;74
12.05.2020 14:45;138;71;67
12.05.2020 15:00;138;68;70
12.05.2020 15:15;157;70;87
12.05.2020 15:30;164;75;89
12.05.2020 15:45;143;65;78
12.05.2020 16:00;192;106;86
12.05.2020 16:15;150;69;81
12.05.2020 16:30;170;68;102
12.05.2020 16:45;165;73;92
12.05.2020 17:00;228;94;134
12.05.2020 17:15;211;91;120
12.05.2020 17:30;178;84;94
12.05.2020 17:45;173;68;105
12.05.2020 18:00;175;83;92
12.05.2020 18:15;171;56;115
12.05.2020 18:30;148;52;96
12.05.2020 18:45;131;56;75
12.05.2020 19:00;128;59;69
12.05.2020 19:15;119;55;64
12.05.2020 19:30;80;46;34
12.05.2020 19:45;73;28;45
12.05.2020 20:00;87;36;51
12.05.2020 20:15;59;24;35
12.05.2020 20:30;70;37;33
12.05.2020 20:45;43;22;21
12.05.2020 21:00;37;24;13
12.05.2020 21:15;31;13;18
12.05.2020 21:30;31;13;18
12.05.2020 21:45;38;21;17
12.05.2020 22:00;26;10;16
12.05.2020 22:15;26;11;15
12.05.2020 22:30;24;12;12
12.05.2020 22:45;14;7;7
12.05.2020 23:00;16;10;6
12.05.2020 23:15;13;4;9
12.05.2020 23:30;13;9;4
12.05.2020 23:45;13;10;3
13.05.2020 00:00;16;7;9
13.05.2020 00:15;7;5;2
13.05.2020 00:30;10;3;7
13.05.2020 00:45;8;2;6
13.05.2020 01:00;5;3;2
13.05.2020 01:15;2;2;0
13.05.2020 01:30;2;1;1
13.05.2020 01:45;4;2;2
13.05.2020 02:00;4;0;4
13.05.2020 02:15;2;2;0
13.05.2020 02:30;1;1;0
13.05.2020 02:45;2;0;2
13.05.2020 03:00;3;1;2
13.05.2020 03:15;1;0;1
13.05.2020 03:30;0;0;0
13.05.2020 03:45;0;0;0
13.05.2020 04:00;2;1;1
13.05.2020 04:15;2;1;1
13.05.2020 04:30;1;0;1
13.05.2020 04:45;4;3;1
13.05.2020 05:00;4;4;0
13.05.2020 05:15;4;2;2
13.05.2020 05:30;5;2;3
13.05.2020 05:45;25;14;11
13.05.2020 06:00;19;15;4
13.05.2020 06:15;34;27;7
13.05.2020 06:30;48;28;20
13.05.2020 06:45;56;40;16
13.05.2020 07:00;43;26;17
13.05.2020 07:15;82;48;34
13.05.2020 07:30;131;77;54
13.05.2020 07:45;135;87;48
13.05.2020 08:00;95;58;37
13.05.2020 08:15;82;51;31
13.05.2020 08:30;87;55;32
13.05.2020 08:45;99;65;34
13.05.2020 09:00;77;36;41
13.05.2020 09:15;81;46;35
13.05.2020 09:30;76;40;36
13.05.2020 09:45;86;38;48
13.05.2020 10:00;73;45;28
13.05.2020 10:15;76;43;33
13.05.2020 10:30;65;27;38
13.05.2020 10:45;72;33;39
13.05.2020 11:00;76;30;46
13.05.2020 11:15;85;62;23
13.05.2020 11:30;91;54;37
13.05.2020 11:45;72;36;36
13.05.2020 12:00;79;33;46
13.05.2020 12:15;71;31;40
13.05.2020 12:30;100;56;44
13.05.2020 12:45;98;47;51
13.05.2020 13:00;140;55;85
13.05.2020 13:15;82;36;46
13.05.2020 13:30;82;41;41
13.05.2020 13:45;120;77;43
13.05.2020 14:00;96;50;46
13.05.2020 14:15;86;30;56
13.05.2020 14:30;109;53;56
13.05.2020 14:45;100;57;43
13.05.2020 15:00;87;41;46
13.05.2020 15:15;97;39;58
13.05.2020 15:30;98;39;59
13.05.2020 15:45;89;38;51
13.05.2020 16:00;135;67;68
13.05.2020 16:15;117;54;63
13.05.2020 16:30;117;45;72
13.05.2020 16:45;124;67;57
13.05.2020 17:00;121;46;75
13.05.2020 17:15;154;67;87
13.05.2020 17:30;106;44;62
13.05.2020 17:45;124;54;70
13.05.2020 18:00;115;53;62
13.05.2020 18:15;119;48;71
13.05.2020 18:30;98;29;69
13.05.2020 18:45;92;40;52
13.05.2020 19:00;95;34;61
13.05.2020 19:15;66;28;38
13.05.2020 19:30;73;40;33
13.05.2020 19:45;60;29;31
13.05.2020 20:00;45;24;21
13.05.2020 20:15;48;23;25
13.05.2020 20:30;33;16;17
13.05.2020 20:45;24;13;11
13.05.2020 21:00;31;15;16
13.05.2020 21:15;16;11;5
13.05.2020 21:30;26;11;15
13.05.2020 21:45;18;8;10
13.05.2020 22:00;23;12;11
13.05.2020 22:15;17;10;7
13.05.2020 22:30;15;4;11
13.05.2020 22:45;12;6;6
13.05.2020 23:00;20;8;12
13.05.2020 23:15;14;3;11
13.05.2020 23:30;15;10;5
13.05.2020 23:45;12;9;3
14.05.2020 00:00;11;5;6
14.05.2020 00:15;11;2;9
14.05.2020 00:30;5;0;5
14.05.2020 00:45;4;1;3
14.05.2020 01:00;3;1;2
14.05.2020 01:15;3;2;1
14.05.2020 01:30;4;3;1
14.05.2020 01:45;2;2;0
14.05.2020 02:00;9;3;6
14.05.2020 02:15;2;0;2
14.05.2020 02:30;1;0;1
14.05.2020 02:45;4;0;4
14.05.2020 03:00;1;0;1
14.05.2020 03:15;0;0;0
14.05.2020 03:30;0;0;0
14.05.2020 03:45;0;0;0
14.05.2020 04:00;0;0;0
14.05.2020 04:15;2;2;0
14.05.2020 04:30;2;2;0
14.05.2020 04:45;2;1;1
14.05.2020 05:00;3;2;1
14.05.2020 05:15;1;1;0
14.05.2020 05:30;7;4;3
14.05.2020 05:45;20;9;11
14.05.2020 06:00;16;14;2
14.05.2020 06:15;26;21;5
14.05.2020 06:30;32;16;16
14.05.2020 06:45;42;27;15
14.05.2020 07:00;49;31;18
14.05.2020 07:15;82;46;36
14.05.2020 07:30;98;53;45
14.05.2020 07:45;120;73;47
14.05.2020 08:00;101;62;39
14.05.2020 08:15;88;55;33
14.05.2020 08:30;87;56;31
14.05.2020 08:45;130;75;55
14.05.2020 09:00;96;53;43
14.05.2020 09:15;78;44;34
14.05.2020 09:30;93;51;42
14.05.2020 09:45;77;40;37
14.05.2020 10:00;79;54;25
14.05.2020 10:15;84;37;47
14.05.2020 10:30;80;49;31
14.05.2020 10:45;75;40;35
14.05.2020 11:00;78;31;47
14.05.2020 11:15;94;50;44
14.05.2020 11:30;107;64;43
14.05.2020 11:45;90;54;36
14.05.2020 12:00;89;38;51
14.05.2020 12:15;81;45;36
14.05.2020 12:30;106;54;52
14.05.2020 12:45;114;49;65
14.05.2020 13:00;137;64;73
14.05.2020 13:15;118;52;66
14.05.2020 13:30;123;63;60
14.05.2020 13:45;107;61;46
14.05.2020 14:00;109;49;60
14.05.2020 14:15;108;55;53
14.05.2020 14:30;128;66;62
14.05.2020 14:45;148;77;71
14.05.2020 15:00;126;59;67
14.05.2020 15:15;104;40;64
14.05.2020 15:30;131;65;66
14.05.2020 15:45;137;70;67
14.05.2020 16:00;151;69;82
14.05.2020 16:15;174;80;94
14.05.2020 16:30;163;84;79
14.05.2020 16:45;141;67;74
14.05.2020 17:00;136;46;90
14.05.2020 17:15;173;77;96
14.05.2020 17:30;167;71;96
14.05.2020 17:45;126;59;67
14.05.2020 18:00;141;41;100
14.05.2020 18:15;134;46;88
14.05.2020 18:30;126;48;78
14.05.2020 18:45;124;48;76
14.05.2020 19:00;90;37;53
14.05.2020 19:15;88;34;54
14.05.2020 19:30;97;40;57
14.05.2020 19:45;69;27;42
14.05.2020 20:00;75;33;42
14.05.2020 20:15;55;25;30
14.05.2020 20:30;52;21;31
14.05.2020 20:45;30;11;19
14.05.2020 21:00;29;16;13
14.05.2020 21:15;27;12;15
14.05.2020 21:30;25;10;15
14.05.2020 21:45;25;12;13
14.05.2020 22:00;20;8;12
14.05.2020 22:15;16;6;10
14.05.2020 22:30;11;5;6
14.05.2020 22:45;21;12;9
14.05.2020 23:00;17;6;11
14.05.2020 23:15;16;12;4
14.05.2020 23:30;23;10;13
14.05.2020 23:45;17;2;15
15.05.2020 00:00;5;2;3
15.05.2020 00:15;15;8;7
15.05.2020 00:30;11;5;6
15.05.2020 00:45;2;0;2
15.05.2020 01:00;4;2;2
15.05.2020 01:15;7;4;3
15.05.2020 01:30;4;3;1
15.05.2020 01:45;3;1;2
15.05.2020 02:00;0;0;0
15.05.2020 02:15;1;0;1
15.05.2020 02:30;5;3;2
15.05.2020 02:45;4;2;2
15.05.2020 03:00;3;2;1
15.05.2020 03:15;1;1;0
15.05.2020 03:30;1;0;1
15.05.2020 03:45;1;0;1
15.05.2020 04:00;2;2;0
15.05.2020 04:15;2;2;0
15.05.2020 04:30;2;1;1
15.05.2020 04:45;1;0;1
15.05.2020 05:00;2;1;1
15.05.2020 05:15;1;0;1
15.05.2020 05:30;12;7;5
15.05.2020 05:45;19;12;7
15.05.2020 06:00;34;21;13
15.05.2020 06:15;29;22;7
15.05.2020 06:30;25;19;6
15.05.2020 06:45;52;28;24
15.05.2020 07:00;53;29;24
15.05.2020 07:15;72;41;31
15.05.2020 07:30;105;67;38
15.05.2020 07:45;129;85;44
15.05.2020 08:00;91;51;40
15.05.2020 08:15;103;73;30
15.05.2020 08:30;90;56;34
15.05.2020 08:45;125;72;53
15.05.2020 09:00;104;67;37
15.05.2020 09:15;106;63;43
15.05.2020 09:30;101;65;36
15.05.2020 09:45;105;74;31
15.05.2020 10:00;103;56;47
15.05.2020 10:15;94;51;43
15.05.2020 10:30;108;62;46
15.05.2020 10:45;116;62;54
15.05.2020 11:00;117;60;57
15.05.2020 11:15;127;75;52
15.05.2020 11:30;121;56;65
15.05.2020 11:45;143;69;74
15.05.2020 12:00;120;53;67
15.05.2020 12:15;111;42;69
15.05.2020 12:30;111;45;66
15.05.2020 12:45;139;71;68
15.05.2020 13:00;171;51;120
15.05.2020 13:15;123;47;76
15.05.2020 13:30;135;70;65
15.05.2020 13:45;138;68;70
15.05.2020 14:00;127;66;61
15.05.2020 14:15;111;47;64
15.05.2020 14:30;123;65;58
15.05.2020 14:45;128;65;63
15.05.2020 15:00;131;62;69
15.05.2020 15:15;129;74;55
15.05.2020 15:30;117;57;60
15.05.2020 15:45;113;45;68
15.05.2020 16:00;160;71;89
15.05.2020 16:15;136;65;71
15.05.2020 16:30;108;48;60
15.05.2020 16:45;130;64;66
15.05.2020 17:00;138;56;82
15.05.2020 17:15;134;54;80
15.05.2020 17:30;143;57;86
15.05.2020 17:45;130;60;70
15.05.2020 18:00;147;56;91
15.05.2020 18:15;116;45;71
15.05.2020 18:30;112;33;79
15.05.2020 18:45;115;49;66
15.05.2020 19:00;107;50;57
15.05.2020 19:15;97;41;56
15.05.2020 19:30;83;44;39
15.05.2020 19:45;81;34;47
15.05.2020 20:00;83;28;55
15.05.2020 20:15;65;25;40
15.05.2020 20:30;40;14;26
15.05.2020 20:45;53;24;29
15.05.2020 21:00;54;19;35
15.05.2020 21:15;37;14;23
15.05.2020 21:30;47;21;26
15.05.2020 21:45;32;13;19
15.05.2020 22:00;26;15;11
15.05.2020 22:15;19;8;11
15.05.2020 22:30;16;4;12
15.05.2020 22:45;26;14;12
15.05.2020 23:00;20;12;8
15.05.2020 23:15;21;9;12
15.05.2020 23:30;32;14;18
15.05.2020 23:45;18;7;11
16.05.2020 00:00;19;13;6
16.05.2020 00:15;21;11;10
16.05.2020 00:30;33;20;13
16.05.2020 00:45;17;9;8
16.05.2020 01:00;13;12;1
16.05.2020 01:15;13;7;6
16.05.2020 01:30;7;3;4
16.05.2020 01:45;10;8;2
16.05.2020 02:00;12;6;6
16.05.2020 02:15;5;3;2
16.05.2020 02:30;4;3;1
16.05.2020 02:45;13;9;4
16.05.2020 03:00;5;1;4
16.05.2020 03:15;5;2;3
16.05.2020 03:30;5;3;2
16.05.2020 03:45;3;2;1
16.05.2020 04:00;1;0;1
16.05.2020 04:15;9;7;2
16.05.2020 04:30;4;4;0
16.05.2020 04:45;3;0;3
16.05.2020 05:00;6;2;4
16.05.2020 05:15;5;4;1
16.05.2020 05:30;6;3;3
16.05.2020 05:45;5;3;2
16.05.2020 06:00;12;6;6
16.05.2020 06:15;14;12;2
16.05.2020 06:30;11;7;4
16.05.2020 06:45;12;7;5
16.05.2020 07:00;7;2;5
16.05.2020 07:15;20;9;11
16.05.2020 07:30;13;6;7
16.05.2020 07:45;29;8;21
16.05.2020 08:00;21;11;10
16.05.2020 08:15;39;20;19
16.05.2020 08:30;50;28;22
16.05.2020 08:45;41;17;24
16.05.2020 09:00;41;23;18
16.05.2020 09:15;64;28;36
16.05.2020 09:30;71;37;34
16.05.2020 09:45;102;54;48
16.05.2020 10:00;84;38;46
16.05.2020 10:15;96;53;43
16.05.2020 10:30;119;51;68
16.05.2020 10:45;121;74;47
16.05.2020 11:00;104;65;39
16.05.2020 11:15;139;78;61
16.05.2020 11:30;136;55;81
16.05.2020 11:45;114;62;52
16.05.2020 12:00;126;59;67
16.05.2020 12:15;152;68;84
16.05.2020 12:30;149;74;75
16.05.2020 12:45;107;62;45
16.05.2020 13:00;143;80;63
16.05.2020 13:15;122;49;73
16.05.2020 13:30;122;65;57
16.05.2020 13:45;140;76;64
16.05.2020 14:00;124;54;70
16.05.2020 14:15;202;95;107
16.05.2020 14:30;178;101;77
16.05.2020 14:45;153;78;75
16.05.2020 15:00;181;91;90
16.05.2020 15:15;176;81;95
16.05.2020 15:30;174;93;81
16.05.2020 15:45;152;71;81
16.05.2020 16:00;159;81;78
16.05.2020 16:15;173;80;93
16.05.2020 16:30;139;69;70
16.05.2020 16:45;152;54;98
16.05.2020 17:00;162;79;83
16.05.2020 17:15;167;83;84
16.05.2020 17:30;180;78;102
16.05.2020 17:45;157;71;86
16.05.2020 18:00;158;59;99
16.05.2020 18:15;146;53;93
16.05.2020 18:30;130;66;64
16.05.2020 18:45;155;61;94
16.05.2020 19:00;148;73;75
16.05.2020 19:15;124;62;62
16.05.2020 19:30;117;64;53
16.05.2020 19:45;91;40;51
16.05.2020 20:00;113;63;50
16.05.2020 20:15;100;50;50
16.05.2020 20:30;74;38;36
16.05.2020 20:45;59;28;31
16.05.2020 21:00;85;48;37
16.05.2020 21:15;51;21;30
16.05.2020 21:30;43;15;28
16.05.2020 21:45;33;21;12
16.05.2020 22:00;41;22;19
16.05.2020 22:15;42;24;18
16.05.2020 22:30;26;12;14
16.05.2020 22:45;24;13;11
16.05.2020 23:00;26;10;16
16.05.2020 23:15;25;12;13
16.05.2020 23:30;30;18;12
16.05.2020 23:45;25;15;10
17.05.2020 00:00;30;10;20
17.05.2020 00:15;14;11;3
17.05.2020 00:30;27;16;11
17.05.2020 00:45;24;12;12
17.05.2020 01:00;22;7;15
17.05.2020 01:15;14;9;5
17.05.2020 01:30;9;6;3
17.05.2020 01:45;13;6;7
17.05.2020 02:00;30;12;18
17.05.2020 02:15;11;5;6
17.05.2020 02:30;8;3;5
17.05.2020 02:45;10;3;7
17.05.2020 03:00;1;1;0
17.05.2020 03:15;3;3;0
17.05.2020 03:30;5;4;1
17.05.2020 03:45;6;5;1
17.05.2020 04:00;4;3;1
17.05.2020 04:15;0;0;0
17.05.2020 04:30;3;3;0
17.05.2020 04:45;3;3;0
17.05.2020 05:00;3;1;2
17.05.2020 05:15;2;2;0
17.05.2020 05:30;5;2;3
17.05.2020 05:45;6;4;2
17.05.2020 06:00;6;5;1
17.05.2020 06:15;6;5;1
17.05.2020 06:30;4;3;1
17.05.2020 06:45;5;2;3
17.05.2020 07:00;6;3;3
17.05.2020 07:15;4;1;3
17.05.2020 07:30;8;4;4
17.05.2020 07:45;15;5;10
17.05.2020 08:00;29;15;14
17.05.2020 08:15;18;8;10
17.05.2020 08:30;18;6;12
17.05.2020 08:45;23;8;15
17.05.2020 09:00;37;22;15
17.05.2020 09:15;32;19;13
17.05.2020 09:30;36;17;19
17.05.2020 09:45;51;16;35
17.05.2020 10:00;54;25;29
17.05.2020 10:15;68;20;48
17.05.2020 10:30;61;31;30
17.05.2020 10:45;66;27;39
17.05.2020 11:00;79;29;50
17.05.2020 11:15;90;23;67
17.05.2020 11:30;90;36;54
17.05.2020 11:45;91;39;52
17.05.2020 12:00;104;36;68
17.05.2020 12:15;117;50;67
17.05.2020 12:30;111;52;59
17.05.2020 12:45;120;53;67
17.05.2020 13:00;129;51;78
17.05.2020 13:15;112;34;78
17.05.2020 13:30;154;58;96
17.05.2020 13:45;128;57;71
17.05.2020 14:00;126;48;78
17.05.2020 14:15;150;65;85
17.05.2020 14:30;161;84;77
17.05.2020 14:45;141;64;77
17.05.2020 15:00;147;70;77
17.05.2020 15:15;136;65;71
17.05.2020 15:30;177;92;85
17.05.2020 15:45;141;74;67
17.05.2020 16:00;162;88;74
17.05.2020 16:15;135;76;59
17.05.2020 16:30;156;83;73
17.05.2020 16:45;131;70;61
17.05.2020 17:00;133;74;59
17.05.2020 17:15;152;85;67
17.05.2020 17:30;148;87;61
17.05.2020 17:45;172;78;94
17.05.2020 18:00;184;119;65
17.05.2020 18:15;132;78;54
17.05.2020 18:30;112;81;31
17.05.2020 18:45;132;75;57
17.05.2020 19:00;97;65;32
17.05.2020 19:15;107;53;54
17.05.2020 19:30;115;55;60
17.05.2020 19:45;90;42;48
17.05.2020 20:00;91;47;44
17.05.2020 20:15;69;38;31
17.05.2020 20:30;81;45;36
17.05.2020 20:45;87;45;42
17.05.2020 21:00;56;27;29
17.05.2020 21:15;45;22;23
17.05.2020 21:30;30;16;14
17.05.2020 21:45;53;25;28
17.05.2020 22:00;28;12;16
17.05.2020 22:15;24;10;14
17.05.2020 22:30;25;14;11
17.05.2020 22:45;25;12;13
17.05.2020 23:00;14;7;7
17.05.2020 23:15;16;7;9
17.05.2020 23:30;15;10;5
17.05.2020 23:45;6;6;0
18.05.2020 00:00;7;3;4
18.05.2020 00:15;13;7;6
18.05.2020 00:30;8;2;6
18.05.2020 00:45;10;5;5
18.05.2020 01:00;7;2;5
18.05.2020 01:15;1;0;1
18.05.2020 01:30;4;2;2
18.05.2020 01:45;4;2;2
18.05.2020 02:00;3;3;0
18.05.2020 02:15;0;0;0
18.05.2020 02:30;0;0;0
18.05.2020 02:45;1;1;0
18.05.2020 03:00;0;0;0
18.05.2020 03:15;5;2;3
18.05.2020 03:30;0;0;0
18.05.2020 03:45;0;0;0
18.05.2020 04:00;1;1;0
18.05.2020 04:15;0;0;0
18.05.2020 04:30;1;1;0
18.05.2020 04:45;4;3;1
18.05.2020 05:00;0;0;0
18.05.2020 05:15;4;1;3
18.05.2020 05:30;12;6;6
18.05.2020 05:45;24;15;9
18.05.2020 06:00;23;16;7
18.05.2020 06:15;38;27;11
18.05.2020 06:30;43;25;18
18.05.2020 06:45;59;38;21
18.05.2020 07:00;74;36;38
18.05.2020 07:15;105;71;34
18.05.2020 07:30;188;129;59
18.05.2020 07:45;169;109;60
18.05.2020 08:00;137;82;55
18.05.2020 08:15;125;70;55
18.05.2020 08:30;124;78;46
18.05.2020 08:45;165;106;59
18.05.2020 09:00;132;73;59
18.05.2020 09:15;120;64;56
18.05.2020 09:30;125;76;49
18.05.2020 09:45;130;70;60
18.05.2020 10:00;93;48;45
18.05.2020 10:15;101;59;42
18.05.2020 10:30;103;54;49
18.05.2020 10:45;119;60;59
18.05.2020 11:00;133;55;78
18.05.2020 11:15;135;65;70
18.05.2020 11:30;128;69;59
18.05.2020 11:45;133;56;77
18.05.2020 12:00;163;72;91
18.05.2020 12:15;160;86;74
18.05.2020 12:30;136;73;63
18.05.2020 12:45;168;80;88
18.05.2020 13:00;218;96;122
18.05.2020 13:15;158;64;94
18.05.2020 13:30;176;99;77
18.05.2020 13:45;192;98;94
18.05.2020 14:00;165;92;73
18.05.2020 14:15;171;94;77
18.05.2020 14:30;156;92;64
18.05.2020 14:45;197;92;105
18.05.2020 15:00;196;102;94
18.05.2020 15:15;161;70;91
18.05.2020 15:30;216;86;130
18.05.2020 15:45;204;103;101
18.05.2020 16:00;223;110;113
18.05.2020 16:15;204;96;108
18.05.2020 16:30;212;96;116
18.05.2020 16:45;203;110;93
18.05.2020 17:00;227;114;113
18.05.2020 17:15;260;119;141
18.05.2020 17:30;241;111;130
18.05.2020 17:45;222;95;127
18.05.2020 18:00;258;106;152
18.05.2020 18:15;234;104;130
18.05.2020 18:30;216;75;141
18.05.2020 18:45;176;81;95
18.05.2020 19:00;148;61;87
18.05.2020 19:15;171;74;97
18.05.2020 19:30;159;62;97
18.05.2020 19:45;113;51;62
18.05.2020 20:00;114;58;56
18.05.2020 20:15;110;50;60
18.05.2020 20:30;97;44;53
18.05.2020 20:45;102;49;53
18.05.2020 21:00;79;31;48
18.05.2020 21:15;79;30;49
18.05.2020 21:30;83;39;44
18.05.2020 21:45;51;21;30
18.05.2020 22:00;54;20;34
18.05.2020 22:15;44;22;22
18.05.2020 22:30;45;13;32
18.05.2020 22:45;26;7;19
18.05.2020 23:00;19;9;10
18.05.2020 23:15;23;12;11
18.05.2020 23:30;10;6;4
18.05.2020 23:45;9;3;6
19.05.2020 00:00;25;10;15
19.05.2020 00:15;9;3;6
19.05.2020 00:30;12;2;10
19.05.2020 00:45;8;3;5
19.05.2020 01:00;2;1;1
19.05.2020 01:15;9;4;5
19.05.2020 01:30;6;2;4
19.05.2020 01:45;3;3;0
19.05.2020 02:00;6;5;1
19.05.2020 02:15;6;1;5
19.05.2020 02:30;0;0;0
19.05.2020 02:45;3;2;1
19.05.2020 03:00;2;1;1
19.05.2020 03:15;0;0;0
19.05.2020 03:30;1;1;0
19.05.2020 03:45;0;0;0
19.05.2020 04:00;3;1;2
19.05.2020 04:15;0;0;0
19.05.2020 04:30;7;6;1
19.05.2020 04:45;1;0;1
19.05.2020 05:00;1;1;0
19.05.2020 05:15;1;0;1
19.05.2020 05:30;15;9;6
19.05.2020 05:45;30;23;7
19.05.2020 06:00;22;13;9
19.05.2020 06:15;37;26;11
19.05.2020 06:30;60;36;24
19.05.2020 06:45;58;33;25
19.05.2020 07:00;58;28;30
19.05.2020 07:15;98;62;36
19.05.2020 07:30;153;97;56
19.05.2020 07:45;161;103;58
19.05.2020 08:00;161;88;73
19.05.2020 08:15;123;63;60
19.05.2020 08:30;148;89;59
19.05.2020 08:45;184;128;56
19.05.2020 09:00;100;54;46
19.05.2020 09:15;147;81;66
19.05.2020 09:30;135;74;61
19.05.2020 09:45;116;80;36
19.05.2020 10:00;116;60;56
19.05.2020 10:15;135;73;62
19.05.2020 10:30;156;87;69
19.05.2020 10:45;139;84;55
19.05.2020 11:00;167;81;86
19.05.2020 11:15;176;94;82
19.05.2020 11:30;154;76;78
19.05.2020 11:45;137;62;75
19.05.2020 12:00;152;66;86
19.05.2020 12:15;161;68;93
19.05.2020 12:30;172;83;89
19.05.2020 12:45;189;91;98
19.05.2020 13:00;205;90;115
19.05.2020 13:15;166;85;81
19.05.2020 13:30;165;82;83
19.05.2020 13:45;202;108;94
19.05.2020 14:00;201;99;102
19.05.2020 14:15;206;100;106
19.05.2020 14:30;181;77;104
19.05.2020 14:45;194;100;94
19.05.2020 15:00;181;92;89
19.05.2020 15:15;231;98;133
19.05.2020 15:30;183;85;98
19.05.2020 15:45;205;94;111
19.05.2020 16:00;238;119;119
19.05.2020 16:15;205;91;114
19.05.2020 16:30;230;105;125
19.05.2020 16:45;243;109;134
19.05.2020 17:00;275;128;147
19.05.2020 17:15;282;141;141
19.05.2020 17:30;233;115;118
19.05.2020 17:45;267;122;145
19.05.2020 18:00;221;92;129
19.05.2020 18:15;180;70;110
19.05.2020 18:30;202;82;120
19.05.2020 18:45;202;102;100
19.05.2020 19:00;190;90;100
19.05.2020 19:15;179;85;94
19.05.2020 19:30;142;57;85
19.05.2020 19:45;131;65;66
19.05.2020 20:00;108;51;57
19.05.2020 20:15;94;32;62
19.05.2020 20:30;104;42;62
19.05.2020 20:45;96;40;56
19.05.2020 21:00;57;27;30
19.05.2020 21:15;70;27;43
19.05.2020 21:30;47;20;27
19.05.2020 21:45;70;36;34
19.05.2020 22:00;49;20;29
19.05.2020 22:15;44;16;28
19.05.2020 22:30;34;19;15
19.05.2020 22:45;20;5;15
19.05.2020 23:00;20;8;12
19.05.2020 23:15;31;12;19
19.05.2020 23:30;20;11;9
19.05.2020 23:45;11;4;7
20.05.2020 00:00;13;1;12
20.05.2020 00:15;12;3;9
20.05.2020 00:30;4;1;3
20.05.2020 00:45;7;3;4
20.05.2020 01:00;13;7;6
20.05.2020 01:15;3;0;3
20.05.2020 01:30;4;3;1
20.05.2020 01:45;12;6;6
20.05.2020 02:00;3;0;3
20.05.2020 02:15;7;3;4
20.05.2020 02:30;0;0;0
20.05.2020 02:45;4;2;2
20.05.2020 03:00;0;0;0
20.05.2020 03:15;2;1;1
20.05.2020 03:30;0;0;0
20.05.2020 03:45;1;1;0
20.05.2020 04:00;1;1;0
20.05.2020 04:15;2;2;0
20.05.2020 04:30;5;2;3
20.05.2020 04:45;2;2;0
20.05.2020 05:00;5;3;2
20.05.2020 05:15;8;5;3
20.05.2020 05:30;11;4;7
20.05.2020 05:45;31;21;10
20.05.2020 06:00;28;22;6
20.05.2020 06:15;44;32;12
20.05.2020 06:30;39;19;20
20.05.2020 06:45;65;44;21
20.05.2020 07:00;55;36;19
20.05.2020 07:15;114;61;53
20.05.2020 07:30;149;98;51
20.05.2020 07:45;155;91;64
20.05.2020 08:00;146;84;62
20.05.2020 08:15;126;81;45
20.05.2020 08:30;160;107;53
20.05.2020 08:45;144;90;54
20.05.2020 09:00;97;58;39
20.05.2020 09:15;119;73;46
20.05.2020 09:30;119;67;52
20.05.2020 09:45;130;78;52
20.05.2020 10:00;107;65;42
20.05.2020 10:15;124;71;53
20.05.2020 10:30;110;56;54
20.05.2020 10:45;128;68;60
20.05.2020 11:00;139;63;76
20.05.2020 11:15;155;91;64
20.05.2020 11:30;141;77;64
20.05.2020 11:45;147;72;75
20.05.2020 12:00;163;78;85
20.05.2020 12:15;190;95;95
20.05.2020 12:30;139;64;75
20.05.2020 12:45;180;94;86
20.05.2020 13:00;210;89;121
20.05.2020 13:15;157;85;72
20.05.2020 13:30;183;88;95
20.05.2020 13:45;185;98;87
20.05.2020 14:00;186;92;94
20.05.2020 14:15;181;98;83
20.05.2020 14:30;183;76;107
20.05.2020 14:45;210;114;96
20.05.2020 15:00;216;102;114
20.05.2020 15:15;204;105;99
20.05.2020 15:30;206;92;114
20.05.2020 15:45;207;90;117
20.05.2020 16:00;261;120;141
20.05.2020 16:15;236;103;133
20.05.2020 16:30;191;79;112
20.05.2020 16:45;270;120;150
20.05.2020 17:00;237;94;143
20.05.2020 17:15;244;108;136
20.05.2020 17:30;245;117;128
20.05.2020 17:45;241;95;146
20.05.2020 18:00;213;91;122
20.05.2020 18:15;230;110;120
20.05.2020 18:30;206;76;130
20.05.2020 18:45;178;72;106
20.05.2020 19:00;164;78;86
20.05.2020 19:15;143;65;78
20.05.2020 19:30;154;87;67
20.05.2020 19:45;126;57;69
20.05.2020 20:00;115;45;70
20.05.2020 20:15;107;58;49
20.05.2020 20:30;112;63;49
20.05.2020 20:45;115;60;55
20.05.2020 21:00;78;42;36
20.05.2020 21:15;66;26;40
20.05.2020 21:30;77;34;43
20.05.2020 21:45;57;22;35
20.05.2020 22:00;52;26;26
20.05.2020 22:15;35;14;21
20.05.2020 22:30;38;9;29
20.05.2020 22:45;39;14;25
20.05.2020 23:00;24;13;11
20.05.2020 23:15;33;8;25
20.05.2020 23:30;39;20;19
20.05.2020 23:45;32;14;18
21.05.2020 00:00;42;20;22
21.05.2020 00:15;42;15;27
21.05.2020 00:30;33;17;16
21.05.2020 00:45;30;9;21
21.05.2020 01:00;25;13;12
21.05.2020 01:15;19;9;10
21.05.2020 01:30;20;7;13
21.05.2020 01:45;7;2;5
21.05.2020 02:00;13;5;8
21.05.2020 02:15;6;2;4
21.05.2020 02:30;9;3;6
21.05.2020 02:45;6;3;3
21.05.2020 03:00;7;2;5
21.05.2020 03:15;3;0;3
21.05.2020 03:30;0;0;0
21.05.2020 03:45;0;0;0
21.05.2020 04:00;8;5;3
21.05.2020 04:15;4;2;2
21.05.2020 04:30;2;2;0
21.05.2020 04:45;2;2;0
21.05.2020 05:00;0;0;0
21.05.2020 05:15;1;1;0
21.05.2020 05:30;5;2;3
21.05.2020 05:45;2;0;2
21.05.2020 06:00;7;2;5
21.05.2020 06:15;6;6;0
21.05.2020 06:30;8;5;3
21.05.2020 06:45;14;3;11
21.05.2020 07:00;9;6;3
21.05.2020 07:15;14;8;6
21.05.2020 07:30;14;4;10
21.05.2020 07:45;16;7;9
21.05.2020 08:00;14;5;9
21.05.2020 08:15;32;9;23
21.05.2020 08:30;30;10;20
21.05.2020 08:45;44;19;25
21.05.2020 09:00;46;20;26
21.05.2020 09:15;48;21;27
21.05.2020 09:30;62;27;35
21.05.2020 09:45;78;41;37
21.05.2020 10:00;67;21;46
21.05.2020 10:15;52;22;30
21.05.2020 10:30;91;30;61
21.05.2020 10:45;111;46;65
21.05.2020 11:00;125;37;88
21.05.2020 11:15;130;55;75
21.05.2020 11:30;117;52;65
21.05.2020 11:45;123;58;65
21.05.2020 12:00;120;39;81
21.05.2020 12:15;113;61;52
21.05.2020 12:30;108;33;75
21.05.2020 12:45;137;64;73
21.05.2020 13:00;148;67;81
21.05.2020 13:15;136;58;78
21.05.2020 13:30;131;72;59
21.05.2020 13:45;132;69;63
21.05.2020 14:00;190;108;82
21.05.2020 14:15;139;68;71
21.05.2020 14:30;174;75;99
21.05.2020 14:45;168;76;92
21.05.2020 15:00;123;63;60
21.05.2020 15:15;124;51;73
21.05.2020 15:30;154;66;88
21.05.2020 15:45;142;54;88
21.05.2020 16:00;179;96;83
21.05.2020 16:15;133;69;64
21.05.2020 16:30;157;78;79
21.05.2020 16:45;172;80;92
21.05.2020 17:00;153;74;79
21.05.2020 17:15;165;100;65
21.05.2020 17:30;162;79;83
21.05.2020 17:45;178;110;68
21.05.2020 18:00;206;124;82
21.05.2020 18:15;145;83;62
21.05.2020 18:30;164;93;71
21.05.2020 18:45;145;87;58
21.05.2020 19:00;162;109;53
21.05.2020 19:15;160;87;73
21.05.2020 19:30;135;65;70
21.05.2020 19:45;103;55;48
21.05.2020 20:00;130;73;57
21.05.2020 20:15;128;66;62
21.05.2020 20:30;133;88;45
21.05.2020 20:45;86;52;34
21.05.2020 21:00;82;56;26
21.05.2020 21:15;49;23;26
21.05.2020 21:30;89;37;52
21.05.2020 21:45;72;33;39
21.05.2020 22:00;58;30;28
21.05.2020 22:15;58;21;37
21.05.2020 22:30;48;16;32
21.05.2020 22:45;28;18;10
21.05.2020 23:00;32;14;18
21.05.2020 23:15;29;18;11
21.05.2020 23:30;26;13;13
21.05.2020 23:45;40;18;22
22.05.2020 00:00;45;29;16
22.05.2020 00:15;28;13;15
22.05.2020 00:30;15;8;7
22.05.2020 00:45;12;7;5
22.05.2020 01:00;11;3;8
22.05.2020 01:15;14;8;6
22.05.2020 01:30;14;7;7
22.05.2020 01:45;7;3;4
22.05.2020 02:00;3;3;0
22.05.2020 02:15;7;6;1
22.05.2020 02:30;3;1;2
22.05.2020 02:45;6;1;5
22.05.2020 03:00;3;2;1
22.05.2020 03:15;4;1;3
22.05.2020 03:30;6;2;4
22.05.2020 03:45;1;1;0
22.05.2020 04:00;3;1;2
22.05.2020 04:15;1;0;1
22.05.2020 04:30;11;9;2
22.05.2020 04:45;7;5;2
22.05.2020 05:00;6;3;3
22.05.2020 05:15;2;1;1
22.05.2020 05:30;8;6;2
22.05.2020 05:45;14;8;6
22.05.2020 06:00;17;14;3
22.05.2020 06:15;22;16;6
22.05.2020 06:30;22;13;9
22.05.2020 06:45;40;20;20
22.05.2020 07:00;51;28;23
22.05.2020 07:15;56;30;26
22.05.2020 07:30;83;55;28
22.05.2020 07:45;90;49;41
22.05.2020 08:00;66;43;23
22.05.2020 08:15;85;51;34
22.05.2020 08:30;109;80;29
22.05.2020 08:45;133;89;44
22.05.2020 09:00;102;48;54
22.05.2020 09:15;138;81;57
22.05.2020 09:30;124;83;41
22.05.2020 09:45;152;101;51
22.05.2020 10:00;184;106;78
22.05.2020 10:15;182;104;78
22.05.2020 10:30;170;90;80
22.05.2020 10:45;179;97;82
22.05.2020 11:00;190;105;85
22.05.2020 11:15;180;90;90
22.05.2020 11:30;177;99;78
22.05.2020 11:45;189;96;93
22.05.2020 12:00;187;88;99
22.05.2020 12:15;182;87;95
22.05.2020 12:30;177;95;82
22.05.2020 12:45;198;110;88
22.05.2020 13:00;159;74;85
22.05.2020 13:15;218;97;121
22.05.2020 13:30;172;77;95
22.05.2020 13:45;198;93;105
22.05.2020 14:00;190;97;93
22.05.2020 14:15;217;120;97
22.05.2020 14:30;191;100;91
22.05.2020 14:45;233;109;124
22.05.2020 15:00;194;85;109
22.05.2020 15:15;193;105;88
22.05.2020 15:30;216;113;103
22.05.2020 15:45;237;117;120
22.05.2020 16:00;223;106;117
22.05.2020 16:15;237;86;151
22.05.2020 16:30;197;93;104
22.05.2020 16:45;186;75;111
22.05.2020 17:00;196;93;103
22.05.2020 17:15;218;111;107
22.05.2020 17:30;191;93;98
22.05.2020 17:45;212;97;115
22.05.2020 18:00;216;97;119
22.05.2020 18:15;219;88;131
22.05.2020 18:30;199;81;118
22.05.2020 18:45;190;102;88
22.05.2020 19:00;139;56;83
22.05.2020 19:15;130;55;75
22.05.2020 19:30;129;67;62
22.05.2020 19:45;94;44;50
22.05.2020 20:00;93;42;51
22.05.2020 20:15;85;39;46
22.05.2020 20:30;82;33;49
22.05.2020 20:45;77;35;42
22.05.2020 21:00;56;25;31
22.05.2020 21:15;73;38;35
22.05.2020 21:30;70;21;49
22.05.2020 21:45;61;30;31
22.05.2020 22:00;31;11;20
22.05.2020 22:15;30;10;20
22.05.2020 22:30;38;21;17
22.05.2020 22:45;45;22;23
22.05.2020 23:00;29;11;18
22.05.2020 23:15;30;13;17
22.05.2020 23:30;38;19;19
22.05.2020 23:45;35;15;20
23.05.2020 00:00;32;21;11
23.05.2020 00:15;45;21;24
23.05.2020 00:30;19;9;10
23.05.2020 00:45;17;5;12
23.05.2020 01:00;26;18;8
23.05.2020 01:15;20;9;11
23.05.2020 01:30;24;13;11
23.05.2020 01:45;18;13;5
23.05.2020 02:00;14;5;9
23.05.2020 02:15;12;8;4
23.05.2020 02:30;8;4;4
23.05.2020 02:45;9;6;3
23.05.2020 03:00;13;11;2
23.05.2020 03:15;3;1;2
23.05.2020 03:30;2;1;1
23.05.2020 03:45;5;1;4
23.05.2020 04:00;0;0;0
23.05.2020 04:15;1;1;0
23.05.2020 04:30;3;2;1
23.05.2020 04:45;2;0;2
23.05.2020 05:00;1;1;0
23.05.2020 05:15;3;1;2
23.05.2020 05:30;7;4;3
23.05.2020 05:45;6;5;1
23.05.2020 06:00;7;5;2
23.05.2020 06:15;15;12;3
23.05.2020 06:30;12;6;6
23.05.2020 06:45;19;10;9
23.05.2020 07:00;9;5;4
23.05.2020 07:15;13;5;8
23.05.2020 07:30;24;12;12
23.05.2020 07:45;24;14;10
23.05.2020 08:00;22;12;10
23.05.2020 08:15;31;14;17
23.05.2020 08:30;43;25;18
23.05.2020 08:45;58;23;35
23.05.2020 09:00;48;37;11
23.05.2020 09:15;58;25;33
23.05.2020 09:30;82;47;35
23.05.2020 09:45;108;58;50
23.05.2020 10:00;72;38;34
23.05.2020 10:15;69;37;32
23.05.2020 10:30;69;35;34
23.05.2020 10:45;97;46;51
23.05.2020 11:00;91;59;32
23.05.2020 11:15;95;54;41
23.05.2020 11:30;117;61;56
23.05.2020 11:45;115;60;55
23.05.2020 12:00;104;51;53
23.05.2020 12:15;145;84;61
23.05.2020 12:30;145;76;69
23.05.2020 12:45;130;69;61
23.05.2020 13:00;72;27;45
23.05.2020 13:15;62;29;33
23.05.2020 13:30;44;23;21
23.05.2020 13:45;46;21;25
23.05.2020 14:00;45;23;22
23.05.2020 14:15;66;21;45
23.05.2020 14:30;51;28;23
23.05.2020 14:45;45;22;23
23.05.2020 15:00;49;21;28
23.05.2020 15:15;36;20;16
23.05.2020 15:30;45;22;23
23.05.2020 15:45;58;22;36
23.05.2020 16:00;29;11;18
23.05.2020 16:15;39;13;26
23.05.2020 16:30;38;16;22
23.05.2020 16:45;41;15;26
23.05.2020 17:00;44;29;15
23.05.2020 17:15;30;11;19
23.05.2020 17:30;39;14;25
23.05.2020 17:45;51;23;28
23.05.2020 18:00;39;15;24
23.05.2020 18:15;44;15;29
23.05.2020 18:30;34;19;15
23.05.2020 18:45;38;15;23
23.05.2020 19:00;32;12;20
23.05.2020 19:15;35;14;21
23.05.2020 19:30;48;25;23
23.05.2020 19:45;27;10;17
23.05.2020 20:00;33;16;17
23.05.2020 20:15;27;14;13
23.05.2020 20:30;30;23;7
23.05.2020 20:45;46;22;24
23.05.2020 21:00;32;19;13
23.05.2020 21:15;33;16;17
23.05.2020 21:30;32;15;17
23.05.2020 21:45;18;9;9
23.05.2020 22:00;21;10;11
23.05.2020 22:15;23;11;12
23.05.2020 22:30;18;8;10
23.05.2020 22:45;18;7;11
23.05.2020 23:00;13;4;9
23.05.2020 23:15;25;13;12
23.05.2020 23:30;10;4;6
23.05.2020 23:45;21;13;8
24.05.2020 00:00;13;2;11
24.05.2020 00:15;10;6;4
24.05.2020 00:30;10;4;6
24.05.2020 00:45;19;6;13
24.05.2020 01:00;16;7;9
24.05.2020 01:15;6;3;3
24.05.2020 01:30;7;3;4
24.05.2020 01:45;10;4;6
24.05.2020 02:00;8;6;2
24.05.2020 02:15;5;1;4
24.05.2020 02:30;8;8;0
24.05.2020 02:45;8;4;4
24.05.2020 03:00;4;3;1
24.05.2020 03:15;2;1;1
24.05.2020 03:30;2;2;0
24.05.2020 03:45;0;0;0
24.05.2020 04:00;6;2;4
24.05.2020 04:15;2;1;1
24.05.2020 04:30;4;4;0
24.05.2020 04:45;0;0;0
24.05.2020 05:00;1;0;1
24.05.2020 05:15;1;0;1
24.05.2020 05:30;6;2;4
24.05.2020 05:45;6;2;4
24.05.2020 06:00;6;4;2
24.05.2020 06:15;10;8;2
24.05.2020 06:30;5;3;2
24.05.2020 06:45;8;3;5
24.05.2020 07:00;7;5;2
24.05.2020 07:15;9;5;4
24.05.2020 07:30;6;3;3
24.05.2020 07:45;15;11;4
24.05.2020 08:00;15;8;7
24.05.2020 08:15;14;4;10
24.05.2020 08:30;22;11;11
24.05.2020 08:45;20;10;10
24.05.2020 09:00;28;16;12
24.05.2020 09:15;43;15;28
24.05.2020 09:30;51;25;26
24.05.2020 09:45;65;26;39
24.05.2020 10:00;51;16;35
24.05.2020 10:15;55;24;31
24.05.2020 10:30;53;27;26
24.05.2020 10:45;76;30;46
24.05.2020 11:00;67;19;48
24.05.2020 11:15;69;27;42
24.05.2020 11:30;83;40;43
24.05.2020 11:45;80;33;47
24.05.2020 12:00;114;39;75
24.05.2020 12:15;88;52;36
24.05.2020 12:30;85;40;45
24.05.2020 12:45;99;62;37
24.05.2020 13:00;44;15;29
24.05.2020 13:15;58;28;30
24.05.2020 13:30;69;33;36
24.05.2020 13:45;105;45;60
24.05.2020 14:00;115;52;63
24.05.2020 14:15;69;39;30
24.05.2020 14:30;98;46;52
24.05.2020 14:45;100;40;60
24.05.2020 15:00;129;62;67
24.05.2020 15:15;100;57;43
24.05.2020 15:30;128;77;51
24.05.2020 15:45;103;59;44
24.05.2020 16:00;141;100;41
24.05.2020 16:15;106;63;43
24.05.2020 16:30;117;63;54
24.05.2020 16:45;124;69;55
24.05.2020 17:00;116;53;63
24.05.2020 17:15;122;62;60
24.05.2020 17:30;105;58;47
24.05.2020 17:45;97;59;38
24.05.2020 18:00;118;56;62
24.05.2020 18:15;115;58;57
24.05.2020 18:30;113;65;48
24.05.2020 18:45;133;79;54
24.05.2020 19:00;117;71;46
24.05.2020 19:15;80;35;45
24.05.2020 19:30;95;50;45
24.05.2020 19:45;78;47;31
24.05.2020 20:00;97;47;50
24.05.2020 20:15;54;30;24
24.05.2020 20:30;61;34;27
24.05.2020 20:45;44;18;26
24.05.2020 21:00;57;25;32
24.05.2020 21:15;32;10;22
24.05.2020 21:30;32;15;17
24.05.2020 21:45;30;12;18
24.05.2020 22:00;50;20;30
24.05.2020 22:15;26;12;14
24.05.2020 22:30;15;7;8
24.05.2020 22:45;27;14;13
24.05.2020 23:00;16;5;11
24.05.2020 23:15;19;8;11
24.05.2020 23:30;8;3;5
24.05.2020 23:45;8;8;0
25.05.2020 00:00;8;1;7
25.05.2020 00:15;10;4;6
25.05.2020 00:30;10;3;7
25.05.2020 00:45;8;5;3
25.05.2020 01:00;9;2;7
25.05.2020 01:15;3;3;0
25.05.2020 01:30;5;5;0
25.05.2020 01:45;4;2;2
25.05.2020 02:00;0;0;0
25.05.2020 02:15;3;2;1
25.05.2020 02:30;1;0;1
25.05.2020 02:45;0;0;0
25.05.2020 03:00;1;0;1
25.05.2020 03:15;0;0;0
25.05.2020 03:30;1;1;0
25.05.2020 03:45;2;1;1
25.05.2020 04:00;1;1;0
25.05.2020 04:15;1;1;0
25.05.2020 04:30;2;0;2
25.05.2020 04:45;2;2;0
25.05.2020 05:00;2;2;0
25.05.2020 05:15;7;2;5
25.05.2020 05:30;15;8;7
25.05.2020 05:45;26;15;11
25.05.2020 06:00;31;21;10
25.05.2020 06:15;39;26;13
25.05.2020 06:30;57;33;24
25.05.2020 06:45;66;43;23
25.05.2020 07:00;55;31;24
25.05.2020 07:15;106;58;48
25.05.2020 07:30;167;112;55
25.05.2020 07:45;155;95;60
25.05.2020 08:00;133;83;50
25.05.2020 08:15;126;81;45
25.05.2020 08:30;136;82;54
25.05.2020 08:45;176;105;71
25.05.2020 09:00;133;76;57
25.05.2020 09:15;148;87;61
25.05.2020 09:30;106;63;43
25.05.2020 09:45;115;72;43
25.05.2020 10:00;90;46;44
25.05.2020 10:15;111;57;54
25.05.2020 10:30;127;76;51
25.05.2020 10:45;134;84;50
25.05.2020 11:00;128;58;70
25.05.2020 11:15;108;52;56
25.05.2020 11:30;151;78;73
25.05.2020 11:45;112;57;55
25.05.2020 12:00;167;80;87
25.05.2020 12:15;142;66;76
25.05.2020 12:30;154;61;93
25.05.2020 12:45;164;84;80
25.05.2020 13:00;211;78;133
25.05.2020 13:15;155;79;76
25.05.2020 13:30;176;78;98
25.05.2020 13:45;187;101;86
25.05.2020 14:00;159;79;80
25.05.2020 14:15;152;81;71
25.05.2020 14:30;184;83;101
25.05.2020 14:45;178;85;93
25.05.2020 15:00;157;81;76
25.05.2020 15:15;185;105;80
25.05.2020 15:30;178;95;83
25.05.2020 15:45;162;83;79
25.05.2020 16:00;198;110;88
25.05.2020 16:15;215;101;114
25.05.2020 16:30;165;67;98
25.05.2020 16:45;199;87;112
25.05.2020 17:00;215;104;111
25.05.2020 17:15;240;106;134
25.05.2020 17:30;209;98;111
25.05.2020 17:45;215;86;129
25.05.2020 18:00;232;95;137
25.05.2020 18:15;203;67;136
25.05.2020 18:30;166;71;95
25.05.2020 18:45;157;67;90
25.05.2020 19:00;154;80;74
25.05.2020 19:15;126;60;66
25.05.2020 19:30;126;63;63
25.05.2020 19:45;104;50;54
25.05.2020 20:00;119;48;71
25.05.2020 20:15;73;27;46
25.05.2020 20:30;85;47;38
25.05.2020 20:45;82;36;46
25.05.2020 21:00;72;34;38
25.05.2020 21:15;59;21;38
25.05.2020 21:30;70;26;44
25.05.2020 21:45;52;31;21
25.05.2020 22:00;42;16;26
25.05.2020 22:15;31;14;17
25.05.2020 22:30;26;8;18
25.05.2020 22:45;26;17;9
25.05.2020 23:00;20;7;13
25.05.2020 23:15;22;9;13
25.05.2020 23:30;12;4;8
25.05.2020 23:45;29;15;14
26.05.2020 00:00;13;7;6
26.05.2020 00:15;8;7;1
26.05.2020 00:30;14;2;12
26.05.2020 00:45;11;6;5
26.05.2020 01:00;2;0;2
26.05.2020 01:15;5;3;2
26.05.2020 01:30;5;5;0
26.05.2020 01:45;7;5;2
26.05.2020 02:00;4;2;2
26.05.2020 02:15;0;0;0
26.05.2020 02:30;1;1;0
26.05.2020 02:45;1;0;1
26.05.2020 03:00;0;0;0
26.05.2020 03:15;2;2;0
26.05.2020 03:30;2;2;0
26.05.2020 03:45;3;1;2
26.05.2020 04:00;2;2;0
26.05.2020 04:15;1;1;0
26.05.2020 04:30;1;0;1
26.05.2020 04:45;4;2;2
26.05.2020 05:00;6;5;1
26.05.2020 05:15;6;1;5
26.05.2020 05:30;12;8;4
26.05.2020 05:45;31;22;9
26.05.2020 06:00;25;14;11
26.05.2020 06:15;45;31;14
26.05.2020 06:30;53;29;24
26.05.2020 06:45;68;33;35
26.05.2020 07:00;74;39;35
26.05.2020 07:15;100;62;38
26.05.2020 07:30;155;98;57
26.05.2020 07:45;173;109;64
26.05.2020 08:00;144;85;59
26.05.2020 08:15;146;98;48
26.05.2020 08:30;153;107;46
26.05.2020 08:45;184;110;74
26.05.2020 09:00;120;53;67
26.05.2020 09:15;123;67;56
26.05.2020 09:30;141;85;56
26.05.2020 09:45;132;84;48
26.05.2020 10:00;116;68;48
26.05.2020 10:15;114;63;51
26.05.2020 10:30;132;71;61
26.05.2020 10:45;151;82;69
26.05.2020 11:00;165;90;75
26.05.2020 11:15;159;88;71
26.05.2020 11:30;162;92;70
26.05.2020 11:45;155;80;75
26.05.2020 12:00;164;75;89
26.05.2020 12:15;171;85;86
26.05.2020 12:30;173;86;87
26.05.2020 12:45;204;98;106
26.05.2020 13:00;182;82;100
26.05.2020 13:15;162;73;89
26.05.2020 13:30;195;92;103
26.05.2020 13:45;213;116;97
26.05.2020 14:00;187;90;97
26.05.2020 14:15;188;87;101
26.05.2020 14:30;182;102;80
26.05.2020 14:45;236;123;113
26.05.2020 15:00;185;109;76
26.05.2020 15:15;173;83;90
26.05.2020 15:30;215;103;112
26.05.2020 15:45;229;116;113
26.05.2020 16:00;238;117;121
26.05.2020 16:15;194;99;95
26.05.2020 16:30;213;98;115
26.05.2020 16:45;230;106;124
26.05.2020 17:00;254;117;137
26.05.2020 17:15;237;103;134
26.05.2020 17:30;264;119;145
26.05.2020 17:45;272;105;167
26.05.2020 18:00;233;108;125
26.05.2020 18:15;246;107;139
26.05.2020 18:30;220;99;121
26.05.2020 18:45;175;96;79
26.05.2020 19:00;177;79;98
26.05.2020 19:15;139;67;72
26.05.2020 19:30;146;75;71
26.05.2020 19:45;129;52;77
26.05.2020 20:00;135;77;58
26.05.2020 20:15;130;61;69
26.05.2020 20:30;108;41;67
26.05.2020 20:45;95;48;47
26.05.2020 21:00;69;17;52
26.05.2020 21:15;88;36;52
26.05.2020 21:30;74;39;35
26.05.2020 21:45;46;21;25
26.05.2020 22:00;74;19;55
26.05.2020 22:15;36;19;17
26.05.2020 22:30;62;29;33
26.05.2020 22:45;34;14;20
26.05.2020 23:00;23;13;10
26.05.2020 23:15;15;8;7
26.05.2020 23:30;28;11;17
26.05.2020 23:45;17;8;9
27.05.2020 00:00;18;5;13
27.05.2020 00:15;23;9;14
27.05.2020 00:30;15;7;8
27.05.2020 00:45;14;4;10
27.05.2020 01:00;1;0;1
27.05.2020 01:15;5;5;0
27.05.2020 01:30;10;2;8
27.05.2020 01:45;3;3;0
27.05.2020 02:00;0;0;0
27.05.2020 02:15;5;3;2
27.05.2020 02:30;4;1;3
27.05.2020 02:45;6;3;3
27.05.2020 03:00;0;0;0
27.05.2020 03:15;3;3;0
27.05.2020 03:30;3;0;3
27.05.2020 03:45;1;1;0
27.05.2020 04:00;2;1;1
27.05.2020 04:15;4;4;0
27.05.2020 04:30;2;0;2
27.05.2020 04:45;7;5;2
27.05.2020 05:00;6;4;2
27.05.2020 05:15;6;3;3
27.05.2020 05:30;13;10;3
27.05.2020 05:45;24;16;8
27.05.2020 06:00;28;22;6
27.05.2020 06:15;42;25;17
27.05.2020 06:30;51;31;20
27.05.2020 06:45;64;37;27
27.05.2020 07:00;81;46;35
27.05.2020 07:15;111;59;52
27.05.2020 07:30;165;93;72
27.05.2020 07:45;187;110;77
27.05.2020 08:00;148;85;63
27.05.2020 08:15;126;65;61
27.05.2020 08:30;121;81;40
27.05.2020 08:45;164;96;68
27.05.2020 09:00;114;70;44
27.05.2020 09:15;136;91;45
27.05.2020 09:30;113;69;44
27.05.2020 09:45;133;86;47
27.05.2020 10:00;99;68;31
27.05.2020 10:15;133;78;55
27.05.2020 10:30;137;76;61
27.05.2020 10:45;143;79;64
27.05.2020 11:00;118;64;54
27.05.2020 11:15;187;90;97
27.05.2020 11:30;153;69;84
27.05.2020 11:45;175;94;81
27.05.2020 12:00;153;73;80
27.05.2020 12:15;156;62;94
27.05.2020 12:30;165;82;83
27.05.2020 12:45;214;105;109
27.05.2020 13:00;179;77;102
27.05.2020 13:15;184;84;100
27.05.2020 13:30;177;85;92
27.05.2020 13:45;205;93;112
27.05.2020 14:00;218;114;104
27.05.2020 14:15;182;100;82
27.05.2020 14:30;191;87;104
27.05.2020 14:45;212;111;101
27.05.2020 15:00;221;102;119
27.05.2020 15:15;213;110;103
27.05.2020 15:30;201;85;116
27.05.2020 15:45;228;106;122
27.05.2020 16:00;254;136;118
27.05.2020 16:15;217;109;108
27.05.2020 16:30;236;100;136
27.05.2020 16:45;226;101;125
27.05.2020 17:00;262;119;143
27.05.2020 17:15;278;121;157
27.05.2020 17:30;238;96;142
27.05.2020 17:45;242;114;128
27.05.2020 18:00;293;134;159
27.05.2020 18:15;239;105;134
27.05.2020 18:30;249;98;151
27.05.2020 18:45;240;105;135
27.05.2020 19:00;187;91;96
27.05.2020 19:15;156;75;81
27.05.2020 19:30;148;69;79
27.05.2020 19:45;142;60;82
27.05.2020 20:00;153;74;79
27.05.2020 20:15;137;56;81
27.05.2020 20:30;126;62;64
27.05.2020 20:45;97;53;44
27.05.2020 21:00;140;63;77
27.05.2020 21:15;118;54;64
27.05.2020 21:30;89;42;47
27.05.2020 21:45;97;38;59
27.05.2020 22:00;64;21;43
27.05.2020 22:15;46;16;30
27.05.2020 22:30;58;27;31
27.05.2020 22:45;46;26;20
27.05.2020 23:00;61;27;34
27.05.2020 23:15;32;13;19
27.05.2020 23:30;32;10;22
27.05.2020 23:45;38;13;25
28.05.2020 00:00;20;10;10
28.05.2020 00:15;15;7;8
28.05.2020 00:30;19;8;11
28.05.2020 00:45;11;3;8
28.05.2020 01:00;12;8;4
28.05.2020 01:15;8;3;5
28.05.2020 01:30;5;1;4
28.05.2020 01:45;11;6;5
28.05.2020 02:00;4;2;2
28.05.2020 02:15;6;1;5
28.05.2020 02:30;1;0;1
28.05.2020 02:45;2;2;0
28.05.2020 03:00;3;3;0
28.05.2020 03:15;1;1;0
28.05.2020 03:30;0;0;0
28.05.2020 03:45;3;0;3
28.05.2020 04:00;1;1;0
28.05.2020 04:15;3;3;0
28.05.2020 04:30;6;1;5
28.05.2020 04:45;7;5;2
28.05.2020 05:00;0;0;0
28.05.2020 05:15;4;1;3
28.05.2020 05:30;14;9;5
28.05.2020 05:45;16;7;9
28.05.2020 06:00;26;20;6
28.05.2020 06:15;28;22;6
28.05.2020 06:30;53;29;24
28.05.2020 06:45;64;36;28
28.05.2020 07:00;65;32;33
28.05.2020 07:15;78;43;35
28.05.2020 07:30;146;86;60
28.05.2020 07:45;183;99;84
28.05.2020 08:00;165;95;70
28.05.2020 08:15;145;86;59
28.05.2020 08:30;163;105;58
28.05.2020 08:45;166;93;73
28.05.2020 09:00;115;61;54
28.05.2020 09:15;114;64;50
28.05.2020 09:30;112;60;52
28.05.2020 09:45;117;72;45
28.05.2020 10:00;114;70;44
28.05.2020 10:15;136;88;48
28.05.2020 10:30;139;87;52
28.05.2020 10:45;153;92;61
28.05.2020 11:00;153;87;66
28.05.2020 11:15;118;65;53
28.05.2020 11:30;133;70;63
28.05.2020 11:45;149;66;83
28.05.2020 12:00;183;87;96
28.05.2020 12:15;166;89;77
28.05.2020 12:30;154;83;71
28.05.2020 12:45;176;73;103
28.05.2020 13:00;182;88;94
28.05.2020 13:15;181;91;90
28.05.2020 13:30;192;107;85
28.05.2020 13:45;195;78;117
28.05.2020 14:00;195;102;93
28.05.2020 14:15;168;79;89
28.05.2020 14:30;182;100;82
28.05.2020 14:45;185;93;92
28.05.2020 15:00;180;85;95
28.05.2020 15:15;183;95;88
28.05.2020 15:30;188;78;110
28.05.2020 15:45;224;115;109
28.05.2020 16:00;213;105;108
28.05.2020 16:15;161;65;96
28.05.2020 16:30;196;87;109
28.05.2020 16:45;241;117;124
28.05.2020 17:00;222;91;131
28.05.2020 17:15;227;118;109
28.05.2020 17:30;219;110;109
28.05.2020 17:45;240;125;115
28.05.2020 18:00;226;95;131
28.05.2020 18:15;211;76;135
28.05.2020 18:30;181;96;85
28.05.2020 18:45;193;89;104
28.05.2020 19:00;169;85;84
28.05.2020 19:15;143;60;83
28.05.2020 19:30;137;74;63
28.05.2020 19:45;143;80;63
28.05.2020 20:00;117;68;49
28.05.2020 20:15;116;43;73
28.05.2020 20:30;83;43;40
28.05.2020 20:45;82;37;45
28.05.2020 21:00;76;28;48
28.05.2020 21:15;81;39;42
28.05.2020 21:30;76;23;53
28.05.2020 21:45;48;20;28
28.05.2020 22:00;51;18;33
28.05.2020 22:15;83;30;53
28.05.2020 22:30;62;22;40
28.05.2020 22:45;50;23;27
28.05.2020 23:00;43;20;23
28.05.2020 23:15;50;21;29
28.05.2020 23:30;42;14;28
28.05.2020 23:45;25;6;19
29.05.2020 00:00;25;11;14
29.05.2020 00:15;27;16;11
29.05.2020 00:30;25;11;14
29.05.2020 00:45;15;4;11
29.05.2020 01:00;11;3;8
29.05.2020 01:15;9;3;6
29.05.2020 01:30;9;4;5
29.05.2020 01:45;10;7;3
29.05.2020 02:00;4;3;1
29.05.2020 02:15;5;3;2
29.05.2020 02:30;3;3;0
29.05.2020 02:45;1;1;0
29.05.2020 03:00;3;1;2
29.05.2020 03:15;3;1;2
29.05.2020 03:30;0;0;0
29.05.2020 03:45;2;2;0
29.05.2020 04:00;5;4;1
29.05.2020 04:15;1;0;1
29.05.2020 04:30;2;2;0
29.05.2020 04:45;0;0;0
29.05.2020 05:00;5;4;1
29.05.2020 05:15;6;3;3
29.05.2020 05:30;15;8;7
29.05.2020 05:45;12;9;3
29.05.2020 06:00;31;20;11
29.05.2020 06:15;31;20;11
29.05.2020 06:30;50;29;21
29.05.2020 06:45;53;29;24
29.05.2020 07:00;68;36;32
29.05.2020 07:15;84;42;42
29.05.2020 07:30;146;91;55
29.05.2020 07:45;149;90;59
29.05.2020 08:00;124;69;55
29.05.2020 08:15;137;89;48
29.05.2020 08:30;135;77;58
29.05.2020 08:45;170;108;62
29.05.2020 09:00;104;61;43
29.05.2020 09:15;143;85;58
29.05.2020 09:30;127;80;47
29.05.2020 09:45;156;89;67
29.05.2020 10:00;160;99;61
29.05.2020 10:15;154;92;62
29.05.2020 10:30;157;95;62
29.05.2020 10:45;166;72;94
29.05.2020 11:00;157;88;69
29.05.2020 11:15;150;72;78
29.05.2020 11:30;173;84;89
29.05.2020 11:45;187;86;101
29.05.2020 12:00;160;76;84
29.05.2020 12:15;167;81;86
29.05.2020 12:30;185;96;89
29.05.2020 12:45;204;94;110
29.05.2020 13:00;211;87;124
29.05.2020 13:15;216;101;115
29.05.2020 13:30;200;91;109
29.05.2020 13:45;211;88;123
29.05.2020 14:00;205;95;110
29.05.2020 14:15;193;92;101
29.05.2020 14:30;226;108;118
29.05.2020 14:45;215;116;99
29.05.2020 15:00;189;114;75
29.05.2020 15:15;214;101;113
29.05.2020 15:30;196;95;101
29.05.2020 15:45;196;84;112
29.05.2020 16:00;225;112;113
29.05.2020 16:15;169;82;87
29.05.2020 16:30;215;100;115
29.05.2020 16:45;194;109;85
29.05.2020 17:00;205;101;104
29.05.2020 17:15;163;71;92
29.05.2020 17:30;176;84;92
29.05.2020 17:45;224;121;103
29.05.2020 18:00;208;104;104
29.05.2020 18:15;203;78;125
29.05.2020 18:30;171;64;107
29.05.2020 18:45;176;90;86
29.05.2020 19:00;160;63;97
29.05.2020 19:15;147;70;77
29.05.2020 19:30;149;82;67
29.05.2020 19:45;132;61;71
29.05.2020 20:00;128;74;54
29.05.2020 20:15;109;51;58
29.05.2020 20:30;117;57;60
29.05.2020 20:45;105;47;58
29.05.2020 21:00;88;37;51
29.05.2020 21:15;88;36;52
29.05.2020 21:30;87;33;54
29.05.2020 21:45;52;16;36
29.05.2020 22:00;47;17;30
29.05.2020 22:15;43;13;30
29.05.2020 22:30;52;19;33
29.05.2020 22:45;42;14;28
29.05.2020 23:00;45;18;27
29.05.2020 23:15;54;20;34
29.05.2020 23:30;36;13;23
29.05.2020 23:45;50;15;35
30.05.2020 00:00;32;13;19
30.05.2020 00:15;26;14;12
30.05.2020 00:30;36;18;18
30.05.2020 00:45;24;3;21
30.05.2020 01:00;17;8;9
30.05.2020 01:15;18;9;9
30.05.2020 01:30;21;10;11
30.05.2020 01:45;23;12;11
30.05.2020 02:00;18;11;7
30.05.2020 02:15;11;5;6
30.05.2020 02:30;7;2;5
30.05.2020 02:45;15;7;8
30.05.2020 03:00;6;4;2
30.05.2020 03:15;0;0;0
30.05.2020 03:30;4;3;1
30.05.2020 03:45;3;1;2
30.05.2020 04:00;3;3;0
30.05.2020 04:15;5;3;2
30.05.2020 04:30;0;0;0
30.05.2020 04:45;3;1;2
30.05.2020 05:00;2;0;2
30.05.2020 05:15;5;2;3
30.05.2020 05:30;6;3;3
30.05.2020 05:45;10;6;4
30.05.2020 06:00;8;6;2
30.05.2020 06:15;14;9;5
30.05.2020 06:30;8;4;4
30.05.2020 06:45;21;7;14
30.05.2020 07:00;17;9;8
30.05.2020 07:15;14;5;9
30.05.2020 07:30;29;9;20
30.05.2020 07:45;29;8;21
30.05.2020 08:00;42;17;25
30.05.2020 08:15;30;12;18
30.05.2020 08:30;62;28;34
30.05.2020 08:45;78;37;41
30.05.2020 09:00;68;37;31
30.05.2020 09:15;89;57;32
30.05.2020 09:30;111;70;41
30.05.2020 09:45;94;45;49
30.05.2020 10:00;133;85;48
30.05.2020 10:15;117;60;57
30.05.2020 10:30;106;62;44
30.05.2020 10:45;186;99;87
30.05.2020 11:00;156;90;66
30.05.2020 11:15;171;81;90
30.05.2020 11:30;189;105;84
30.05.2020 11:45;164;96;68
30.05.2020 12:00;191;105;86
30.05.2020 12:15;170;100;70
30.05.2020 12:30;170;94;76
30.05.2020 12:45;178;95;83
30.05.2020 13:00;179;101;78
30.05.2020 13:15;151;75;76
30.05.2020 13:30;185;97;88
30.05.2020 13:45;211;82;129
30.05.2020 14:00;185;89;96
30.05.2020 14:15;197;98;99
30.05.2020 14:30;184;106;78
30.05.2020 14:45;224;100;124
30.05.2020 15:00;187;107;80
30.05.2020 15:15;192;104;88
30.05.2020 15:30;221;109;112
30.05.2020 15:45;211;106;105
30.05.2020 16:00;161;81;80
30.05.2020 16:15;161;88;73
30.05.2020 16:30;181;86;95
30.05.2020 16:45;182;84;98
30.05.2020 17:00;184;83;101
30.05.2020 17:15;146;76;70
30.05.2020 17:30;175;88;87
30.05.2020 17:45;153;75;78
30.05.2020 18:00;183;89;94
30.05.2020 18:15;142;69;73
30.05.2020 18:30;150;66;84
30.05.2020 18:45;138;70;68
30.05.2020 19:00;101;40;61
30.05.2020 19:15;111;62;49
30.05.2020 19:30;119;57;62
30.05.2020 19:45;104;35;69
30.05.2020 20:00;105;54;51
30.05.2020 20:15;96;33;63
30.05.2020 20:30;86;37;49
30.05.2020 20:45;75;38;37
30.05.2020 21:00;95;39;56
30.05.2020 21:15;78;38;40
30.05.2020 21:30;63;24;39
30.05.2020 21:45;67;38;29
30.05.2020 22:00;53;28;25
30.05.2020 22:15;49;17;32
30.05.2020 22:30;48;26;22
30.05.2020 22:45;54;16;38
30.05.2020 23:00;46;22;24
30.05.2020 23:15;34;13;21
30.05.2020 23:30;27;11;16
30.05.2020 23:45;42;19;23
31.05.2020 00:00;28;17;11
31.05.2020 00:15;26;9;17
31.05.2020 00:30;14;5;9
31.05.2020 00:45;26;16;10
31.05.2020 01:00;25;17;8
31.05.2020 01:15;37;18;19
31.05.2020 01:30;20;11;9
31.05.2020 01:45;18;6;12
31.05.2020 02:00;12;5;7
31.05.2020 02:15;29;20;9
31.05.2020 02:30;13;7;6
31.05.2020 02:45;8;3;5
31.05.2020 03:00;16;9;7
31.05.2020 03:15;5;0;5
31.05.2020 03:30;6;4;2
31.05.2020 03:45;3;0;3
31.05.2020 04:00;1;1;0
31.05.2020 04:15;3;0;3
31.05.2020 04:30;4;2;2
31.05.2020 04:45;2;2;0
31.05.2020 05:00;2;1;1
31.05.2020 05:15;6;2;4
31.05.2020 05:30;4;1;3
31.05.2020 05:45;8;3;5
31.05.2020 06:00;8;4;4
31.05.2020 06:15;10;6;4
31.05.2020 06:30;6;2;4
31.05.2020 06:45;3;2;1
31.05.2020 07:00;5;4;1
31.05.2020 07:15;7;2;5
31.05.2020 07:30;13;6;7
31.05.2020 07:45;21;7;14
31.05.2020 08:00;27;10;17
31.05.2020 08:15;22;8;14
31.05.2020 08:30;23;12;11
31.05.2020 08:45;42;16;26
31.05.2020 09:00;33;16;17
31.05.2020 09:15;60;16;44
31.05.2020 09:30;62;27;35
31.05.2020 09:45;61;28;33
31.05.2020 10:00;66;28;38
31.05.2020 10:15;84;34;50
31.05.2020 10:30;77;36;41
31.05.2020 10:45;95;49;46
31.05.2020 11:00;88;35;53
31.05.2020 11:15;90;34;56
31.05.2020 11:30;106;51;55
31.05.2020 11:45;117;52;65
31.05.2020 12:00;80;26;54
31.05.2020 12:15;142;64;78
31.05.2020 12:30;102;43;59
31.05.2020 12:45;148;70;78
31.05.2020 13:00;111;49;62
31.05.2020 13:15;137;69;68
31.05.2020 13:30;130;68;62
31.05.2020 13:45;140;78;62
31.05.2020 14:00;143;57;86
31.05.2020 14:15;172;98;74
31.05.2020 14:30;154;72;82
31.05.2020 14:45;144;73;71
31.05.2020 15:00;146;84;62
31.05.2020 15:15;132;70;62
31.05.2020 15:30;184;101;83
31.05.2020 15:45;148;73;75
31.05.2020 16:00;140;83;57
31.05.2020 16:15;155;82;73
31.05.2020 16:30;118;67;51
31.05.2020 16:45;191;125;66
31.05.2020 17:00;160;86;74
31.05.2020 17:15;170;87;83
31.05.2020 17:30;164;100;64
31.05.2020 17:45;157;93;64
31.05.2020 18:00;168;92;76
31.05.2020 18:15;171;87;84
31.05.2020 18:30;122;70;52
31.05.2020 18:45;100;50;50
31.05.2020 19:00;115;85;30
31.05.2020 19:15;130;76;54
31.05.2020 19:30;116;59;57
31.05.2020 19:45;104;68;36
31.05.2020 20:00;97;54;43
31.05.2020 20:15;88;58;30
31.05.2020 20:30;83;45;38
31.05.2020 20:45;68;42;26
31.05.2020 21:00;54;24;30
31.05.2020 21:15;67;31;36
31.05.2020 21:30;70;27;43
31.05.2020 21:45;43;23;20
31.05.2020 22:00;57;22;35
31.05.2020 22:15;38;17;21
31.05.2020 22:30;50;23;27
31.05.2020 22:45;30;7;23
31.05.2020 23:00;30;10;20
31.05.2020 23:15;25;10;15
31.05.2020 23:30;29;10;19
31.05.2020 23:45;21;13;8
01.06.2020 00:00;23;9;14
01.06.2020 00:15;29;15;14
01.06.2020 00:30;18;4;14
01.06.2020 00:45;15;6;9
01.06.2020 01:00;8;3;5
01.06.2020 01:15;11;8;3
01.06.2020 01:30;9;6;3
01.06.2020 01:45;9;4;5
01.06.2020 02:00;5;3;2
01.06.2020 02:15;5;1;4
01.06.2020 02:30;4;3;1
01.06.2020 02:45;1;1;0
01.06.2020 03:00;2;0;2
01.06.2020 03:15;2;1;1
01.06.2020 03:30;2;1;1
01.06.2020 03:45;8;7;1
01.06.2020 04:00;8;2;6
01.06.2020 04:15;5;5;0
01.06.2020 04:30;8;7;1
01.06.2020 04:45;1;1;0
01.06.2020 05:00;2;1;1
01.06.2020 05:15;2;0;2
01.06.2020 05:30;2;2;0
01.06.2020 05:45;6;2;4
01.06.2020 06:00;3;3;0
01.06.2020 06:15;6;4;2
01.06.2020 06:30;7;3;4
01.06.2020 06:45;13;7;6
01.06.2020 07:00;4;2;2
01.06.2020 07:15;7;3;4
01.06.2020 07:30;18;10;8
01.06.2020 07:45;17;12;5
01.06.2020 08:00;17;5;12
01.06.2020 08:15;18;9;9
01.06.2020 08:30;25;9;16
01.06.2020 08:45;45;20;25
01.06.2020 09:00;42;26;16
01.06.2020 09:15;51;23;28
01.06.2020 09:30;47;26;21
01.06.2020 09:45;81;31;50
01.06.2020 10:00;85;31;54
01.06.2020 10:15;84;46;38
01.06.2020 10:30;68;24;44
01.06.2020 10:45;91;38;53
01.06.2020 11:00;106;62;44
01.06.2020 11:15;118;47;71
01.06.2020 11:30;122;53;69
01.06.2020 11:45;141;53;88
01.06.2020 12:00;172;76;96
01.06.2020 12:15;134;69;65
01.06.2020 12:30;116;64;52
01.06.2020 12:45;118;53;65
01.06.2020 13:00;125;62;63
01.06.2020 13:15;118;59;59
01.06.2020 13:30;156;83;73
01.06.2020 13:45;167;82;85
01.06.2020 14:00;151;81;70
01.06.2020 14:15;150;68;82
01.06.2020 14:30;137;76;61
01.06.2020 14:45;150;76;74
01.06.2020 15:00;169;80;89
01.06.2020 15:15;131;72;59
01.06.2020 15:30;191;106;85
01.06.2020 15:45;158;72;86
01.06.2020 16:00;176;106;70
01.06.2020 16:15;160;88;72
01.06.2020 16:30;149;94;55
01.06.2020 16:45;148;84;64
01.06.2020 17:00;177;96;81
01.06.2020 17:15;122;68;54
01.06.2020 17:30;157;78;79
01.06.2020 17:45;161;79;82
01.06.2020 18:00;173;81;92
01.06.2020 18:15;151;68;83
01.06.2020 18:30;147;66;81
01.06.2020 18:45;171;92;79
01.06.2020 19:00;178;113;65
01.06.2020 19:15;115;65;50
01.06.2020 19:30;140;66;74
01.06.2020 19:45;119;57;62
01.06.2020 20:00;136;68;68
01.06.2020 20:15;76;36;40
01.06.2020 20:30;90;51;39
01.06.2020 20:45;75;39;36
01.06.2020 21:00;92;52;40
01.06.2020 21:15;80;39;41
01.06.2020 21:30;81;37;44
01.06.2020 21:45;58;33;25
01.06.2020 22:00;49;23;26
01.06.2020 22:15;54;31;23
01.06.2020 22:30;42;16;26
01.06.2020 22:45;38;19;19
01.06.2020 23:00;40;22;18
01.06.2020 23:15;24;9;15
01.06.2020 23:30;9;2;7
01.06.2020 23:45;22;13;9
02.06.2020 00:00;15;7;8
02.06.2020 00:15;11;8;3
02.06.2020 00:30;9;4;5
02.06.2020 00:45;16;4;12
02.06.2020 01:00;8;3;5
02.06.2020 01:15;8;3;5
02.06.2020 01:30;2;2;0
02.06.2020 01:45;2;0;2
02.06.2020 02:00;5;3;2
02.06.2020 02:15;4;1;3
02.06.2020 02:30;5;2;3
02.06.2020 02:45;3;0;3
02.06.2020 03:00;4;4;0
02.06.2020 03:15;0;0;0
02.06.2020 03:30;2;0;2
02.06.2020 03:45;3;1;2
02.06.2020 04:00;4;4;0
02.06.2020 04:15;1;0;1
02.06.2020 04:30;2;1;1
02.06.2020 04:45;4;3;1
02.06.2020 05:00;4;1;3
02.06.2020 05:15;6;2;4
02.06.2020 05:30;15;9;6
02.06.2020 05:45;21;15;6
02.06.2020 06:00;33;22;11
02.06.2020 06:15;37;22;15
02.06.2020 06:30;50;34;16
02.06.2020 06:45;53;35;18
02.06.2020 07:00;62;39;23
02.06.2020 07:15;83;47;36
02.06.2020 07:30;109;63;46
02.06.2020 07:45;147;84;63
02.06.2020 08:00;130;79;51
02.06.2020 08:15;125;78;47
02.06.2020 08:30;146;84;62
02.06.2020 08:45;138;95;43
02.06.2020 09:00;128;80;48
02.06.2020 09:15;117;77;40
02.06.2020 09:30;143;94;49
02.06.2020 09:45;145;87;58
02.06.2020 10:00;148;90;58
02.06.2020 10:15;122;67;55
02.06.2020 10:30;166;79;87
02.06.2020 10:45;169;76;93
02.06.2020 11:00;158;79;79
02.06.2020 11:15;201;108;93
02.06.2020 11:30;152;85;67
02.06.2020 11:45;207;92;115
02.06.2020 12:00;165;79;86
02.06.2020 12:15;174;90;84
02.06.2020 12:30;187;92;95
02.06.2020 12:45;202;108;94
02.06.2020 13:00;174;84;90
02.06.2020 13:15;188;94;94
02.06.2020 13:30;177;93;84
02.06.2020 13:45;194;102;92
02.06.2020 14:00;205;99;106
02.06.2020 14:15;196;102;94
02.06.2020 14:30;178;85;93
02.06.2020 14:45;187;85;102
02.06.2020 15:00;187;93;94
02.06.2020 15:15;166;96;70
02.06.2020 15:30;236;123;113
02.06.2020 15:45;251;126;125
02.06.2020 16:00;216;81;135
02.06.2020 16:15;209;108;101
02.06.2020 16:30;209;94;115
02.06.2020 16:45;245;103;142
02.06.2020 17:00;207;90;117
02.06.2020 17:15;275;140;135
02.06.2020 17:30;266;140;126
02.06.2020 17:45;248;109;139
02.06.2020 18:00;242;102;140
02.06.2020 18:15;220;104;116
02.06.2020 18:30;230;114;116
02.06.2020 18:45;259;115;144
02.06.2020 19:00;221;82;139
02.06.2020 19:15;188;72;116
02.06.2020 19:30;162;81;81
02.06.2020 19:45;149;80;69
02.06.2020 20:00;140;67;73
02.06.2020 20:15;109;53;56
02.06.2020 20:30;111;44;67
02.06.2020 20:45;99;51;48
02.06.2020 21:00;121;44;77
02.06.2020 21:15;103;49;54
02.06.2020 21:30;122;57;65
02.06.2020 21:45;83;42;41
02.06.2020 22:00;72;29;43
02.06.2020 22:15;43;16;27
02.06.2020 22:30;69;26;43
02.06.2020 22:45;49;17;32
02.06.2020 23:00;33;13;20
02.06.2020 23:15;42;8;34
02.06.2020 23:30;37;12;25
02.06.2020 23:45;30;9;21
03.06.2020 00:00;27;9;18
03.06.2020 00:15;33;8;25
03.06.2020 00:30;16;4;12
03.06.2020 00:45;14;5;9
03.06.2020 01:00;16;10;6
03.06.2020 01:15;10;6;4
03.06.2020 01:30;14;8;6
03.06.2020 01:45;12;6;6
03.06.2020 02:00;8;2;6
03.06.2020 02:15;2;0;2
03.06.2020 02:30;2;0;2
03.06.2020 02:45;0;0;0
03.06.2020 03:00;5;3;2
03.06.2020 03:15;3;0;3
03.06.2020 03:30;3;2;1
03.06.2020 03:45;2;0;2
03.06.2020 04:00;5;2;3
03.06.2020 04:15;2;2;0
03.06.2020 04:30;2;1;1
03.06.2020 04:45;7;4;3
03.06.2020 05:00;4;1;3
03.06.2020 05:15;4;2;2
03.06.2020 05:30;25;12;13
03.06.2020 05:45;21;15;6
03.06.2020 06:00;31;21;10
03.06.2020 06:15;31;20;11
03.06.2020 06:30;47;29;18
03.06.2020 06:45;67;39;28
03.06.2020 07:00;69;42;27
03.06.2020 07:15;80;44;36
03.06.2020 07:30;104;55;49
03.06.2020 07:45;131;65;66
03.06.2020 08:00;119;68;51
03.06.2020 08:15;120;75;45
03.06.2020 08:30;154;93;61
03.06.2020 08:45;154;92;62
03.06.2020 09:00;134;68;66
03.06.2020 09:15;110;68;42
03.06.2020 09:30;111;72;39
03.06.2020 09:45;133;88;45
03.06.2020 10:00;120;67;53
03.06.2020 10:15;110;56;54
03.06.2020 10:30;136;77;59
03.06.2020 10:45;162;81;81
03.06.2020 11:00;178;76;102
03.06.2020 11:15;172;92;80
03.06.2020 11:30;152;84;68
03.06.2020 11:45;187;108;79
03.06.2020 12:00;165;79;86
03.06.2020 12:15;195;100;95
03.06.2020 12:30;210;111;99
03.06.2020 12:45;200;88;112
03.06.2020 13:00;170;65;105
03.06.2020 13:15;204;104;100
03.06.2020 13:30;198;106;92
03.06.2020 13:45;218;113;105
03.06.2020 14:00;205;82;123
03.06.2020 14:15;210;114;96
03.06.2020 14:30;242;134;108
03.06.2020 14:45;215;118;97
03.06.2020 15:00;189;79;110
03.06.2020 15:15;191;101;90
03.06.2020 15:30;149;67;82
03.06.2020 15:45;201;94;107
03.06.2020 16:00;182;89;93
03.06.2020 16:15;225;116;109
03.06.2020 16:30;233;114;119
03.06.2020 16:45;223;126;97
03.06.2020 17:00;228;121;107
03.06.2020 17:15;248;125;123
03.06.2020 17:30;210;106;104
03.06.2020 17:45;224;116;108
03.06.2020 18:00;227;99;128
03.06.2020 18:15;228;94;134
03.06.2020 18:30;230;104;126
03.06.2020 18:45;226;103;123
03.06.2020 19:00;180;72;108
03.06.2020 19:15;165;59;106
03.06.2020 19:30;166;81;85
03.06.2020 19:45;134;65;69
03.06.2020 20:00;127;63;64
03.06.2020 20:15;117;52;65
03.06.2020 20:30;113;45;68
03.06.2020 20:45;131;63;68
03.06.2020 21:00;86;39;47
03.06.2020 21:15;68;25;43
03.06.2020 21:30;83;30;53
03.06.2020 21:45;73;33;40
03.06.2020 22:00;69;26;43
03.06.2020 22:15;68;29;39
03.06.2020 22:30;62;29;33
03.06.2020 22:45;43;15;28
03.06.2020 23:00;35;20;15
03.06.2020 23:15;33;12;21
03.06.2020 23:30;27;18;9
03.06.2020 23:45;26;12;14
04.06.2020 00:00;30;10;20
04.06.2020 00:15;17;9;8
04.06.2020 00:30;23;9;14
04.06.2020 00:45;12;5;7
04.06.2020 01:00;8;5;3
04.06.2020 01:15;18;11;7
04.06.2020 01:30;6;3;3
04.06.2020 01:45;11;9;2
04.06.2020 02:00;3;1;2
04.06.2020 02:15;4;2;2
04.06.2020 02:30;7;3;4
04.06.2020 02:45;8;5;3
04.06.2020 03:00;7;2;5
04.06.2020 03:15;2;0;2
04.06.2020 03:30;4;3;1
04.06.2020 03:45;4;0;4
04.06.2020 04:00;0;0;0
04.06.2020 04:15;2;2;0
04.06.2020 04:30;2;1;1
04.06.2020 04:45;4;4;0
04.06.2020 05:00;5;3;2
04.06.2020 05:15;2;0;2
04.06.2020 05:30;7;3;4
04.06.2020 05:45;21;11;10
04.06.2020 06:00;25;14;11
04.06.2020 06:15;26;20;6
04.06.2020 06:30;26;17;9
04.06.2020 06:45;31;14;17
04.06.2020 07:00;29;16;13
04.06.2020 07:15;63;32;31
04.06.2020 07:30;66;35;31
04.06.2020 07:45;91;51;40
04.06.2020 08:00;77;57;20
04.06.2020 08:15;76;48;28
04.06.2020 08:30;90;59;31
04.06.2020 08:45;108;72;36
04.06.2020 09:00;67;44;23
04.06.2020 09:15;74;47;27
04.06.2020 09:30;88;51;37
04.06.2020 09:45;65;39;26
04.06.2020 10:00;56;30;26
04.06.2020 10:15;58;37;21
04.06.2020 10:30;62;29;33
04.06.2020 10:45;85;45;40
04.06.2020 11:00;67;32;35
04.06.2020 11:15;76;44;32
04.06.2020 11:30;82;39;43
04.06.2020 11:45;95;46;49
04.06.2020 12:00;84;32;52
04.06.2020 12:15;80;44;36
04.06.2020 12:30;66;30;36
04.06.2020 12:45;88;40;48
04.06.2020 13:00;104;53;51
04.06.2020 13:15;79;45;34
04.06.2020 13:30;84;45;39
04.06.2020 13:45;120;67;53
04.06.2020 14:00;64;29;35
04.06.2020 14:15;90;40;50
04.06.2020 14:30;93;47;46
04.06.2020 14:45;82;41;41
04.06.2020 15:00;90;39;51
04.06.2020 15:15;72;40;32
04.06.2020 15:30;68;36;32
04.06.2020 15:45;89;44;45
04.06.2020 16:00;79;36;43
04.06.2020 16:15;75;37;38
04.06.2020 16:30;95;49;46
04.06.2020 16:45;86;33;53
04.06.2020 17:00;69;29;40
04.06.2020 17:15;93;36;57
04.06.2020 17:30;99;56;43
04.06.2020 17:45;105;49;56
04.06.2020 18:00;101;36;65
04.06.2020 18:15;126;42;84
04.06.2020 18:30;79;26;53
04.06.2020 18:45;81;39;42
04.06.2020 19:00;74;32;42
04.06.2020 19:15;71;30;41
04.06.2020 19:30;51;17;34
04.06.2020 19:45;56;26;30
04.06.2020 20:00;61;33;28
04.06.2020 20:15;44;18;26
04.06.2020 20:30;54;29;25
04.06.2020 20:45;36;12;24
04.06.2020 21:00;31;15;16
04.06.2020 21:15;52;28;24
04.06.2020 21:30;26;15;11
04.06.2020 21:45;29;16;13
04.06.2020 22:00;15;7;8
04.06.2020 22:15;26;6;20
04.06.2020 22:30;22;6;16
04.06.2020 22:45;14;5;9
04.06.2020 23:00;18;10;8
04.06.2020 23:15;14;8;6
04.06.2020 23:30;25;15;10
04.06.2020 23:45;12;2;10
05.06.2020 00:00;12;2;10
05.06.2020 00:15;19;14;5
05.06.2020 00:30;11;7;4
05.06.2020 00:45;7;2;5
05.06.2020 01:00;10;5;5
05.06.2020 01:15;6;0;6
05.06.2020 01:30;5;2;3
05.06.2020 01:45;6;5;1
05.06.2020 02:00;8;6;2
05.06.2020 02:15;3;2;1
05.06.2020 02:30;4;2;2
05.06.2020 02:45;2;1;1
05.06.2020 03:00;5;5;0
05.06.2020 03:15;0;0;0
05.06.2020 03:30;0;0;0
05.06.2020 03:45;2;0;2
05.06.2020 04:00;2;2;0
05.06.2020 04:15;4;2;2
05.06.2020 04:30;2;2;0
05.06.2020 04:45;1;1;0
05.06.2020 05:00;3;1;2
05.06.2020 05:15;2;1;1
05.06.2020 05:30;13;7;6
05.06.2020 05:45;17;10;7
05.06.2020 06:00;20;14;6
05.06.2020 06:15;26;18;8
05.06.2020 06:30;21;13;8
05.06.2020 06:45;36;16;20
05.06.2020 07:00;49;27;22
05.06.2020 07:15;51;28;23
05.06.2020 07:30;73;42;31
05.06.2020 07:45;90;57;33
05.06.2020 08:00;87;59;28
05.06.2020 08:15;96;53;43
05.06.2020 08:30;110;74;36
05.06.2020 08:45;134;86;48
05.06.2020 09:00;79;49;30
05.06.2020 09:15;94;65;29
05.06.2020 09:30;106;74;32
05.06.2020 09:45;121;72;49
05.06.2020 10:00;100;68;32
05.06.2020 10:15;91;56;35
05.06.2020 10:30;93;40;53
05.06.2020 10:45;113;71;42
05.06.2020 11:00;98;57;41
05.06.2020 11:15;102;48;54
05.06.2020 11:30;104;42;62
05.06.2020 11:45;91;41;50
05.06.2020 12:00;117;55;62
05.06.2020 12:15;119;60;59
05.06.2020 12:30;120;62;58
05.06.2020 12:45;123;58;65
05.06.2020 13:00;120;52;68
05.06.2020 13:15;127;58;69
05.06.2020 13:30;104;40;64
05.06.2020 13:45;137;84;53
05.06.2020 14:00;128;66;62
05.06.2020 14:15;125;62;63
05.06.2020 14:30;114;66;48
05.06.2020 14:45;130;64;66
05.06.2020 15:00;132;76;56
05.06.2020 15:15;163;73;90
05.06.2020 15:30;116;60;56
05.06.2020 15:45;148;75;73
05.06.2020 16:00;173;70;103
05.06.2020 16:15;154;72;82
05.06.2020 16:30;129;59;70
05.06.2020 16:45;159;72;87
05.06.2020 17:00;155;58;97
05.06.2020 17:15;125;53;72
05.06.2020 17:30;126;54;72
05.06.2020 17:45;142;60;82
05.06.2020 18:00;118;56;62
05.06.2020 18:15;114;52;62
05.06.2020 18:30;118;48;70
05.06.2020 18:45;110;61;49
05.06.2020 19:00;97;44;53
05.06.2020 19:15;106;37;69
05.06.2020 19:30;98;51;47
05.06.2020 19:45;96;45;51
05.06.2020 20:00;84;43;41
05.06.2020 20:15;64;28;36
05.06.2020 20:30;63;35;28
05.06.2020 20:45;75;36;39
05.06.2020 21:00;33;16;17
05.06.2020 21:15;47;25;22
05.06.2020 21:30;44;24;20
05.06.2020 21:45;46;23;23
05.06.2020 22:00;37;18;19
05.06.2020 22:15;29;13;16
05.06.2020 22:30;34;13;21
05.06.2020 22:45;22;15;7
05.06.2020 23:00;39;20;19
05.06.2020 23:15;32;12;20
05.06.2020 23:30;32;18;14
05.06.2020 23:45;26;13;13
06.06.2020 00:00;13;5;8
06.06.2020 00:15;30;11;19
06.06.2020 00:30;24;13;11
06.06.2020 00:45;22;9;13
06.06.2020 01:00;24;10;14
06.06.2020 01:15;14;8;6
06.06.2020 01:30;28;11;17
06.06.2020 01:45;13;5;8
06.06.2020 02:00;16;11;5
06.06.2020 02:15;11;3;8
06.06.2020 02:30;10;3;7
06.06.2020 02:45;7;6;1
06.06.2020 03:00;9;6;3
06.06.2020 03:15;3;0;3
06.06.2020 03:30;1;0;1
06.06.2020 03:45;11;5;6
06.06.2020 04:00;10;7;3
06.06.2020 04:15;8;4;4
06.06.2020 04:30;4;4;0
06.06.2020 04:45;1;0;1
06.06.2020 05:00;6;2;4
06.06.2020 05:15;2;0;2
06.06.2020 05:30;3;2;1
06.06.2020 05:45;9;4;5
06.06.2020 06:00;3;1;2
06.06.2020 06:15;10;6;4
06.06.2020 06:30;14;11;3
06.06.2020 06:45;17;7;10
06.06.2020 07:00;13;2;11
06.06.2020 07:15;10;3;7
06.06.2020 07:30;19;11;8
06.06.2020 07:45;19;6;13
06.06.2020 08:00;20;10;10
06.06.2020 08:15;22;12;10
06.06.2020 08:30;43;25;18
06.06.2020 08:45;56;32;24
06.06.2020 09:00;40;25;15
06.06.2020 09:15;51;28;23
06.06.2020 09:30;86;56;30
06.06.2020 09:45;85;51;34
06.06.2020 10:00;62;37;25
06.06.2020 10:15;95;50;45
06.06.2020 10:30;87;39;48
06.06.2020 10:45;111;75;36
06.06.2020 11:00;105;61;44
06.06.2020 11:15;133;69;64
06.06.2020 11:30;118;57;61
06.06.2020 11:45;114;63;51
06.06.2020 12:00;144;75;69
06.06.2020 12:15;141;71;70
06.06.2020 12:30;126;80;46
06.06.2020 12:45;128;62;66
06.06.2020 13:00;158;96;62
06.06.2020 13:15;119;57;62
06.06.2020 13:30;125;55;70
06.06.2020 13:45;152;74;78
06.06.2020 14:00;133;50;83
06.06.2020 14:15;158;80;78
06.06.2020 14:30;157;77;80
06.06.2020 14:45;169;74;95
06.06.2020 15:00;127;63;64
06.06.2020 15:15;154;79;75
06.06.2020 15:30;211;121;90
06.06.2020 15:45;272;213;59
06.06.2020 16:00;211;151;60
06.06.2020 16:15;138;73;65
06.06.2020 16:30;125;65;60
06.06.2020 16:45;146;79;67
06.06.2020 17:00;136;54;82
06.06.2020 17:15;163;72;91
06.06.2020 17:30;160;64;96
06.06.2020 17:45;209;46;163
06.06.2020 18:00;154;51;103
06.06.2020 18:15;109;29;80
06.06.2020 18:30;106;41;65
06.06.2020 18:45;101;42;59
06.06.2020 19:00;98;34;64
06.06.2020 19:15;112;50;62
06.06.2020 19:30;73;21;52
06.06.2020 19:45;96;35;61
06.06.2020 20:00;71;33;38
06.06.2020 20:15;61;25;36
06.06.2020 20:30;65;34;31
06.06.2020 20:45;56;25;31
06.06.2020 21:00;64;33;31
06.06.2020 21:15;35;16;19
06.06.2020 21:30;38;18;20
06.06.2020 21:45;31;13;18
06.06.2020 22:00;42;23;19
06.06.2020 22:15;29;13;16
06.06.2020 22:30;28;12;16
06.06.2020 22:45;29;14;15
06.06.2020 23:00;30;13;17
06.06.2020 23:15;28;18;10
06.06.2020 23:30;27;11;16
06.06.2020 23:45;24;16;8
07.06.2020 00:00;26;17;9
07.06.2020 00:15;28;11;17
07.06.2020 00:30;30;15;15
07.06.2020 00:45;23;12;11
07.06.2020 01:00;22;11;11
07.06.2020 01:15;27;14;13
07.06.2020 01:30;30;21;9
07.06.2020 01:45;16;12;4
07.06.2020 02:00;19;5;14
07.06.2020 02:15;13;3;10
07.06.2020 02:30;18;5;13
07.06.2020 02:45;14;5;9
07.06.2020 03:00;9;2;7
07.06.2020 03:15;6;3;3
07.06.2020 03:30;7;3;4
07.06.2020 03:45;15;8;7
07.06.2020 04:00;6;0;6
07.06.2020 04:15;8;3;5
07.06.2020 04:30;0;0;0
07.06.2020 04:45;1;0;1
07.06.2020 05:00;0;0;0
07.06.2020 05:15;5;0;5
07.06.2020 05:30;0;0;0
07.06.2020 05:45;5;4;1
07.06.2020 06:00;4;3;1
07.06.2020 06:15;8;7;1
07.06.2020 06:30;5;2;3
07.06.2020 06:45;4;2;2
07.06.2020 07:00;5;1;4
07.06.2020 07:15;3;1;2
07.06.2020 07:30;6;2;4
07.06.2020 07:45;5;2;3
07.06.2020 08:00;11;7;4
07.06.2020 08:15;5;4;1
07.06.2020 08:30;7;2;5
07.06.2020 08:45;10;5;5
07.06.2020 09:00;8;4;4
07.06.2020 09:15;15;10;5
07.06.2020 09:30;9;8;1
07.06.2020 09:45;27;8;19
07.06.2020 10:00;30;17;13
07.06.2020 10:15;16;4;12
07.06.2020 10:30;18;10;8
07.06.2020 10:45;26;10;16
07.06.2020 11:00;18;10;8
07.06.2020 11:15;14;9;5
07.06.2020 11:30;20;8;12
07.06.2020 11:45;26;17;9
07.06.2020 12:00;23;13;10
07.06.2020 12:15;20;12;8
07.06.2020 12:30;30;16;14
07.06.2020 12:45;28;10;18
07.06.2020 13:00;26;15;11
07.06.2020 13:15;35;20;15
07.06.2020 13:30;28;10;18
07.06.2020 13:45;27;15;12
07.06.2020 14:00;18;4;14
07.06.2020 14:15;28;13;15
07.06.2020 14:30;28;13;15
07.06.2020 14:45;35;19;16
07.06.2020 15:00;30;11;19
07.06.2020 15:15;31;15;16
07.06.2020 15:30;29;13;16
07.06.2020 15:45;27;14;13
07.06.2020 16:00;29;16;13
07.06.2020 16:15;25;11;14
07.06.2020 16:30;52;29;23
07.06.2020 16:45;53;20;33
07.06.2020 17:00;27;9;18
07.06.2020 17:15;33;18;15
07.06.2020 17:30;38;13;25
07.06.2020 17:45;54;32;22
07.06.2020 18:00;84;47;37
07.06.2020 18:15;58;22;36
07.06.2020 18:30;68;40;28
07.06.2020 18:45;69;33;36
07.06.2020 19:00;65;28;37
07.06.2020 19:15;54;22;32
07.06.2020 19:30;49;19;30
07.06.2020 19:45;58;32;26
07.06.2020 20:00;69;38;31
07.06.2020 20:15;57;23;34
07.06.2020 20:30;34;22;12
07.06.2020 20:45;35;21;14
07.06.2020 21:00;41;21;20
07.06.2020 21:15;27;13;14
07.06.2020 21:30;36;17;19
07.06.2020 21:45;19;7;12
07.06.2020 22:00;30;19;11
07.06.2020 22:15;25;14;11
07.06.2020 22:30;15;7;8
07.06.2020 22:45;27;10;17
07.06.2020 23:00;15;4;11
07.06.2020 23:15;10;7;3
07.06.2020 23:30;26;14;12
07.06.2020 23:45;11;5;6
08.06.2020 00:00;9;3;6
08.06.2020 00:15;6;6;0
08.06.2020 00:30;8;4;4
08.06.2020 00:45;6;5;1
08.06.2020 01:00;4;2;2
08.06.2020 01:15;7;5;2
08.06.2020 01:30;2;2;0
08.06.2020 01:45;4;4;0
08.06.2020 02:00;4;4;0
08.06.2020 02:15;2;2;0
08.06.2020 02:30;2;0;2
08.06.2020 02:45;3;3;0
08.06.2020 03:00;2;0;2
08.06.2020 03:15;0;0;0
08.06.2020 03:30;11;5;6
08.06.2020 03:45;2;1;1
08.06.2020 04:00;0;0;0
08.06.2020 04:15;2;2;0
08.06.2020 04:30;3;2;1
08.06.2020 04:45;2;2;0
08.06.2020 05:00;3;2;1
08.06.2020 05:15;2;0;2
08.06.2020 05:30;15;10;5
08.06.2020 05:45;21;13;8
08.06.2020 06:00;24;17;7
08.06.2020 06:15;30;23;7
08.06.2020 06:30;37;20;17
08.06.2020 06:45;45;27;18
08.06.2020 07:00;66;42;24
08.06.2020 07:15;76;49;27
08.06.2020 07:30;101;57;44
08.06.2020 07:45;135;81;54
08.06.2020 08:00;93;56;37
08.06.2020 08:15;115;66;49
08.06.2020 08:30;102;66;36
08.06.2020 08:45;137;87;50
08.06.2020 09:00;117;65;52
08.06.2020 09:15;98;62;36
08.06.2020 09:30;92;56;36
08.06.2020 09:45;137;70;67
08.06.2020 10:00;112;54;58
08.06.2020 10:15;116;75;41
08.06.2020 10:30;119;69;50
08.06.2020 10:45;133;78;55
08.06.2020 11:00;120;63;57
08.06.2020 11:15;149;77;72
08.06.2020 11:30;142;84;58
08.06.2020 11:45;142;66;76
08.06.2020 12:00;136;58;78
08.06.2020 12:15;147;72;75
08.06.2020 12:30;151;85;66
08.06.2020 12:45;159;88;71
08.06.2020 13:00;127;72;55
08.06.2020 13:15;146;69;77
08.06.2020 13:30;164;59;105
08.06.2020 13:45;153;83;70
08.06.2020 14:00;155;73;82
08.06.2020 14:15;163;84;79
08.06.2020 14:30;182;101;81
08.06.2020 14:45;206;95;111
08.06.2020 15:00;174;89;85
08.06.2020 15:15;188;94;94
08.06.2020 15:30;192;110;82
08.06.2020 15:45;188;93;95
08.06.2020 16:00;174;86;88
08.06.2020 16:15;212;109;103
08.06.2020 16:30;196;101;95
08.06.2020 16:45;209;111;98
08.06.2020 17:00;238;98;140
08.06.2020 17:15;209;88;121
08.06.2020 17:30;241;116;125
08.06.2020 17:45;224;108;116
08.06.2020 18:00;206;92;114
08.06.2020 18:15;183;71;112
08.06.2020 18:30;161;68;93
08.06.2020 18:45;179;94;85
08.06.2020 19:00;156;76;80
08.06.2020 19:15;114;57;57
08.06.2020 19:30;100;39;61
08.06.2020 19:45;117;53;64
08.06.2020 20:00;121;63;58
08.06.2020 20:15;84;33;51
08.06.2020 20:30;94;42;52
08.06.2020 20:45;76;35;41
08.06.2020 21:00;58;30;28
08.06.2020 21:15;41;21;20
08.06.2020 21:30;38;18;20
08.06.2020 21:45;53;22;31
08.06.2020 22:00;22;11;11
08.06.2020 22:15;32;15;17
08.06.2020 22:30;30;14;16
08.06.2020 22:45;28;10;18
08.06.2020 23:00;33;17;16
08.06.2020 23:15;20;8;12
08.06.2020 23:30;22;12;10
08.06.2020 23:45;19;10;9
09.06.2020 00:00;15;4;11
09.06.2020 00:15;24;16;8
09.06.2020 00:30;17;8;9
09.06.2020 00:45;8;5;3
09.06.2020 01:00;12;6;6
09.06.2020 01:15;16;8;8
09.06.2020 01:30;12;2;10
09.06.2020 01:45;4;3;1
09.06.2020 02:00;8;7;1
09.06.2020 02:15;6;1;5
09.06.2020 02:30;2;0;2
09.06.2020 02:45;2;0;2
09.06.2020 03:00;2;0;2
09.06.2020 03:15;2;0;2
09.06.2020 03:30;1;0;1
09.06.2020 03:45;1;0;1
09.06.2020 04:00;0;0;0
09.06.2020 04:15;3;2;1
09.06.2020 04:30;1;1;0
09.06.2020 04:45;6;5;1
09.06.2020 05:00;0;0;0
09.06.2020 05:15;4;3;1
09.06.2020 05:30;8;7;1
09.06.2020 05:45;20;14;6
09.06.2020 06:00;23;13;10
09.06.2020 06:15;19;12;7
09.06.2020 06:30;29;21;8
09.06.2020 06:45;40;22;18
09.06.2020 07:00;45;23;22
09.06.2020 07:15;60;37;23
09.06.2020 07:30;74;40;34
09.06.2020 07:45;112;76;36
09.06.2020 08:00;88;57;31
09.06.2020 08:15;90;46;44
09.06.2020 08:30;77;55;22
09.06.2020 08:45;116;80;36
09.06.2020 09:00;76;45;31
09.06.2020 09:15;71;42;29
09.06.2020 09:30;79;54;25
09.06.2020 09:45;87;48;39
09.06.2020 10:00;83;47;36
09.06.2020 10:15;87;45;42
09.06.2020 10:30;81;37;44
09.06.2020 10:45;92;55;37
09.06.2020 11:00;76;43;33
09.06.2020 11:15;88;41;47
09.06.2020 11:30;75;37;38
09.06.2020 11:45;79;29;50
09.06.2020 12:00;82;35;47
09.06.2020 12:15;105;50;55
09.06.2020 12:30;95;52;43
09.06.2020 12:45;126;61;65
09.06.2020 13:00;111;56;55
09.06.2020 13:15;94;39;55
09.06.2020 13:30;117;59;58
09.06.2020 13:45;115;60;55
09.06.2020 14:00;123;68;55
09.06.2020 14:15;120;64;56
09.06.2020 14:30;113;47;66
09.06.2020 14:45;130;80;50
09.06.2020 15:00;145;78;67
09.06.2020 15:15;114;59;55
09.06.2020 15:30;118;65;53
09.06.2020 15:45;175;84;91
09.06.2020 16:00;153;68;85
09.06.2020 16:15;140;61;79
09.06.2020 16:30;147;80;67
09.06.2020 16:45;187;100;87
09.06.2020 17:00;168;67;101
09.06.2020 17:15;195;97;98
09.06.2020 17:30;187;105;82
09.06.2020 17:45;181;78;103
09.06.2020 18:00;189;63;126
09.06.2020 18:15;165;71;94
09.06.2020 18:30;176;92;84
09.06.2020 18:45;156;69;87
09.06.2020 19:00;157;63;94
09.06.2020 19:15;111;48;63
09.06.2020 19:30;95;45;50
09.06.2020 19:45;121;56;65
09.06.2020 20:00;86;29;57
09.06.2020 20:15;52;21;31
09.06.2020 20:30;76;32;44
09.06.2020 20:45;48;19;29
09.06.2020 21:00;42;18;24
09.06.2020 21:15;40;18;22
09.06.2020 21:30;53;31;22
09.06.2020 21:45;27;13;14
09.06.2020 22:00;47;19;28
09.06.2020 22:15;35;18;17
09.06.2020 22:30;36;17;19
09.06.2020 22:45;25;7;18
09.06.2020 23:00;27;10;17
09.06.2020 23:15;27;11;16
09.06.2020 23:30;22;13;9
09.06.2020 23:45;19;8;11
10.06.2020 00:00;29;18;11
10.06.2020 00:15;19;10;9
10.06.2020 00:30;17;5;12
10.06.2020 00:45;14;8;6
10.06.2020 01:00;11;7;4
10.06.2020 01:15;6;2;4
10.06.2020 01:30;10;0;10
10.06.2020 01:45;6;0;6
10.06.2020 02:00;3;3;0
10.06.2020 02:15;3;1;2
10.06.2020 02:30;3;3;0
10.06.2020 02:45;3;0;3
10.06.2020 03:00;2;0;2
10.06.2020 03:15;2;0;2
10.06.2020 03:30;1;1;0
10.06.2020 03:45;3;0;3
10.06.2020 04:00;4;1;3
10.06.2020 04:15;2;2;0
10.06.2020 04:30;1;1;0
10.06.2020 04:45;3;1;2
10.06.2020 05:00;5;4;1
10.06.2020 05:15;2;0;2
10.06.2020 05:30;9;7;2
10.06.2020 05:45;25;12;13
10.06.2020 06:00;30;21;9
10.06.2020 06:15;24;16;8
10.06.2020 06:30;29;12;17
10.06.2020 06:45;43;27;16
10.06.2020 07:00;52;26;26
10.06.2020 07:15;59;33;26
10.06.2020 07:30;69;43;26
10.06.2020 07:45;107;59;48
10.06.2020 08:00;94;65;29
10.06.2020 08:15;90;55;35
10.06.2020 08:30;103;61;42
10.06.2020 08:45;140;84;56
10.06.2020 09:00;99;62;37
10.06.2020 09:15;107;58;49
10.06.2020 09:30;87;51;36
10.06.2020 09:45;90;53;37
10.06.2020 10:00;93;52;41
10.06.2020 10:15;111;66;45
10.06.2020 10:30;108;52;56
10.06.2020 10:45;117;67;50
10.06.2020 11:00;94;57;37
10.06.2020 11:15;122;62;60
10.06.2020 11:30;116;64;52
10.06.2020 11:45;116;61;55
10.06.2020 12:00;151;62;89
10.06.2020 12:15;147;67;80
10.06.2020 12:30;124;60;64
10.06.2020 12:45;147;76;71
10.06.2020 13:00;144;59;85
10.06.2020 13:15;117;54;63
10.06.2020 13:30;122;65;57
10.06.2020 13:45;148;83;65
10.06.2020 14:00;169;91;78
10.06.2020 14:15;121;51;70
10.06.2020 14:30;131;61;70
10.06.2020 14:45;179;96;83
10.06.2020 15:00;133;78;55
10.06.2020 15:15;132;74;58
10.06.2020 15:30;177;93;84
10.06.2020 15:45;156;74;82
10.06.2020 16:00;149;80;69
10.06.2020 16:15;166;67;99
10.06.2020 16:30;196;93;103
10.06.2020 16:45;203;106;97
10.06.2020 17:00;189;89;100
10.06.2020 17:15;216;107;109
10.06.2020 17:30;205;95;110
10.06.2020 17:45;186;92;94
10.06.2020 18:00;168;52;116
10.06.2020 18:15;178;70;108
10.06.2020 18:30;176;77;99
10.06.2020 18:45;164;88;76
10.06.2020 19:00;149;65;84
10.06.2020 19:15;125;46;79
10.06.2020 19:30;109;48;61
10.06.2020 19:45;105;50;55
10.06.2020 20:00;89;38;51
10.06.2020 20:15;106;41;65
10.06.2020 20:30;82;44;38
10.06.2020 20:45;71;34;37
10.06.2020 21:00;65;40;25
10.06.2020 21:15;40;18;22
10.06.2020 21:30;49;31;18
10.06.2020 21:45;36;22;14
10.06.2020 22:00;39;21;18
10.06.2020 22:15;41;19;22
10.06.2020 22:30;37;16;21
10.06.2020 22:45;50;22;28
10.06.2020 23:00;36;20;16
10.06.2020 23:15;23;9;14
10.06.2020 23:30;35;20;15
10.06.2020 23:45;27;16;11
11.06.2020 00:00;28;7;21
11.06.2020 00:15;22;5;17
11.06.2020 00:30;29;13;16
11.06.2020 00:45;29;12;17
11.06.2020 01:00;23;14;9
11.06.2020 01:15;24;13;11
11.06.2020 01:30;16;10;6
11.06.2020 01:45;21;9;12
11.06.2020 02:00;5;1;4
11.06.2020 02:15;15;6;9
11.06.2020 02:30;13;6;7
11.06.2020 02:45;9;7;2
11.06.2020 03:00;7;3;4
11.06.2020 03:15;9;5;4
11.06.2020 03:30;4;1;3
11.06.2020 03:45;6;5;1
11.06.2020 04:00;2;1;1
11.06.2020 04:15;5;3;2
11.06.2020 04:30;4;2;2
11.06.2020 04:45;2;2;0
11.06.2020 05:00;2;1;1
11.06.2020 05:15;6;2;4
11.06.2020 05:30;7;5;2
11.06.2020 05:45;8;7;1
11.06.2020 06:00;19;17;2
11.06.2020 06:15;16;12;4
11.06.2020 06:30;9;9;0
11.06.2020 06:45;20;15;5
11.06.2020 07:00;19;15;4
11.06.2020 07:15;19;18;1
11.06.2020 07:30;19;14;5
11.06.2020 07:45;32;23;9
11.06.2020 08:00;22;7;15
11.06.2020 08:15;20;7;13
11.06.2020 08:30;28;14;14
11.06.2020 08:45;36;17;19
11.06.2020 09:00;35;20;15
11.06.2020 09:15;40;20;20
11.06.2020 09:30;43;25;18
11.06.2020 09:45;53;25;28
11.06.2020 10:00;59;29;30
11.06.2020 10:15;41;22;19
11.06.2020 10:30;51;19;32
11.06.2020 10:45;55;26;29
11.06.2020 11:00;61;32;29
11.06.2020 11:15;63;23;40
11.06.2020 11:30;75;36;39
11.06.2020 11:45;95;49;46
11.06.2020 12:00;84;45;39
11.06.2020 12:15;119;58;61
11.06.2020 12:30;127;63;64
11.06.2020 12:45;112;57;55
11.06.2020 13:00;115;58;57
11.06.2020 13:15;104;47;57
11.06.2020 13:30;122;51;71
11.06.2020 13:45;127;44;83
11.06.2020 14:00;123;58;65
11.06.2020 14:15;112;43;69
11.06.2020 14:30;172;95;77
11.06.2020 14:45;152;75;77
11.06.2020 15:00;129;73;56
11.06.2020 15:15;142;76;66
11.06.2020 15:30;112;56;56
11.06.2020 15:45;151;91;60
11.06.2020 16:00;138;82;56
11.06.2020 16:15;153;66;87
11.06.2020 16:30;150;94;56
11.06.2020 16:45;150;73;77
11.06.2020 17:00;143;70;73
11.06.2020 17:15;125;70;55
11.06.2020 17:30;143;72;71
11.06.2020 17:45;174;73;101
11.06.2020 18:00;163;78;85
11.06.2020 18:15;145;81;64
11.06.2020 18:30;138;84;54
11.06.2020 18:45;156;74;82
11.06.2020 19:00;143;69;74
11.06.2020 19:15;157;81;76
11.06.2020 19:30;132;75;57
11.06.2020 19:45;126;68;58
11.06.2020 20:00;108;43;65
11.06.2020 20:15;110;58;52
11.06.2020 20:30;95;49;46
11.06.2020 20:45;97;37;60
11.06.2020 21:00;99;52;47
11.06.2020 21:15;101;45;56
11.06.2020 21:30;79;40;39
11.06.2020 21:45;58;24;34
11.06.2020 22:00;54;18;36
11.06.2020 22:15;54;26;28
11.06.2020 22:30;54;17;37
11.06.2020 22:45;37;22;15
11.06.2020 23:00;32;10;22
11.06.2020 23:15;47;20;27
11.06.2020 23:30;43;18;25
11.06.2020 23:45;29;12;17
12.06.2020 00:00;34;10;24
12.06.2020 00:15;27;15;12
12.06.2020 00:30;16;8;8
12.06.2020 00:45;19;9;10
12.06.2020 01:00;21;8;13
12.06.2020 01:15;7;3;4
12.06.2020 01:30;10;7;3
12.06.2020 01:45;9;5;4
12.06.2020 02:00;7;0;7
12.06.2020 02:15;4;2;2
12.06.2020 02:30;1;1;0
12.06.2020 02:45;7;3;4
12.06.2020 03:00;4;2;2
12.06.2020 03:15;3;0;3
12.06.2020 03:30;2;1;1
12.06.2020 03:45;2;0;2
12.06.2020 04:00;1;0;1
12.06.2020 04:15;1;1;0
12.06.2020 04:30;1;1;0
12.06.2020 04:45;5;4;1
12.06.2020 05:00;5;3;2
12.06.2020 05:15;11;6;5
12.06.2020 05:30;13;9;4
12.06.2020 05:45;16;13;3
12.06.2020 06:00;23;19;4
12.06.2020 06:15;34;26;8
12.06.2020 06:30;28;18;10
12.06.2020 06:45;45;28;17
12.06.2020 07:00;57;34;23
12.06.2020 07:15;58;35;23
12.06.2020 07:30;56;39;17
12.06.2020 07:45;98;64;34
12.06.2020 08:00;81;52;29
12.06.2020 08:15;100;64;36
12.06.2020 08:30;103;62;41
12.06.2020 08:45;114;67;47
12.06.2020 09:00;118;65;53
12.06.2020 09:15;118;79;39
12.06.2020 09:30;144;91;53
12.06.2020 09:45;229;137;92
12.06.2020 10:00;185;109;76
12.06.2020 10:15;200;120;80
12.06.2020 10:30;194;118;76
12.06.2020 10:45;202;118;84
12.06.2020 11:00;231;133;98
12.06.2020 11:15;205;108;97
12.06.2020 11:30;207;105;102
12.06.2020 11:45;208;117;91
12.06.2020 12:00;213;95;118
12.06.2020 12:15;209;103;106
12.06.2020 12:30;271;138;133
12.06.2020 12:45;191;94;97
12.06.2020 13:00;206;97;109
12.06.2020 13:15;198;102;96
12.06.2020 13:30;224;114;110
12.06.2020 13:45;222;109;113
12.06.2020 14:00;241;137;104
12.06.2020 14:15;221;108;113
12.06.2020 14:30;248;129;119
12.06.2020 14:45;237;111;126
12.06.2020 15:00;258;120;138
12.06.2020 15:15;238;122;116
12.06.2020 15:30;236;129;107
12.06.2020 15:45;223;101;122
12.06.2020 16:00;219;98;121
12.06.2020 16:15;249;121;128
12.06.2020 16:30;203;88;115
12.06.2020 16:45;225;123;102
12.06.2020 17:00;272;134;138
12.06.2020 17:15;320;129;191
12.06.2020 17:30;224;114;110
12.06.2020 17:45;283;168;115
12.06.2020 18:00;216;91;125
12.06.2020 18:15;226;95;131
12.06.2020 18:30;221;106;115
12.06.2020 18:45;209;105;104
12.06.2020 19:00;225;90;135
12.06.2020 19:15;194;95;99
12.06.2020 19:30;176;86;90
12.06.2020 19:45;189;104;85
12.06.2020 20:00;186;104;82
12.06.2020 20:15;171;78;93
12.06.2020 20:30;151;68;83
12.06.2020 20:45;148;65;83
12.06.2020 21:00;155;68;87
12.06.2020 21:15;137;61;76
12.06.2020 21:30;125;55;70
12.06.2020 21:45;88;31;57
12.06.2020 22:00;99;38;61
12.06.2020 22:15;56;29;27
12.06.2020 22:30;98;40;58
12.06.2020 22:45;62;21;41
12.06.2020 23:00;76;27;49
12.06.2020 23:15;78;28;50
12.06.2020 23:30;81;32;49
12.06.2020 23:45;74;38;36
13.06.2020 00:00;80;42;38
13.06.2020 00:15;49;20;29
13.06.2020 00:30;50;21;29
13.06.2020 00:45;54;32;22
13.06.2020 01:00;43;26;17
13.06.2020 01:15;41;21;20
13.06.2020 01:30;37;14;23
13.06.2020 01:45;9;2;7
13.06.2020 02:00;22;8;14
13.06.2020 02:15;20;9;11
13.06.2020 02:30;18;10;8
13.06.2020 02:45;16;5;11
13.06.2020 03:00;20;14;6
13.06.2020 03:15;13;8;5
13.06.2020 03:30;10;5;5
13.06.2020 03:45;16;8;8
13.06.2020 04:00;11;8;3
13.06.2020 04:15;6;4;2
13.06.2020 04:30;11;5;6
13.06.2020 04:45;11;8;3
13.06.2020 05:00;2;1;1
13.06.2020 05:15;4;2;2
13.06.2020 05:30;11;4;7
13.06.2020 05:45;21;15;6
13.06.2020 06:00;7;6;1
13.06.2020 06:15;13;8;5
13.06.2020 06:30;11;7;4
13.06.2020 06:45;11;6;5
13.06.2020 07:00;22;8;14
13.06.2020 07:15;17;8;9
13.06.2020 07:30;39;15;24
13.06.2020 07:45;25;8;17
13.06.2020 08:00;47;21;26
13.06.2020 08:15;31;11;20
13.06.2020 08:30;45;31;14
13.06.2020 08:45;68;34;34
13.06.2020 09:00;54;31;23
13.06.2020 09:15;72;53;19
13.06.2020 09:30;105;67;38
13.06.2020 09:45;113;65;48
13.06.2020 10:00;90;54;36
13.06.2020 10:15;135;81;54
13.06.2020 10:30;151;67;84
13.06.2020 10:45;140;66;74
13.06.2020 11:00;189;116;73
13.06.2020 11:15;202;124;78
13.06.2020 11:30;170;80;90
13.06.2020 11:45;171;84;87
13.06.2020 12:00;175;87;88
13.06.2020 12:15;208;95;113
13.06.2020 12:30;164;98;66
13.06.2020 12:45;200;104;96
13.06.2020 13:00;202;105;97
13.06.2020 13:15;169;83;86
13.06.2020 13:30;177;102;75
13.06.2020 13:45;186;83;103
13.06.2020 14:00;183;65;118
13.06.2020 14:15;206;97;109
13.06.2020 14:30;191;99;92
13.06.2020 14:45;231;96;135
13.06.2020 15:00;215;111;104
13.06.2020 15:15;213;100;113
13.06.2020 15:30;175;78;97
13.06.2020 15:45;278;155;123
13.06.2020 16:00;196;104;92
13.06.2020 16:15;170;96;74
13.06.2020 16:30;159;75;84
13.06.2020 16:45;223;115;108
13.06.2020 17:00;198;87;111
13.06.2020 17:15;187;89;98
13.06.2020 17:30;178;69;109
13.06.2020 17:45;165;63;102
13.06.2020 18:00;210;89;121
13.06.2020 18:15;145;62;83
13.06.2020 18:30;179;83;96
13.06.2020 18:45;189;90;99
13.06.2020 19:00;151;64;87
13.06.2020 19:15;166;71;95
13.06.2020 19:30;199;80;119
13.06.2020 19:45;57;35;22
13.06.2020 20:00;49;26;23
13.06.2020 20:15;41;17;24
13.06.2020 20:30;44;22;22
13.06.2020 20:45;49;27;22
13.06.2020 21:00;44;25;19
13.06.2020 21:15;33;17;16
13.06.2020 21:30;51;26;25
13.06.2020 21:45;37;12;25
13.06.2020 22:00;34;18;16
13.06.2020 22:15;22;9;13
13.06.2020 22:30;22;10;12
13.06.2020 22:45;21;5;16
13.06.2020 23:00;30;17;13
13.06.2020 23:15;8;6;2
13.06.2020 23:30;22;7;15
13.06.2020 23:45;21;9;12
14.06.2020 00:00;31;12;19
14.06.2020 00:15;29;13;16
14.06.2020 00:30;24;12;12
14.06.2020 00:45;28;11;17
14.06.2020 01:00;17;9;8
14.06.2020 01:15;23;9;14
14.06.2020 01:30;8;3;5
14.06.2020 01:45;10;7;3
14.06.2020 02:00;10;2;8
14.06.2020 02:15;7;2;5
14.06.2020 02:30;8;5;3
14.06.2020 02:45;11;0;11
14.06.2020 03:00;2;0;2
14.06.2020 03:15;4;3;1
14.06.2020 03:30;5;2;3
14.06.2020 03:45;9;3;6
14.06.2020 04:00;5;2;3
14.06.2020 04:15;5;2;3
14.06.2020 04:30;4;2;2
14.06.2020 04:45;3;2;1
14.06.2020 05:00;2;0;2
14.06.2020 05:15;2;1;1
14.06.2020 05:30;5;2;3
14.06.2020 05:45;6;3;3
14.06.2020 06:00;4;2;2
14.06.2020 06:15;10;7;3
14.06.2020 06:30;1;1;0
14.06.2020 06:45;5;3;2
14.06.2020 07:00;3;1;2
14.06.2020 07:15;3;0;3
14.06.2020 07:30;7;4;3
14.06.2020 07:45;2;2;0
14.06.2020 08:00;10;7;3
14.06.2020 08:15;14;10;4
14.06.2020 08:30;5;1;4
14.06.2020 08:45;16;8;8
14.06.2020 09:00;18;16;2
14.06.2020 09:15;15;12;3
14.06.2020 09:30;14;8;6
14.06.2020 09:45;34;18;16
14.06.2020 10:00;22;9;13
14.06.2020 10:15;18;11;7
14.06.2020 10:30;34;18;16
14.06.2020 10:45;25;9;16
14.06.2020 11:00;39;20;19
14.06.2020 11:15;33;15;18
14.06.2020 11:30;27;15;12
14.06.2020 11:45;32;18;14
14.06.2020 12:00;31;13;18
14.06.2020 12:15;42;22;20
14.06.2020 12:30;37;14;23
14.06.2020 12:45;41;20;21
14.06.2020 13:00;30;13;17
14.06.2020 13:15;60;33;27
14.06.2020 13:30;73;39;34
14.06.2020 13:45;49;18;31
14.06.2020 14:00;64;28;36
14.06.2020 14:15;41;22;19
14.06.2020 14:30;66;31;35
14.06.2020 14:45;55;25;30
14.06.2020 15:00;49;24;25
14.06.2020 15:15;48;21;27
14.06.2020 15:30;52;33;19
14.06.2020 15:45;80;42;38
14.06.2020 16:00;62;26;36
14.06.2020 16:15;57;26;31
14.06.2020 16:30;62;28;34
14.06.2020 16:45;71;43;28
14.06.2020 17:00;61;29;32
14.06.2020 17:15;67;35;32
14.06.2020 17:30;54;23;31
14.06.2020 17:45;80;45;35
14.06.2020 18:00;63;35;28
14.06.2020 18:15;63;31;32
14.06.2020 18:30;58;25;33
14.06.2020 18:45;73;40;33
14.06.2020 19:00;50;12;38
14.06.2020 19:15;60;33;27
14.06.2020 19:30;60;30;30
14.06.2020 19:45;60;29;31
14.06.2020 20:00;58;34;24
14.06.2020 20:15;45;19;26
14.06.2020 20:30;51;32;19
14.06.2020 20:45;42;19;23
14.06.2020 21:00;28;14;14
14.06.2020 21:15;19;8;11
14.06.2020 21:30;16;8;8
14.06.2020 21:45;43;13;30
14.06.2020 22:00;26;11;15
14.06.2020 22:15;27;10;17
14.06.2020 22:30;17;5;12
14.06.2020 22:45;18;7;11
14.06.2020 23:00;18;11;7
14.06.2020 23:15;10;5;5
14.06.2020 23:30;12;5;7
14.06.2020 23:45;10;4;6
15.06.2020 00:00;12;7;5
15.06.2020 00:15;8;6;2
15.06.2020 00:30;5;2;3
15.06.2020 00:45;4;2;2
15.06.2020 01:00;5;2;3
15.06.2020 01:15;3;1;2
15.06.2020 01:30;8;2;6
15.06.2020 01:45;1;1;0
15.06.2020 02:00;2;2;0
15.06.2020 02:15;1;1;0
15.06.2020 02:30;2;1;1
15.06.2020 02:45;5;5;0
15.06.2020 03:00;3;2;1
15.06.2020 03:15;1;0;1
15.06.2020 03:30;0;0;0
15.06.2020 03:45;0;0;0
15.06.2020 04:00;1;0;1
15.06.2020 04:15;3;2;1
15.06.2020 04:30;4;3;1
15.06.2020 04:45;4;3;1
15.06.2020 05:00;5;4;1
15.06.2020 05:15;7;4;3
15.06.2020 05:30;11;8;3
15.06.2020 05:45;17;11;6
15.06.2020 06:00;25;16;9
15.06.2020 06:15;30;20;10
15.06.2020 06:30;48;27;21
15.06.2020 06:45;67;39;28
15.06.2020 07:00;78;45;33
15.06.2020 07:15;150;101;49
15.06.2020 07:30;199;137;62
15.06.2020 07:45;163;98;65
15.06.2020 08:00;127;63;64
15.06.2020 08:15;146;79;67
15.06.2020 08:30;131;80;51
15.06.2020 08:45;179;115;64
15.06.2020 09:00;107;75;32
15.06.2020 09:15;179;108;71
15.06.2020 09:30;129;73;56
15.06.2020 09:45;139;79;60
15.06.2020 10:00;107;60;47
15.06.2020 10:15;132;80;52
15.06.2020 10:30;157;64;93
15.06.2020 10:45;171;79;92
15.06.2020 11:00;157;98;59
15.06.2020 11:15;157;73;84
15.06.2020 11:30;131;78;53
15.06.2020 11:45;149;63;86
15.06.2020 12:00;166;94;72
15.06.2020 12:15;149;77;72
15.06.2020 12:30;174;86;88
15.06.2020 12:45;172;94;78
15.06.2020 13:00;243;82;161
15.06.2020 13:15;197;95;102
15.06.2020 13:30;198;109;89
15.06.2020 13:45;219;108;111
15.06.2020 14:00;193;107;86
15.06.2020 14:15;191;103;88
15.06.2020 14:30;157;81;76
15.06.2020 14:45;195;103;92
15.06.2020 15:00;199;116;83
15.06.2020 15:15;187;89;98
15.06.2020 15:30;236;100;136
15.06.2020 15:45;200;95;105
15.06.2020 16:00;217;102;115
15.06.2020 16:15;220;111;109
15.06.2020 16:30;204;97;107
15.06.2020 16:45;224;107;117
15.06.2020 17:00;228;102;126
15.06.2020 17:15;258;122;136
15.06.2020 17:30;184;82;102
15.06.2020 17:45;241;107;134
15.06.2020 18:00;216;97;119
15.06.2020 18:15;165;75;90
15.06.2020 18:30;163;75;88
15.06.2020 18:45;170;68;102
15.06.2020 19:00;148;66;82
15.06.2020 19:15;130;62;68
15.06.2020 19:30;97;34;63
15.06.2020 19:45;131;61;70
15.06.2020 20:00;95;43;52
15.06.2020 20:15;109;47;62
15.06.2020 20:30;87;39;48
15.06.2020 20:45;84;29;55
15.06.2020 21:00;55;20;35
15.06.2020 21:15;55;24;31
15.06.2020 21:30;46;17;29
15.06.2020 21:45;55;28;27
15.06.2020 22:00;35;16;19
15.06.2020 22:15;39;18;21
15.06.2020 22:30;39;19;20
15.06.2020 22:45;31;12;19
15.06.2020 23:00;26;8;18
15.06.2020 23:15;13;5;8
15.06.2020 23:30;18;6;12
15.06.2020 23:45;22;11;11
16.06.2020 00:00;19;4;15
16.06.2020 00:15;14;7;7
16.06.2020 00:30;7;2;5
16.06.2020 00:45;4;4;0
16.06.2020 01:00;2;2;0
16.06.2020 01:15;3;3;0
16.06.2020 01:30;6;4;2
16.06.2020 01:45;10;7;3
16.06.2020 02:00;9;3;6
16.06.2020 02:15;2;1;1
16.06.2020 02:30;7;6;1
16.06.2020 02:45;0;0;0
16.06.2020 03:00;2;0;2
16.06.2020 03:15;2;2;0
16.06.2020 03:30;6;3;3
16.06.2020 03:45;2;1;1
16.06.2020 04:00;1;0;1
16.06.2020 04:15;6;3;3
16.06.2020 04:30;2;2;0
16.06.2020 04:45;6;5;1
16.06.2020 05:00;2;0;2
16.06.2020 05:15;2;1;1
16.06.2020 05:30;10;4;6
16.06.2020 05:45;25;19;6
16.06.2020 06:00;18;11;7
16.06.2020 06:15;33;22;11
16.06.2020 06:30;33;19;14
16.06.2020 06:45;47;26;21
16.06.2020 07:00;68;40;28
16.06.2020 07:15;146;92;54
16.06.2020 07:30;214;162;52
16.06.2020 07:45;202;116;86
16.06.2020 08:00;134;68;66
16.06.2020 08:15;129;72;57
16.06.2020 08:30;147;92;55
16.06.2020 08:45;176;109;67
16.06.2020 09:00;129;86;43
16.06.2020 09:15;142;90;52
16.06.2020 09:30;112;57;55
16.06.2020 09:45;125;79;46
16.06.2020 10:00;118;73;45
16.06.2020 10:15;116;67;49
16.06.2020 10:30;176;118;58
16.06.2020 10:45;159;86;73
16.06.2020 11:00;182;86;96
16.06.2020 11:15;181;95;86
16.06.2020 11:30;115;61;54
16.06.2020 11:45;138;70;68
16.06.2020 12:00;135;64;71
16.06.2020 12:15;167;83;84
16.06.2020 12:30;138;67;71
16.06.2020 12:45;168;77;91
16.06.2020 13:00;220;67;153
16.06.2020 13:15;156;99;57
16.06.2020 13:30;155;83;72
16.06.2020 13:45;182;109;73
16.06.2020 14:00;155;72;83
16.06.2020 14:15;158;79;79
16.06.2020 14:30;167;87;80
16.06.2020 14:45;197;76;121
16.06.2020 15:00;169;65;104
16.06.2020 15:15;160;73;87
16.06.2020 15:30;154;67;87
16.06.2020 15:45;203;96;107
16.06.2020 16:00;188;101;87
16.06.2020 16:15;204;114;90
16.06.2020 16:30;190;98;92
16.06.2020 16:45;210;109;101
16.06.2020 17:00;232;105;127
16.06.2020 17:15;226;109;117
16.06.2020 17:30;219;98;121
16.06.2020 17:45;239;104;135
16.06.2020 18:00;213;105;108
16.06.2020 18:15;232;98;134
16.06.2020 18:30;179;85;94
16.06.2020 18:45;197;78;119
16.06.2020 19:00;170;68;102
16.06.2020 19:15;161;88;73
16.06.2020 19:30;148;78;70
16.06.2020 19:45;146;65;81
16.06.2020 20:00;121;58;63
16.06.2020 20:15;121;51;70
16.06.2020 20:30;118;50;68
16.06.2020 20:45;88;38;50
16.06.2020 21:00;82;40;42
16.06.2020 21:15;75;33;42
16.06.2020 21:30;69;33;36
16.06.2020 21:45;80;26;54
16.06.2020 22:00;81;40;41
16.06.2020 22:15;65;33;32
16.06.2020 22:30;59;27;32
16.06.2020 22:45;50;21;29
16.06.2020 23:00;57;21;36
16.06.2020 23:15;38;8;30
16.06.2020 23:30;44;20;24
16.06.2020 23:45;33;8;25
17.06.2020 00:00;37;14;23
17.06.2020 00:15;19;9;10
17.06.2020 00:30;22;10;12
17.06.2020 00:45;16;5;11
17.06.2020 01:00;18;6;12
17.06.2020 01:15;12;7;5
17.06.2020 01:30;13;3;10
17.06.2020 01:45;10;2;8
17.06.2020 02:00;14;6;8
17.06.2020 02:15;4;2;2
17.06.2020 02:30;11;5;6
17.06.2020 02:45;2;0;2
17.06.2020 03:00;6;2;4
17.06.2020 03:15;1;1;0
17.06.2020 03:30;4;1;3
17.06.2020 03:45;1;0;1
17.06.2020 04:00;1;1;0
17.06.2020 04:15;3;2;1
17.06.2020 04:30;2;2;0
17.06.2020 04:45;7;6;1
17.06.2020 05:00;4;3;1
17.06.2020 05:15;7;3;4
17.06.2020 05:30;16;12;4
17.06.2020 05:45;26;15;11
17.06.2020 06:00;25;14;11
17.06.2020 06:15;36;23;13
17.06.2020 06:30;41;21;20
17.06.2020 06:45;73;48;25
17.06.2020 07:00;78;42;36
17.06.2020 07:15;124;87;37
17.06.2020 07:30;233;158;75
17.06.2020 07:45;171;90;81
17.06.2020 08:00;128;63;65
17.06.2020 08:15;145;96;49
17.06.2020 08:30;174;101;73
17.06.2020 08:45;174;103;71
17.06.2020 09:00;149;75;74
17.06.2020 09:15;155;82;73
17.06.2020 09:30;128;79;49
17.06.2020 09:45;159;96;63
17.06.2020 10:00;148;82;66
17.06.2020 10:15;135;76;59
17.06.2020 10:30;118;59;59
17.06.2020 10:45;127;62;65
17.06.2020 11:00;165;86;79
17.06.2020 11:15;157;80;77
17.06.2020 11:30;162;72;90
17.06.2020 11:45;121;72;49
17.06.2020 12:00;108;52;56
17.06.2020 12:15;146;77;69
17.06.2020 12:30;119;55;64
17.06.2020 12:45;114;59;55
17.06.2020 13:00;174;46;128
17.06.2020 13:15;143;65;78
17.06.2020 13:30;103;48;55
17.06.2020 13:45;143;70;73
17.06.2020 14:00;106;47;59
17.06.2020 14:15;110;62;48
17.06.2020 14:30;106;49;57
17.06.2020 14:45;133;63;70
17.06.2020 15:00;107;46;61
17.06.2020 15:15;123;50;73
17.06.2020 15:30;160;77;83
17.06.2020 15:45;157;71;86
17.06.2020 16:00;131;73;58
17.06.2020 16:15;165;76;89
17.06.2020 16:30;152;67;85
17.06.2020 16:45;155;82;73
17.06.2020 17:00;167;70;97
17.06.2020 17:15;215;96;119
17.06.2020 17:30;215;103;112
17.06.2020 17:45;190;100;90
17.06.2020 18:00;198;87;111
17.06.2020 18:15;181;75;106
17.06.2020 18:30;150;66;84
17.06.2020 18:45;169;77;92
17.06.2020 19:00;139;73;66
17.06.2020 19:15;131;60;71
17.06.2020 19:30;113;53;60
17.06.2020 19:45;118;63;55
17.06.2020 20:00;129;62;67
17.06.2020 20:15;106;57;49
17.06.2020 20:30;61;26;35
17.06.2020 20:45;93;39;54
17.06.2020 21:00;66;22;44
17.06.2020 21:15;70;26;44
17.06.2020 21:30;67;24;43
17.06.2020 21:45;58;26;32
17.06.2020 22:00;58;32;26
17.06.2020 22:15;57;23;34
17.06.2020 22:30;55;19;36
17.06.2020 22:45;39;14;25
17.06.2020 23:00;42;24;18
17.06.2020 23:15;34;9;25
17.06.2020 23:30;16;5;11
17.06.2020 23:45;15;8;7
18.06.2020 00:00;30;13;17
18.06.2020 00:15;16;6;10
18.06.2020 00:30;22;6;16
18.06.2020 00:45;18;3;15
18.06.2020 01:00;11;8;3
18.06.2020 01:15;15;8;7
18.06.2020 01:30;11;3;8
18.06.2020 01:45;6;3;3
18.06.2020 02:00;2;1;1
18.06.2020 02:15;3;2;1
18.06.2020 02:30;7;4;3
18.06.2020 02:45;0;0;0
18.06.2020 03:00;2;0;2
18.06.2020 03:15;2;1;1
18.06.2020 03:30;1;1;0
18.06.2020 03:45;1;0;1
18.06.2020 04:00;4;1;3
18.06.2020 04:15;5;4;1
18.06.2020 04:30;2;2;0
18.06.2020 04:45;9;6;3
18.06.2020 05:00;4;2;2
18.06.2020 05:15;5;2;3
18.06.2020 05:30;15;9;6
18.06.2020 05:45;29;16;13
18.06.2020 06:00;21;14;7
18.06.2020 06:15;37;21;16
18.06.2020 06:30;43;25;18
18.06.2020 06:45;57;36;21
18.06.2020 07:00;74;36;38
18.06.2020 07:15;179;132;47
18.06.2020 07:30;255;171;84
18.06.2020 07:45;177;103;74
18.06.2020 08:00;139;78;61
18.06.2020 08:15;151;91;60
18.06.2020 08:30;161;95;66
18.06.2020 08:45;189;126;63
18.06.2020 09:00;132;76;56
18.06.2020 09:15;158;91;67
18.06.2020 09:30;136;89;47
18.06.2020 09:45;158;99;59
18.06.2020 10:00;125;68;57
18.06.2020 10:15;148;87;61
18.06.2020 10:30;170;89;81
18.06.2020 10:45;167;93;74
18.06.2020 11:00;172;93;79
18.06.2020 11:15;195;95;100
18.06.2020 11:30;143;68;75
18.06.2020 11:45;166;91;75
18.06.2020 12:00;163;80;83
18.06.2020 12:15;195;87;108
18.06.2020 12:30;216;109;107
18.06.2020 12:45;221;111;110
18.06.2020 13:00;286;93;193
18.06.2020 13:15;255;130;125
18.06.2020 13:30;242;112;130
18.06.2020 13:45;209;124;85
18.06.2020 14:00;212;94;118
18.06.2020 14:15;217;115;102
18.06.2020 14:30;205;106;99
18.06.2020 14:45;229;108;121
18.06.2020 15:00;223;101;122
18.06.2020 15:15;262;105;157
18.06.2020 15:30;248;107;141
18.06.2020 15:45;252;121;131
18.06.2020 16:00;213;95;118
18.06.2020 16:15;241;124;117
18.06.2020 16:30;246;112;134
18.06.2020 16:45;273;125;148
18.06.2020 17:00;274;123;151
18.06.2020 17:15;308;149;159
18.06.2020 17:30;283;138;145
18.06.2020 17:45;288;133;155
18.06.2020 18:00;269;116;153
18.06.2020 18:15;275;118;157
18.06.2020 18:30;251;95;156
18.06.2020 18:45;252;115;137
18.06.2020 19:00;193;82;111
18.06.2020 19:15;253;112;141
18.06.2020 19:30;215;77;138
18.06.2020 19:45;159;74;85
18.06.2020 20:00;138;66;72
18.06.2020 20:15;84;43;41
18.06.2020 20:30;75;35;40
18.06.2020 20:45;62;24;38
18.06.2020 21:00;68;35;33
18.06.2020 21:15;67;34;33
18.06.2020 21:30;58;17;41
18.06.2020 21:45;64;25;39
18.06.2020 22:00;77;29;48
18.06.2020 22:15;46;25;21
18.06.2020 22:30;40;15;25
18.06.2020 22:45;38;12;26
18.06.2020 23:00;48;15;33
18.06.2020 23:15;31;14;17
18.06.2020 23:30;38;19;19
18.06.2020 23:45;35;11;24
19.06.2020 00:00;17;9;8
19.06.2020 00:15;32;12;20
19.06.2020 00:30;17;7;10
19.06.2020 00:45;13;4;9
19.06.2020 01:00;15;2;13
19.06.2020 01:15;12;5;7
19.06.2020 01:30;2;1;1
19.06.2020 01:45;11;4;7
19.06.2020 02:00;11;4;7
19.06.2020 02:15;3;1;2
19.06.2020 02:30;2;2;0
19.06.2020 02:45;3;0;3
19.06.2020 03:00;3;1;2
19.06.2020 03:15;3;2;1
19.06.2020 03:30;3;1;2
19.06.2020 03:45;1;1;0
19.06.2020 04:00;2;1;1
19.06.2020 04:15;5;1;4
19.06.2020 04:30;2;2;0
19.06.2020 04:45;5;5;0
19.06.2020 05:00;5;2;3
19.06.2020 05:15;4;3;1
19.06.2020 05:30;13;10;3
19.06.2020 05:45;25;19;6
19.06.2020 06:00;27;10;17
19.06.2020 06:15;34;25;9
19.06.2020 06:30;46;25;21
19.06.2020 06:45;54;33;21
19.06.2020 07:00;90;50;40
19.06.2020 07:15;123;80;43
19.06.2020 07:30;235;153;82
19.06.2020 07:45;175;85;90
19.06.2020 08:00;130;71;59
19.06.2020 08:15;136;81;55
19.06.2020 08:30;166;100;66
19.06.2020 08:45;154;86;68
19.06.2020 09:00;136;85;51
19.06.2020 09:15;198;129;69
19.06.2020 09:30;148;79;69
19.06.2020 09:45;149;88;61
19.06.2020 10:00;156;85;71
19.06.2020 10:15;175;97;78
19.06.2020 10:30;186;99;87
19.06.2020 10:45;148;76;72
19.06.2020 11:00;201;115;86
19.06.2020 11:15;189;86;103
19.06.2020 11:30;153;74;79
19.06.2020 11:45;161;84;77
19.06.2020 12:00;133;58;75
19.06.2020 12:15;197;88;109
19.06.2020 12:30;169;69;100
19.06.2020 12:45;199;106;93
19.06.2020 13:00;222;76;146
19.06.2020 13:15;173;80;93
19.06.2020 13:30;124;54;70
19.06.2020 13:45;103;48;55
19.06.2020 14:00;119;55;64
19.06.2020 14:15;92;40;52
19.06.2020 14:30;71;27;44
19.06.2020 14:45;101;40;61
19.06.2020 15:00;91;32;59
19.06.2020 15:15;77;27;50
19.06.2020 15:30;93;43;50
19.06.2020 15:45;113;36;77
19.06.2020 16:00;106;51;55
19.06.2020 16:15;105;55;50
19.06.2020 16:30;113;50;63
19.06.2020 16:45;143;75;68
19.06.2020 17:00;168;82;86
19.06.2020 17:15;150;78;72
19.06.2020 17:30;144;71;73
19.06.2020 17:45;185;89;96
19.06.2020 18:00;161;61;100
19.06.2020 18:15;167;78;89
19.06.2020 18:30;138;71;67
19.06.2020 18:45;163;70;93
19.06.2020 19:00;136;60;76
19.06.2020 19:15;192;90;102
19.06.2020 19:30;121;60;61
19.06.2020 19:45;116;47;69
19.06.2020 20:00;129;71;58
19.06.2020 20:15;94;52;42
19.06.2020 20:30;108;52;56
19.06.2020 20:45;109;50;59
19.06.2020 21:00;89;46;43
19.06.2020 21:15;76;35;41
19.06.2020 21:30;66;34;32
19.06.2020 21:45;51;31;20
19.06.2020 22:00;75;37;38
19.06.2020 22:15;58;18;40
19.06.2020 22:30;61;29;32
19.06.2020 22:45;41;13;28
19.06.2020 23:00;50;11;39
19.06.2020 23:15;46;15;31
19.06.2020 23:30;40;15;25
19.06.2020 23:45;41;18;23
20.06.2020 00:00;34;13;21
20.06.2020 00:15;49;23;26
20.06.2020 00:30;43;18;25
20.06.2020 00:45;45;21;24
20.06.2020 01:00;26;11;15
20.06.2020 01:15;25;6;19
20.06.2020 01:30;19;12;7
20.06.2020 01:45;18;3;15
20.06.2020 02:00;14;6;8
20.06.2020 02:15;7;7;0
20.06.2020 02:30;13;6;7
20.06.2020 02:45;14;5;9
20.06.2020 03:00;11;6;5
20.06.2020 03:15;9;3;6
20.06.2020 03:30;8;3;5
20.06.2020 03:45;10;2;8
20.06.2020 04:00;8;3;5
20.06.2020 04:15;12;7;5
20.06.2020 04:30;2;1;1
20.06.2020 04:45;4;2;2
20.06.2020 05:00;7;5;2
20.06.2020 05:15;10;3;7
20.06.2020 05:30;6;2;4
20.06.2020 05:45;12;8;4
20.06.2020 06:00;13;10;3
20.06.2020 06:15;11;6;5
20.06.2020 06:30;9;4;5
20.06.2020 06:45;13;7;6
20.06.2020 07:00;10;5;5
20.06.2020 07:15;24;14;10
20.06.2020 07:30;26;12;14
20.06.2020 07:45;41;19;22
20.06.2020 08:00;29;13;16
20.06.2020 08:15;43;21;22
20.06.2020 08:30;51;26;25
20.06.2020 08:45;86;47;39
20.06.2020 09:00;65;31;34
20.06.2020 09:15;93;69;24
20.06.2020 09:30;106;58;48
20.06.2020 09:45;156;109;47
20.06.2020 10:00;130;76;54
20.06.2020 10:15;164;96;68
20.06.2020 10:30;135;86;49
20.06.2020 10:45;177;102;75
20.06.2020 11:00;171;80;91
20.06.2020 11:15;160;93;67
20.06.2020 11:30;193;119;74
20.06.2020 11:45;181;106;75
20.06.2020 12:00;186;97;89
20.06.2020 12:15;208;106;102
20.06.2020 12:30;173;103;70
20.06.2020 12:45;232;135;97
20.06.2020 13:00;167;88;79
20.06.2020 13:15;215;117;98
20.06.2020 13:30;191;95;96
20.06.2020 13:45;260;144;116
20.06.2020 14:00;221;117;104
20.06.2020 14:15;222;104;118
20.06.2020 14:30;222;108;114
20.06.2020 14:45;229;120;109
20.06.2020 15:00;246;124;122
20.06.2020 15:15;227;100;127
20.06.2020 15:30;233;121;112
20.06.2020 15:45;167;67;100
20.06.2020 16:00;159;62;97
20.06.2020 16:15;212;91;121
20.06.2020 16:30;183;91;92
20.06.2020 16:45;152;72;80
20.06.2020 17:00;196;76;120
20.06.2020 17:15;166;70;96
20.06.2020 17:30;180;86;94
20.06.2020 17:45;173;85;88
20.06.2020 18:00;178;66;112
20.06.2020 18:15;176;79;97
20.06.2020 18:30;167;63;104
20.06.2020 18:45;184;93;91
20.06.2020 19:00;169;82;87
20.06.2020 19:15;127;62;65
20.06.2020 19:30;132;50;82
20.06.2020 19:45;138;57;81
20.06.2020 20:00;95;49;46
20.06.2020 20:15;146;54;92
20.06.2020 20:30;95;47;48
20.06.2020 20:45;108;53;55
20.06.2020 21:00;79;36;43
20.06.2020 21:15;81;39;42
20.06.2020 21:30;74;40;34
20.06.2020 21:45;73;38;35
20.06.2020 22:00;76;34;42
20.06.2020 22:15;62;27;35
20.06.2020 22:30;56;16;40
20.06.2020 22:45;61;19;42
20.06.2020 23:00;37;14;23
20.06.2020 23:15;55;25;30
20.06.2020 23:30;60;19;41
20.06.2020 23:45;55;30;25
21.06.2020 00:00;50;19;31
21.06.2020 00:15;60;20;40
21.06.2020 00:30;45;22;23
21.06.2020 00:45;47;12;35
21.06.2020 01:00;43;17;26
21.06.2020 01:15;47;28;19
21.06.2020 01:30;43;15;28
21.06.2020 01:45;24;9;15
21.06.2020 02:00;32;12;20
21.06.2020 02:15;27;4;23
21.06.2020 02:30;15;4;11
21.06.2020 02:45;17;4;13
21.06.2020 03:00;19;4;15
21.06.2020 03:15;22;8;14
21.06.2020 03:30;15;4;11
21.06.2020 03:45;5;3;2
21.06.2020 04:00;9;4;5
21.06.2020 04:15;3;1;2
21.06.2020 04:30;10;8;2
21.06.2020 04:45;6;0;6
21.06.2020 05:00;4;2;2
21.06.2020 05:15;7;1;6
21.06.2020 05:30;4;2;2
21.06.2020 05:45;12;6;6
21.06.2020 06:00;5;4;1
21.06.2020 06:15;10;7;3
21.06.2020 06:30;8;6;2
21.06.2020 06:45;7;5;2
21.06.2020 07:00;13;6;7
21.06.2020 07:15;12;7;5
21.06.2020 07:30;18;11;7
21.06.2020 07:45;19;10;9
21.06.2020 08:00;14;7;7
21.06.2020 08:15;17;10;7
21.06.2020 08:30;35;21;14
21.06.2020 08:45;41;21;20
21.06.2020 09:00;42;24;18
21.06.2020 09:15;62;39;23
21.06.2020 09:30;101;64;37
21.06.2020 09:45;109;55;54
21.06.2020 10:00;97;45;52
21.06.2020 10:15;75;37;38
21.06.2020 10:30;102;54;48
21.06.2020 10:45;121;71;50
21.06.2020 11:00;120;64;56
21.06.2020 11:15;113;52;61
21.06.2020 11:30;122;66;56
21.06.2020 11:45;125;75;50
21.06.2020 12:00;140;69;71
21.06.2020 12:15;167;89;78
21.06.2020 12:30;139;72;67
21.06.2020 12:45;152;78;74
21.06.2020 13:00;134;74;60
21.06.2020 13:15;173;96;77
21.06.2020 13:30;166;91;75
21.06.2020 13:45;191;101;90
21.06.2020 14:00;174;100;74
21.06.2020 14:15;193;101;92
21.06.2020 14:30;164;91;73
21.06.2020 14:45;190;89;101
21.06.2020 15:00;164;83;81
21.06.2020 15:15;188;99;89
21.06.2020 15:30;213;105;108
21.06.2020 15:45;164;76;88
21.06.2020 16:00;215;117;98
21.06.2020 16:15;159;69;90
21.06.2020 16:30;179;77;102
21.06.2020 16:45;177;66;111
21.06.2020 17:00;139;55;84
21.06.2020 17:15;171;92;79
21.06.2020 17:30;198;83;115
21.06.2020 17:45;180;53;127
21.06.2020 18:00;168;85;83
21.06.2020 18:15;148;72;76
21.06.2020 18:30;147;76;71
21.06.2020 18:45;115;56;59
21.06.2020 19:00;129;56;73
21.06.2020 19:15;134;66;68
21.06.2020 19:30;126;61;65
21.06.2020 19:45;117;55;62
21.06.2020 20:00;122;54;68
21.06.2020 20:15;94;58;36
21.06.2020 20:30;97;51;46
21.06.2020 20:45;97;47;50
21.06.2020 21:00;78;35;43
21.06.2020 21:15;76;39;37
21.06.2020 21:30;72;31;41
21.06.2020 21:45;68;23;45
21.06.2020 22:00;67;36;31
21.06.2020 22:15;62;34;28
21.06.2020 22:30;44;14;30
21.06.2020 22:45;44;19;25
21.06.2020 23:00;33;14;19
21.06.2020 23:15;25;7;18
21.06.2020 23:30;28;4;24
21.06.2020 23:45;28;15;13
22.06.2020 00:00;19;4;15
22.06.2020 00:15;18;2;16
22.06.2020 00:30;9;6;3
22.06.2020 00:45;15;9;6
22.06.2020 01:00;4;2;2
22.06.2020 01:15;9;2;7
22.06.2020 01:30;1;0;1
22.06.2020 01:45;5;3;2
22.06.2020 02:00;6;5;1
22.06.2020 02:15;1;0;1
22.06.2020 02:30;3;1;2
22.06.2020 02:45;0;0;0
22.06.2020 03:00;1;1;0
22.06.2020 03:15;1;1;0
22.06.2020 03:30;0;0;0
22.06.2020 03:45;0;0;0
22.06.2020 04:00;1;0;1
22.06.2020 04:15;2;1;1
22.06.2020 04:30;1;1;0
22.06.2020 04:45;1;1;0
22.06.2020 05:00;4;1;3
22.06.2020 05:15;6;5;1
22.06.2020 05:30;21;9;12
22.06.2020 05:45;26;19;7
22.06.2020 06:00;37;27;10
22.06.2020 06:15;33;22;11
22.06.2020 06:30;44;24;20
22.06.2020 06:45;57;39;18
22.06.2020 07:00;72;46;26
22.06.2020 07:15;145;97;48
22.06.2020 07:30;237;157;80
22.06.2020 07:45;180;93;87
22.06.2020 08:00;166;87;79
22.06.2020 08:15;150;90;60
22.06.2020 08:30;178;111;67
22.06.2020 08:45;172;111;61
22.06.2020 09:00;154;89;65
22.06.2020 09:15;171;114;57
22.06.2020 09:30;143;71;72
22.06.2020 09:45;149;101;48
22.06.2020 10:00;121;74;47
22.06.2020 10:15;169;91;78
22.06.2020 10:30;159;78;81
22.06.2020 10:45;163;89;74
22.06.2020 11:00;180;100;80
22.06.2020 11:15;198;109;89
22.06.2020 11:30;166;87;79
22.06.2020 11:45;174;78;96
22.06.2020 12:00;161;72;89
22.06.2020 12:15;207;108;99
22.06.2020 12:30;167;84;83
22.06.2020 12:45;172;91;81
22.06.2020 13:00;283;113;170
22.06.2020 13:15;203;89;114
22.06.2020 13:30;224;111;113
22.06.2020 13:45;195;91;104
22.06.2020 14:00;167;98;69
22.06.2020 14:15;198;98;100
22.06.2020 14:30;210;98;112
22.06.2020 14:45;230;117;113
22.06.2020 15:00;212;119;93
22.06.2020 15:15;246;126;120
22.06.2020 15:30;297;138;159
22.06.2020 15:45;268;116;152
22.06.2020 16:00;251;121;130
22.06.2020 16:15;247;137;110
22.06.2020 16:30;254;97;157
22.06.2020 16:45;259;121;138
22.06.2020 17:00;288;132;156
22.06.2020 17:15;283;112;171
22.06.2020 17:30;282;132;150
22.06.2020 17:45;300;110;190
22.06.2020 18:00;297;131;166
22.06.2020 18:15;245;103;142
22.06.2020 18:30;245;103;142
22.06.2020 18:45;275;113;162
22.06.2020 19:00;217;62;155
22.06.2020 19:15;211;100;111
22.06.2020 19:30;158;76;82
22.06.2020 19:45;195;96;99
22.06.2020 20:00;158;68;90
22.06.2020 20:15;125;56;69
22.06.2020 20:30;93;54;39
22.06.2020 20:45;112;64;48
22.06.2020 21:00;136;54;82
22.06.2020 21:15;86;27;59
22.06.2020 21:30;89;34;55
22.06.2020 21:45;90;44;46
22.06.2020 22:00;89;42;47
22.06.2020 22:15;83;36;47
22.06.2020 22:30;65;21;44
22.06.2020 22:45;42;19;23
22.06.2020 23:00;45;23;22
22.06.2020 23:15;26;9;17
22.06.2020 23:30;34;18;16
22.06.2020 23:45;12;5;7
23.06.2020 00:00;32;18;14
23.06.2020 00:15;26;5;21
23.06.2020 00:30;8;4;4
23.06.2020 00:45;13;5;8
23.06.2020 01:00;10;3;7
23.06.2020 01:15;11;4;7
23.06.2020 01:30;12;3;9
23.06.2020 01:45;3;2;1
23.06.2020 02:00;1;0;1
23.06.2020 02:15;1;1;0
23.06.2020 02:30;3;2;1
23.06.2020 02:45;2;2;0
23.06.2020 03:00;5;1;4
23.06.2020 03:15;0;0;0
23.06.2020 03:30;1;0;1
23.06.2020 03:45;4;1;3
23.06.2020 04:00;4;3;1
23.06.2020 04:15;3;0;3
23.06.2020 04:30;2;2;0
23.06.2020 04:45;3;2;1
23.06.2020 05:00;4;3;1
23.06.2020 05:15;6;4;2
23.06.2020 05:30;26;11;15
23.06.2020 05:45;25;17;8
23.06.2020 06:00;34;22;12
23.06.2020 06:15;41;29;12
23.06.2020 06:30;47;25;22
23.06.2020 06:45;68;38;30
23.06.2020 07:00;102;52;50
23.06.2020 07:15;162;111;51
23.06.2020 07:30;294;201;93
23.06.2020 07:45;225;121;104
23.06.2020 08:00;207;114;93
23.06.2020 08:15;189;117;72
23.06.2020 08:30;181;118;63
23.06.2020 08:45;220;142;78
23.06.2020 09:00;174;117;57
23.06.2020 09:15;201;131;70
23.06.2020 09:30;181;110;71
23.06.2020 09:45;183;120;63
23.06.2020 10:00;181;101;80
23.06.2020 10:15;186;100;86
23.06.2020 10:30;176;80;96
23.06.2020 10:45;208;129;79
23.06.2020 11:00;213;97;116
23.06.2020 11:15;240;127;113
23.06.2020 11:30;175;88;87
23.06.2020 11:45;182;87;95
23.06.2020 12:00;182;89;93
23.06.2020 12:15;219;106;113
23.06.2020 12:30;177;73;104
23.06.2020 12:45;278;148;130
23.06.2020 13:00;316;110;206
23.06.2020 13:15;260;136;124
23.06.2020 13:30;218;102;116
23.06.2020 13:45;282;167;115
23.06.2020 14:00;238;116;122
23.06.2020 14:15;229;123;106
23.06.2020 14:30;236;127;109
23.06.2020 14:45;282;126;156
23.06.2020 15:00;242;113;129
23.06.2020 15:15;246;130;116
23.06.2020 15:30;268;122;146
23.06.2020 15:45;304;148;156
23.06.2020 16:00;268;122;146
23.06.2020 16:15;292;132;160
23.06.2020 16:30;269;130;139
23.06.2020 16:45;324;148;176
23.06.2020 17:00;278;135;143
23.06.2020 17:15;303;140;163
23.06.2020 17:30;295;151;144
23.06.2020 17:45;347;167;180
23.06.2020 18:00;292;125;167
23.06.2020 18:15;319;118;201
23.06.2020 18:30;277;131;146
23.06.2020 18:45;253;116;137
23.06.2020 19:00;248;119;129
23.06.2020 19:15;229;84;145
23.06.2020 19:30;216;101;115
23.06.2020 19:45;188;81;107
23.06.2020 20:00;168;73;95
23.06.2020 20:15;201;92;109
23.06.2020 20:30;163;72;91
23.06.2020 20:45;141;54;87
23.06.2020 21:00;128;55;73
23.06.2020 21:15;155;60;95
23.06.2020 21:30;108;48;60
23.06.2020 21:45;117;35;82
23.06.2020 22:00;95;39;56
23.06.2020 22:15;128;60;68
23.06.2020 22:30;69;37;32
23.06.2020 22:45;74;28;46
23.06.2020 23:00;61;20;41
23.06.2020 23:15;47;28;19
23.06.2020 23:30;38;11;27
23.06.2020 23:45;41;14;27
24.06.2020 00:00;40;16;24
24.06.2020 00:15;22;9;13
24.06.2020 00:30;18;4;14
24.06.2020 00:45;18;6;12
24.06.2020 01:00;10;6;4
24.06.2020 01:15;12;5;7
24.06.2020 01:30;10;2;8
24.06.2020 01:45;7;4;3
24.06.2020 02:00;13;5;8
24.06.2020 02:15;6;2;4
24.06.2020 02:30;1;1;0
24.06.2020 02:45;5;3;2
24.06.2020 03:00;6;2;4
24.06.2020 03:15;3;3;0
24.06.2020 03:30;0;0;0
24.06.2020 03:45;3;1;2
24.06.2020 04:00;3;3;0
24.06.2020 04:15;4;2;2
24.06.2020 04:30;2;0;2
24.06.2020 04:45;4;2;2
24.06.2020 05:00;4;1;3
24.06.2020 05:15;14;11;3
24.06.2020 05:30;27;18;9
24.06.2020 05:45;33;19;14
24.06.2020 06:00;27;16;11
24.06.2020 06:15;46;31;15
24.06.2020 06:30;58;34;24
24.06.2020 06:45;73;37;36
24.06.2020 07:00;109;64;45
24.06.2020 07:15;161;106;55
24.06.2020 07:30;330;222;108
24.06.2020 07:45;235;123;112
24.06.2020 08:00;176;91;85
24.06.2020 08:15;174;109;65
24.06.2020 08:30;175;95;80
24.06.2020 08:45;240;155;85
24.06.2020 09:00;120;63;57
24.06.2020 09:15;215;126;89
24.06.2020 09:30;183;118;65
24.06.2020 09:45;180;117;63
24.06.2020 10:00;176;103;73
24.06.2020 10:15;189;103;86
24.06.2020 10:30;201;110;91
24.06.2020 10:45;179;90;89
24.06.2020 11:00;230;97;133
24.06.2020 11:15;279;163;116
24.06.2020 11:30;161;84;77
24.06.2020 11:45;176;94;82
24.06.2020 12:00;201;103;98
24.06.2020 12:15;239;117;122
24.06.2020 12:30;206;97;109
24.06.2020 12:45;214;98;116
24.06.2020 13:00;302;114;188
24.06.2020 13:15;252;123;129
24.06.2020 13:30;228;105;123
24.06.2020 13:45;262;135;127
24.06.2020 14:00;247;116;131
24.06.2020 14:15;223;103;120
24.06.2020 14:30;249;125;124
24.06.2020 14:45;243;102;141
24.06.2020 15:00;230;101;129
24.06.2020 15:15;299;140;159
24.06.2020 15:30;302;133;169
24.06.2020 15:45;257;142;115
24.06.2020 16:00;241;112;129
24.06.2020 16:15;257;116;141
24.06.2020 16:30;264;145;119
24.06.2020 16:45;291;140;151
24.06.2020 17:00;326;131;195
24.06.2020 17:15;303;154;149
24.06.2020 17:30;344;162;182
24.06.2020 17:45;298;153;145
24.06.2020 18:00;299;140;159
24.06.2020 18:15;259;104;155
24.06.2020 18:30;249;99;150
24.06.2020 18:45;280;128;152
24.06.2020 19:00;211;88;123
24.06.2020 19:15;237;102;135
24.06.2020 19:30;210;121;89
24.06.2020 19:45;199;79;120
24.06.2020 20:00;201;95;106
24.06.2020 20:15;180;90;90
24.06.2020 20:30;167;80;87
24.06.2020 20:45;145;56;89
24.06.2020 21:00;155;78;77
24.06.2020 21:15;142;41;101
24.06.2020 21:30;124;51;73
24.06.2020 21:45;128;38;90
24.06.2020 22:00;122;61;61
24.06.2020 22:15;101;40;61
24.06.2020 22:30;95;19;76
24.06.2020 22:45;98;37;61
24.06.2020 23:00;63;17;46
24.06.2020 23:15;45;19;26
24.06.2020 23:30;54;23;31
24.06.2020 23:45;35;3;32
25.06.2020 00:00;35;13;22
25.06.2020 00:15;35;9;26
25.06.2020 00:30;23;13;10
25.06.2020 00:45;15;9;6
25.06.2020 01:00;12;8;4
25.06.2020 01:15;18;6;12
25.06.2020 01:30;9;6;3
25.06.2020 01:45;11;6;5
25.06.2020 02:00;7;1;6
25.06.2020 02:15;3;2;1
25.06.2020 02:30;4;2;2
25.06.2020 02:45;4;2;2
25.06.2020 03:00;4;2;2
25.06.2020 03:15;2;1;1
25.06.2020 03:30;4;1;3
25.06.2020 03:45;1;0;1
25.06.2020 04:00;3;1;2
25.06.2020 04:15;3;1;2
25.06.2020 04:30;4;0;4
25.06.2020 04:45;11;7;4
25.06.2020 05:00;2;1;1
25.06.2020 05:15;12;7;5
25.06.2020 05:30;17;7;10
25.06.2020 05:45;31;22;9
25.06.2020 06:00;26;16;10
25.06.2020 06:15;36;20;16
25.06.2020 06:30;56;31;25
25.06.2020 06:45;80;49;31
25.06.2020 07:00;85;45;40
25.06.2020 07:15;140;99;41
25.06.2020 07:30;304;210;94
25.06.2020 07:45;247;123;124
25.06.2020 08:00;169;84;85
25.06.2020 08:15;183;107;76
25.06.2020 08:30;157;92;65
25.06.2020 08:45;229;148;81
25.06.2020 09:00;179;93;86
25.06.2020 09:15;233;142;91
25.06.2020 09:30;182;108;74
25.06.2020 09:45;204;133;71
25.06.2020 10:00;160;86;74
25.06.2020 10:15;173;94;79
25.06.2020 10:30;176;101;75
25.06.2020 10:45;221;112;109
25.06.2020 11:00;212;102;110
25.06.2020 11:15;225;119;106
25.06.2020 11:30;186;98;88
25.06.2020 11:45;224;102;122
25.06.2020 12:00;171;83;88
25.06.2020 12:15;194;98;96
25.06.2020 12:30;198;94;104
25.06.2020 12:45;243;111;132
25.06.2020 13:00;352;119;233
25.06.2020 13:15;280;136;144
25.06.2020 13:30;231;116;115
25.06.2020 13:45;275;124;151
25.06.2020 14:00;221;128;93
25.06.2020 14:15;214;100;114
25.06.2020 14:30;241;130;111
25.06.2020 14:45;218;95;123
25.06.2020 15:00;230;121;109
25.06.2020 15:15;277;123;154
25.06.2020 15:30;231;110;121
25.06.2020 15:45;296;146;150
25.06.2020 16:00;248;135;113
25.06.2020 16:15;302;147;155
25.06.2020 16:30;253;117;136
25.06.2020 16:45;333;160;173
25.06.2020 17:00;293;134;159
25.06.2020 17:15;307;140;167
25.06.2020 17:30;252;110;142
25.06.2020 17:45;343;150;193
25.06.2020 18:00;313;150;163
25.06.2020 18:15;301;131;170
25.06.2020 18:30;270;112;158
25.06.2020 18:45;282;135;147
25.06.2020 19:00;238;98;140
25.06.2020 19:15;221;82;139
25.06.2020 19:30;223;99;124
25.06.2020 19:45;243;124;119
25.06.2020 20:00;198;86;112
25.06.2020 20:15;192;98;94
25.06.2020 20:30;158;82;76
25.06.2020 20:45;175;85;90
25.06.2020 21:00;144;74;70
25.06.2020 21:15;151;68;83
25.06.2020 21:30;166;68;98
25.06.2020 21:45;136;51;85
25.06.2020 22:00;115;56;59
25.06.2020 22:15;130;64;66
25.06.2020 22:30;78;27;51
25.06.2020 22:45;72;21;51
25.06.2020 23:00;72;40;32
25.06.2020 23:15;63;21;42
25.06.2020 23:30;47;15;32
25.06.2020 23:45;40;18;22
26.06.2020 00:00;52;14;38
26.06.2020 00:15;35;15;20
26.06.2020 00:30;28;8;20
26.06.2020 00:45;22;7;15
26.06.2020 01:00;20;6;14
26.06.2020 01:15;31;10;21
26.06.2020 01:30;11;6;5
26.06.2020 01:45;10;6;4
26.06.2020 02:00;3;1;2
26.06.2020 02:15;3;2;1
26.06.2020 02:30;9;4;5
26.06.2020 02:45;4;2;2
26.06.2020 03:00;2;0;2
26.06.2020 03:15;4;4;0
26.06.2020 03:30;4;1;3
26.06.2020 03:45;2;0;2
26.06.2020 04:00;1;1;0
26.06.2020 04:15;3;0;3
26.06.2020 04:30;3;2;1
26.06.2020 04:45;2;1;1
26.06.2020 05:00;9;6;3
26.06.2020 05:15;9;6;3
26.06.2020 05:30;22;13;9
26.06.2020 05:45;28;21;7
26.06.2020 06:00;25;16;9
26.06.2020 06:15;42;27;15
26.06.2020 06:30;26;14;12
26.06.2020 06:45;55;27;28
26.06.2020 07:00;63;34;29
26.06.2020 07:15;98;71;27
26.06.2020 07:30;235;162;73
26.06.2020 07:45;190;102;88
26.06.2020 08:00;126;74;52
26.06.2020 08:15;146;89;57
26.06.2020 08:30;138;82;56
26.06.2020 08:45;168;101;67
26.06.2020 09:00;134;90;44
26.06.2020 09:15;171;106;65
26.06.2020 09:30;165;95;70
26.06.2020 09:45;157;92;65
26.06.2020 10:00;121;77;44
26.06.2020 10:15;176;102;74
26.06.2020 10:30;155;86;69
26.06.2020 10:45;157;84;73
26.06.2020 11:00;132;61;71
26.06.2020 11:15;206;117;89
26.06.2020 11:30;164;87;77
26.06.2020 11:45;159;91;68
26.06.2020 12:00;166;86;80
26.06.2020 12:15;184;69;115
26.06.2020 12:30;201;123;78
26.06.2020 12:45;182;89;93
26.06.2020 13:00;260;95;165
26.06.2020 13:15;205;104;101
26.06.2020 13:30;165;80;85
26.06.2020 13:45;213;87;126
26.06.2020 14:00;157;68;89
26.06.2020 14:15;199;87;112
26.06.2020 14:30;207;99;108
26.06.2020 14:45;239;110;129
26.06.2020 15:00;232;118;114
26.06.2020 15:15;195;80;115
26.06.2020 15:30;231;113;118
26.06.2020 15:45;263;133;130
26.06.2020 16:00;201;98;103
26.06.2020 16:15;205;91;114
26.06.2020 16:30;196;108;88
26.06.2020 16:45;221;109;112
26.06.2020 17:00;214;78;136
26.06.2020 17:15;234;107;127
26.06.2020 17:30;198;94;104
26.06.2020 17:45;230;103;127
26.06.2020 18:00;182;69;113
26.06.2020 18:15;157;66;91
26.06.2020 18:30;144;51;93
26.06.2020 18:45;174;83;91
26.06.2020 19:00;155;78;77
26.06.2020 19:15;142;54;88
26.06.2020 19:30;143;80;63
26.06.2020 19:45;156;63;93
26.06.2020 20:00;111;49;62
26.06.2020 20:15;129;55;74
26.06.2020 20:30;116;72;44
26.06.2020 20:45;108;46;62
26.06.2020 21:00;118;62;56
26.06.2020 21:15;88;45;43
26.06.2020 21:30;73;30;43
26.06.2020 21:45;83;44;39
26.06.2020 22:00;75;30;45
26.06.2020 22:15;107;36;71
26.06.2020 22:30;65;27;38
26.06.2020 22:45;74;30;44
26.06.2020 23:00;54;24;30
26.06.2020 23:15;69;21;48
26.06.2020 23:30;58;28;30
26.06.2020 23:45;55;23;32
27.06.2020 00:00;56;11;45
27.06.2020 00:15;54;23;31
27.06.2020 00:30;44;16;28
27.06.2020 00:45;43;23;20
27.06.2020 01:00;43;17;26
27.06.2020 01:15;31;7;24
27.06.2020 01:30;40;17;23
27.06.2020 01:45;19;9;10
27.06.2020 02:00;30;11;19
27.06.2020 02:15;21;4;17
27.06.2020 02:30;15;5;10
27.06.2020 02:45;22;13;9
27.06.2020 03:00;27;7;20
27.06.2020 03:15;17;4;13
27.06.2020 03:30;17;5;12
27.06.2020 03:45;10;5;5
27.06.2020 04:00;16;2;14
27.06.2020 04:15;13;4;9
27.06.2020 04:30;4;2;2
27.06.2020 04:45;2;1;1
27.06.2020 05:00;4;1;3
27.06.2020 05:15;6;5;1
27.06.2020 05:30;7;2;5
27.06.2020 05:45;9;4;5
27.06.2020 06:00;11;6;5
27.06.2020 06:15;21;10;11
27.06.2020 06:30;16;10;6
27.06.2020 06:45;23;13;10
27.06.2020 07:00;16;8;8
27.06.2020 07:15;21;9;12
27.06.2020 07:30;35;17;18
27.06.2020 07:45;35;17;18
27.06.2020 08:00;33;19;14
27.06.2020 08:15;39;25;14
27.06.2020 08:30;58;32;26
27.06.2020 08:45;113;74;39
27.06.2020 09:00;78;40;38
27.06.2020 09:15;137;92;45
27.06.2020 09:30;108;75;33
27.06.2020 09:45;171;111;60
27.06.2020 10:00;113;58;55
27.06.2020 10:15;179;117;62
27.06.2020 10:30;155;90;65
27.06.2020 10:45;154;79;75
27.06.2020 11:00;136;68;68
27.06.2020 11:15;161;84;77
27.06.2020 11:30;135;59;76
27.06.2020 11:45;174;96;78
27.06.2020 12:00;166;99;67
27.06.2020 12:15;157;72;85
27.06.2020 12:30;175;94;81
27.06.2020 12:45;202;117;85
27.06.2020 13:00;171;79;92
27.06.2020 13:15;185;102;83
27.06.2020 13:30;171;74;97
27.06.2020 13:45;188;110;78
27.06.2020 14:00;205;93;112
27.06.2020 14:15;214;120;94
27.06.2020 14:30;223;99;124
27.06.2020 14:45;220;124;96
27.06.2020 15:00;216;86;130
27.06.2020 15:15;222;110;112
27.06.2020 15:30;186;93;93
27.06.2020 15:45;180;81;99
27.06.2020 16:00;217;102;115
27.06.2020 16:15;216;112;104
27.06.2020 16:30;192;93;99
27.06.2020 16:45;118;63;55
27.06.2020 17:00;201;101;100
27.06.2020 17:15;216;115;101
27.06.2020 17:30;198;97;101
27.06.2020 17:45;188;105;83
27.06.2020 18:00;209;93;116
27.06.2020 18:15;199;61;138
27.06.2020 18:30;84;36;48
27.06.2020 18:45;190;89;101
27.06.2020 19:00;203;104;99
27.06.2020 19:15;131;61;70
27.06.2020 19:30;134;76;58
27.06.2020 19:45;158;81;77
27.06.2020 20:00;129;60;69
27.06.2020 20:15;132;80;52
27.06.2020 20:30;118;58;60
27.06.2020 20:45;105;50;55
27.06.2020 21:00;121;57;64
27.06.2020 21:15;111;52;59
27.06.2020 21:30;98;36;62
27.06.2020 21:45;90;30;60
27.06.2020 22:00;68;34;34
27.06.2020 22:15;80;33;47
27.06.2020 22:30;88;48;40
27.06.2020 22:45;65;30;35
27.06.2020 23:00;59;25;34
27.06.2020 23:15;59;31;28
27.06.2020 23:30;61;24;37
27.06.2020 23:45;61;22;39
28.06.2020 00:00;64;20;44
28.06.2020 00:15;42;19;23
28.06.2020 00:30;60;17;43
28.06.2020 00:45;50;21;29
28.06.2020 01:00;44;22;22
28.06.2020 01:15;34;11;23
28.06.2020 01:30;29;10;19
28.06.2020 01:45;37;14;23
28.06.2020 02:00;17;6;11
28.06.2020 02:15;36;8;28
28.06.2020 02:30;12;6;6
28.06.2020 02:45;20;6;14
28.06.2020 03:00;21;13;8
28.06.2020 03:15;20;3;17
28.06.2020 03:30;18;8;10
28.06.2020 03:45;16;2;14
28.06.2020 04:00;11;3;8
28.06.2020 04:15;6;2;4
28.06.2020 04:30;18;11;7
28.06.2020 04:45;15;3;12
28.06.2020 05:00;5;2;3
28.06.2020 05:15;5;1;4
28.06.2020 05:30;7;3;4
28.06.2020 05:45;5;2;3
28.06.2020 06:00;10;6;4
28.06.2020 06:15;4;3;1
28.06.2020 06:30;4;3;1
28.06.2020 06:45;10;8;2
28.06.2020 07:00;8;4;4
28.06.2020 07:15;10;4;6
28.06.2020 07:30;17;8;9
28.06.2020 07:45;11;7;4
28.06.2020 08:00;13;3;10
28.06.2020 08:15;24;8;16
28.06.2020 08:30;27;11;16
28.06.2020 08:45;43;25;18
28.06.2020 09:00;48;34;14
28.06.2020 09:15;69;43;26
28.06.2020 09:30;72;38;34
28.06.2020 09:45;67;37;30
28.06.2020 10:00;66;32;34
28.06.2020 10:15;91;49;42
28.06.2020 10:30;108;75;33
28.06.2020 10:45;86;49;37
28.06.2020 11:00;107;56;51
28.06.2020 11:15;88;36;52
28.06.2020 11:30;101;43;58
28.06.2020 11:45;92;43;49
28.06.2020 12:00;87;37;50
28.06.2020 12:15;102;42;60
28.06.2020 12:30;116;60;56
28.06.2020 12:45;120;61;59
28.06.2020 13:00;123;59;64
28.06.2020 13:15;104;42;62
28.06.2020 13:30;122;58;64
28.06.2020 13:45;131;61;70
28.06.2020 14:00;129;61;68
28.06.2020 14:15;136;67;69
28.06.2020 14:30;113;47;66
28.06.2020 14:45;133;66;67
28.06.2020 15:00;130;63;67
28.06.2020 15:15;142;70;72
28.06.2020 15:30;101;60;41
28.06.2020 15:45;179;100;79
28.06.2020 16:00;136;80;56
28.06.2020 16:15;96;39;57
28.06.2020 16:30;131;61;70
28.06.2020 16:45;112;62;50
28.06.2020 17:00;129;64;65
28.06.2020 17:15;124;64;60
28.06.2020 17:30;166;89;77
28.06.2020 17:45;168;75;93
28.06.2020 18:00;140;59;81
28.06.2020 18:15;165;84;81
28.06.2020 18:30;139;76;63
28.06.2020 18:45;120;51;69
28.06.2020 19:00;130;49;81
28.06.2020 19:15;111;43;68
28.06.2020 19:30;129;55;74
28.06.2020 19:45;112;46;66
28.06.2020 20:00;109;49;60
28.06.2020 20:15;78;35;43
28.06.2020 20:30;79;23;56
28.06.2020 20:45;47;19;28
28.06.2020 21:00;48;24;24
28.06.2020 21:15;49;27;22
28.06.2020 21:30;49;20;29
28.06.2020 21:45;62;29;33
28.06.2020 22:00;43;17;26
28.06.2020 22:15;29;15;14
28.06.2020 22:30;30;15;15
28.06.2020 22:45;24;17;7
28.06.2020 23:00;28;4;24
28.06.2020 23:15;18;10;8
28.06.2020 23:30;10;5;5
28.06.2020 23:45;11;6;5
29.06.2020 00:00;6;2;4
29.06.2020 00:15;12;7;5
29.06.2020 00:30;7;1;6
29.06.2020 00:45;3;3;0
29.06.2020 01:00;10;5;5
29.06.2020 01:15;5;1;4
29.06.2020 01:30;5;5;0
29.06.2020 01:45;2;2;0
29.06.2020 02:00;2;2;0
29.06.2020 02:15;4;3;1
29.06.2020 02:30;1;1;0
29.06.2020 02:45;3;1;2
29.06.2020 03:00;0;0;0
29.06.2020 03:15;1;1;0
29.06.2020 03:30;2;0;2
29.06.2020 03:45;2;0;2
29.06.2020 04:00;2;2;0
29.06.2020 04:15;3;3;0
29.06.2020 04:30;2;1;1
29.06.2020 04:45;3;3;0
29.06.2020 05:00;2;0;2
29.06.2020 05:15;0;0;0
29.06.2020 05:30;9;5;4
29.06.2020 05:45;15;10;5
29.06.2020 06:00;20;8;12
29.06.2020 06:15;23;15;8
29.06.2020 06:30;28;15;13
29.06.2020 06:45;41;24;17
29.06.2020 07:00;37;25;12
29.06.2020 07:15;66;44;22
29.06.2020 07:30;125;87;38
29.06.2020 07:45;123;70;53
29.06.2020 08:00;93;46;47
29.06.2020 08:15;126;66;60
29.06.2020 08:30;96;56;40
29.06.2020 08:45;129;87;42
29.06.2020 09:00;117;73;44
29.06.2020 09:15;132;82;50
29.06.2020 09:30;68;38;30
29.06.2020 09:45;79;42;37
29.06.2020 10:00;74;41;33
29.06.2020 10:15;84;59;25
29.06.2020 10:30;88;44;44
29.06.2020 10:45;95;53;42
29.06.2020 11:00;106;61;45
29.06.2020 11:15;162;96;66
29.06.2020 11:30;99;54;45
29.06.2020 11:45;86;47;39
29.06.2020 12:00;103;52;51
29.06.2020 12:15;146;74;72
29.06.2020 12:30;137;83;54
29.06.2020 12:45;149;85;64
29.06.2020 13:00;181;76;105
29.06.2020 13:15;185;88;97
29.06.2020 13:30;160;97;63
29.06.2020 13:45;182;105;77
29.06.2020 14:00;131;63;68
29.06.2020 14:15;146;68;78
29.06.2020 14:30;161;86;75
29.06.2020 14:45;179;90;89
29.06.2020 15:00;153;80;73
29.06.2020 15:15;186;94;92
29.06.2020 15:30;231;107;124
29.06.2020 15:45;208;120;88
29.06.2020 16:00;203;110;93
29.06.2020 16:15;213;102;111
29.06.2020 16:30;249;111;138
29.06.2020 16:45;243;111;132
29.06.2020 17:00;248;97;151
29.06.2020 17:15;220;98;122
29.06.2020 17:30;255;124;131
29.06.2020 17:45;214;96;118
29.06.2020 18:00;263;126;137
29.06.2020 18:15;204;91;113
29.06.2020 18:30;191;90;101
29.06.2020 18:45;182;83;99
29.06.2020 19:00;196;90;106
29.06.2020 19:15;201;66;135
29.06.2020 19:30;131;58;73
29.06.2020 19:45;158;75;83
29.06.2020 20:00;132;59;73
29.06.2020 20:15;157;76;81
29.06.2020 20:30;164;81;83
29.06.2020 20:45;99;39;60
29.06.2020 21:00;128;56;72
29.06.2020 21:15;98;45;53
29.06.2020 21:30;104;37;67
29.06.2020 21:45;71;30;41
29.06.2020 22:00;72;33;39
29.06.2020 22:15;92;35;57
29.06.2020 22:30;59;16;43
29.06.2020 22:45;44;15;29
29.06.2020 23:00;54;25;29
29.06.2020 23:15;23;11;12
29.06.2020 23:30;31;9;22
29.06.2020 23:45;20;12;8
30.06.2020 00:00;30;12;18
30.06.2020 00:15;32;16;16
30.06.2020 00:30;21;7;14
30.06.2020 00:45;13;9;4
30.06.2020 01:00;12;3;9
30.06.2020 01:15;13;2;11
30.06.2020 01:30;7;0;7
30.06.2020 01:45;6;3;3
30.06.2020 02:00;3;1;2
30.06.2020 02:15;4;2;2
30.06.2020 02:30;1;1;0
30.06.2020 02:45;5;1;4
30.06.2020 03:00;2;1;1
30.06.2020 03:15;3;1;2
30.06.2020 03:30;2;1;1
30.06.2020 03:45;1;0;1
30.06.2020 04:00;7;6;1
30.06.2020 04:15;1;1;0
30.06.2020 04:30;3;2;1
30.06.2020 04:45;6;4;2
30.06.2020 05:00;3;2;1
30.06.2020 05:15;12;3;9
30.06.2020 05:30;9;7;2
30.06.2020 05:45;30;23;7
30.06.2020 06:00;30;15;15
30.06.2020 06:15;33;25;8
30.06.2020 06:30;64;37;27
30.06.2020 06:45;65;39;26
30.06.2020 07:00;89;59;30
30.06.2020 07:15;150;105;45
30.06.2020 07:30;299;208;91
30.06.2020 07:45;228;135;93
30.06.2020 08:00;190;107;83
30.06.2020 08:15;184;110;74
30.06.2020 08:30;199;129;70
30.06.2020 08:45;258;141;117
30.06.2020 09:00;177;110;67
30.06.2020 09:15;194;121;73
30.06.2020 09:30;188;107;81
30.06.2020 09:45;173;98;75
30.06.2020 10:00;188;107;81
30.06.2020 10:15;179;97;82
30.06.2020 10:30;160;70;90
30.06.2020 10:45;196;110;86
30.06.2020 11:00;203;92;111
30.06.2020 11:15;224;129;95
30.06.2020 11:30;196;99;97
30.06.2020 11:45;195;94;101
30.06.2020 12:00;210;104;106
30.06.2020 12:15;230;110;120
30.06.2020 12:30;220;107;113
30.06.2020 12:45;271;134;137
30.06.2020 13:00;338;124;214
30.06.2020 13:15;255;137;118
30.06.2020 13:30;216;117;99
30.06.2020 13:45;280;130;150
30.06.2020 14:00;209;94;115
30.06.2020 14:15;213;103;110
30.06.2020 14:30;231;101;130
30.06.2020 14:45;254;127;127
30.06.2020 15:00;294;125;169
30.06.2020 15:15;270;129;141
30.06.2020 15:30;248;125;123
30.06.2020 15:45;280;116;164
30.06.2020 16:00;248;110;138
30.06.2020 16:15;258;134;124
30.06.2020 16:30;315;125;190
30.06.2020 16:45;303;157;146
30.06.2020 17:00;340;169;171
30.06.2020 17:15;302;142;160
30.06.2020 17:30;306;132;174
30.06.2020 17:45;303;157;146
30.06.2020 18:00;307;110;197
30.06.2020 18:15;249;111;138
30.06.2020 18:30;252;97;155
30.06.2020 18:45;264;120;144
30.06.2020 19:00;243;116;127
30.06.2020 19:15;218;100;118
30.06.2020 19:30;213;93;120
30.06.2020 19:45;233;91;142
30.06.2020 20:00;210;90;120
30.06.2020 20:15;179;90;89
30.06.2020 20:30;157;90;67
30.06.2020 20:45;144;63;81
30.06.2020 21:00;117;51;66
30.06.2020 21:15;147;64;83
30.06.2020 21:30;93;36;57
30.06.2020 21:45;111;52;59
30.06.2020 22:00;116;54;62
30.06.2020 22:15;91;34;57
30.06.2020 22:30;80;20;60
30.06.2020 22:45;79;28;51
30.06.2020 23:00;98;31;67
30.06.2020 23:15;52;24;28
30.06.2020 23:30;59;18;41
30.06.2020 23:45;43;21;22
01.07.2020 00:00;33;10;23
01.07.2020 00:15;37;18;19
01.07.2020 00:30;13;6;7
01.07.2020 00:45;21;7;14
01.07.2020 01:00;17;5;12
01.07.2020 01:15;14;6;8
01.07.2020 01:30;7;1;6
01.07.2020 01:45;8;4;4
01.07.2020 02:00;4;2;2
01.07.2020 02:15;2;0;2
01.07.2020 02:30;6;1;5
01.07.2020 02:45;3;2;1
01.07.2020 03:00;3;2;1
01.07.2020 03:15;0;0;0
01.07.2020 03:30;7;2;5
01.07.2020 03:45;6;1;5
01.07.2020 04:00;1;1;0
01.07.2020 04:15;0;0;0
01.07.2020 04:30;5;4;1
01.07.2020 04:45;2;1;1
01.07.2020 05:00;4;3;1
01.07.2020 05:15;11;8;3
01.07.2020 05:30;12;6;6
01.07.2020 05:45;30;18;12
01.07.2020 06:00;35;22;13
01.07.2020 06:15;50;35;15
01.07.2020 06:30;58;30;28
01.07.2020 06:45;85;51;34
01.07.2020 07:00;86;49;37
01.07.2020 07:15;165;123;42
01.07.2020 07:30;319;198;121
01.07.2020 07:45;252;142;110
01.07.2020 08:00;210;119;91
01.07.2020 08:15;207;128;79
01.07.2020 08:30;213;123;90
01.07.2020 08:45;250;139;111
01.07.2020 09:00;188;124;64
01.07.2020 09:15;238;130;108
01.07.2020 09:30;206;113;93
01.07.2020 09:45;197;120;77
01.07.2020 10:00;201;130;71
01.07.2020 10:15;195;111;84
01.07.2020 10:30;188;101;87
01.07.2020 10:45;169;93;76
01.07.2020 11:00;196;106;90
01.07.2020 11:15;215;114;101
01.07.2020 11:30;201;86;115
01.07.2020 11:45;209;120;89
01.07.2020 12:00;231;104;127
01.07.2020 12:15;286;119;167
01.07.2020 12:30;220;100;120
01.07.2020 12:45;242;119;123
01.07.2020 13:00;338;99;239
01.07.2020 13:15;251;127;124
01.07.2020 13:30;216;124;92
01.07.2020 13:45;241;126;115
01.07.2020 14:00;212;100;112
01.07.2020 14:15;216;101;115
01.07.2020 14:30;224;122;102
01.07.2020 14:45;268;106;162
01.07.2020 15:00;230;110;120
01.07.2020 15:15;238;113;125
01.07.2020 15:30;282;122;160
01.07.2020 15:45;315;140;175
01.07.2020 16:00;242;102;140
01.07.2020 16:15;275;126;149
01.07.2020 16:30;295;131;164
01.07.2020 16:45;289;124;165
01.07.2020 17:00;310;138;172
01.07.2020 17:15;277;136;141
01.07.2020 17:30;284;140;144
01.07.2020 17:45;323;155;168
01.07.2020 18:00;327;142;185
01.07.2020 18:15;275;129;146
01.07.2020 18:30;233;101;132
01.07.2020 18:45;232;105;127
01.07.2020 19:00;248;112;136
01.07.2020 19:15;215;95;120
01.07.2020 19:30;233;117;116
01.07.2020 19:45;182;69;113
01.07.2020 20:00;209;73;136
01.07.2020 20:15;187;92;95
01.07.2020 20:30;145;71;74
01.07.2020 20:45;136;67;69
01.07.2020 21:00;120;49;71
01.07.2020 21:15;114;46;68
01.07.2020 21:30;122;47;75
01.07.2020 21:45;126;48;78
01.07.2020 22:00;130;57;73
01.07.2020 22:15;100;29;71
01.07.2020 22:30;75;30;45
01.07.2020 22:45;91;28;63
01.07.2020 23:00;64;23;41
01.07.2020 23:15;50;9;41
01.07.2020 23:30;45;16;29
01.07.2020 23:45;51;21;30
02.07.2020 00:00;28;8;20
02.07.2020 00:15;29;10;19
02.07.2020 00:30;26;10;16
02.07.2020 00:45;13;6;7
02.07.2020 01:00;25;11;14
02.07.2020 01:15;6;1;5
02.07.2020 01:30;8;2;6
02.07.2020 01:45;9;7;2
02.07.2020 02:00;11;3;8
02.07.2020 02:15;7;5;2
02.07.2020 02:30;4;3;1
02.07.2020 02:45;6;4;2
02.07.2020 03:00;5;2;3
02.07.2020 03:15;1;0;1
02.07.2020 03:30;2;0;2
02.07.2020 03:45;7;4;3
02.07.2020 04:00;2;0;2
02.07.2020 04:15;2;1;1
02.07.2020 04:30;1;1;0
02.07.2020 04:45;4;3;1
02.07.2020 05:00;6;5;1
02.07.2020 05:15;3;2;1
02.07.2020 05:30;12;8;4
02.07.2020 05:45;29;20;9
02.07.2020 06:00;20;10;10
02.07.2020 06:15;29;14;15
02.07.2020 06:30;40;22;18
02.07.2020 06:45;64;47;17
02.07.2020 07:00;68;35;33
02.07.2020 07:15;160;116;44
02.07.2020 07:30;294;205;89
02.07.2020 07:45;254;137;117
02.07.2020 08:00;162;81;81
02.07.2020 08:15;191;107;84
02.07.2020 08:30;209;129;80
02.07.2020 08:45;218;144;74
02.07.2020 09:00;165;102;63
02.07.2020 09:15;201;131;70
02.07.2020 09:30;146;93;53
02.07.2020 09:45;141;90;51
02.07.2020 10:00;128;67;61
02.07.2020 10:15;139;86;53
02.07.2020 10:30;133;76;57
02.07.2020 10:45;167;84;83
02.07.2020 11:00;186;94;92
02.07.2020 11:15;192;97;95
02.07.2020 11:30;160;84;76
02.07.2020 11:45;157;79;78
02.07.2020 12:00;178;87;91
02.07.2020 12:15;198;93;105
02.07.2020 12:30;217;100;117
02.07.2020 12:45;222;107;115
02.07.2020 13:00;310;98;212
02.07.2020 13:15;178;94;84
02.07.2020 13:30;207;106;101
02.07.2020 13:45;219;126;93
02.07.2020 14:00;189;92;97
02.07.2020 14:15;165;80;85
02.07.2020 14:30;196;83;113
02.07.2020 14:45;231;90;141
02.07.2020 15:00;168;66;102
02.07.2020 15:15;206;101;105
02.07.2020 15:30;178;90;88
02.07.2020 15:45;246;120;126
02.07.2020 16:00;254;133;121
02.07.2020 16:15;232;124;108
02.07.2020 16:30;263;127;136
02.07.2020 16:45;266;138;128
02.07.2020 17:00;249;89;160
02.07.2020 17:15;269;124;145
02.07.2020 17:30;253;123;130
02.07.2020 17:45;253;126;127
02.07.2020 18:00;276;111;165
02.07.2020 18:15;236;108;128
02.07.2020 18:30;219;89;130
02.07.2020 18:45;248;120;128
02.07.2020 19:00;197;79;118
02.07.2020 19:15;202;96;106
02.07.2020 19:30;171;65;106
02.07.2020 19:45;178;86;92
02.07.2020 20:00;160;61;99
02.07.2020 20:15;169;69;100
02.07.2020 20:30;136;54;82
02.07.2020 20:45;92;40;52
02.07.2020 21:00;107;44;63
02.07.2020 21:15;85;43;42
02.07.2020 21:30;84;32;52
02.07.2020 21:45;85;25;60
02.07.2020 22:00;90;31;59
02.07.2020 22:15;83;26;57
02.07.2020 22:30;78;36;42
02.07.2020 22:45;59;15;44
02.07.2020 23:00;60;22;38
02.07.2020 23:15;44;15;29
02.07.2020 23:30;61;22;39
02.07.2020 23:45;35;7;28
03.07.2020 00:00;42;21;21
03.07.2020 00:15;34;13;21
03.07.2020 00:30;23;7;16
03.07.2020 00:45;20;9;11
03.07.2020 01:00;20;6;14
03.07.2020 01:15;19;7;12
03.07.2020 01:30;19;8;11
03.07.2020 01:45;12;5;7
03.07.2020 02:00;2;1;1
03.07.2020 02:15;2;1;1
03.07.2020 02:30;5;0;5
03.07.2020 02:45;1;0;1
03.07.2020 03:00;36;15;21
03.07.2020 03:15;5;2;3
03.07.2020 03:30;5;2;3
03.07.2020 03:45;2;0;2
03.07.2020 04:00;0;0;0
03.07.2020 04:15;3;1;2
03.07.2020 04:30;4;4;0
03.07.2020 04:45;0;0;0
03.07.2020 05:00;2;1;1
03.07.2020 05:15;10;5;5
03.07.2020 05:30;12;9;3
03.07.2020 05:45;32;25;7
03.07.2020 06:00;29;17;12
03.07.2020 06:15;35;22;13
03.07.2020 06:30;35;17;18
03.07.2020 06:45;64;37;27
03.07.2020 07:00;79;50;29
03.07.2020 07:15;129;94;35
03.07.2020 07:30;311;221;90
03.07.2020 07:45;205;108;97
03.07.2020 08:00;153;84;69
03.07.2020 08:15;158;102;56
03.07.2020 08:30;194;114;80
03.07.2020 08:45;212;132;80
03.07.2020 09:00;154;75;79
03.07.2020 09:15;206;134;72
03.07.2020 09:30;190;130;60
03.07.2020 09:45;185;124;61
03.07.2020 10:00;158;91;67
03.07.2020 10:15;194;118;76
03.07.2020 10:30;185;107;78
03.07.2020 10:45;199;111;88
03.07.2020 11:00;266;126;140
03.07.2020 11:15;233;128;105
03.07.2020 11:30;202;116;86
03.07.2020 11:45;202;96;106
03.07.2020 12:00;188;78;110
03.07.2020 12:15;217;105;112
03.07.2020 12:30;183;92;91
03.07.2020 12:45;217;93;124
03.07.2020 13:00;336;117;219
03.07.2020 13:15;271;115;156
03.07.2020 13:30;194;93;101
03.07.2020 13:45;201;117;84
03.07.2020 14:00;211;111;100
03.07.2020 14:15;177;77;100
03.07.2020 14:30;194;92;102
03.07.2020 14:45;242;108;134
03.07.2020 15:00;213;115;98
03.07.2020 15:15;208;116;92
03.07.2020 15:30;236;118;118
03.07.2020 15:45;233;133;100
03.07.2020 16:00;215;99;116
03.07.2020 16:15;230;128;102
03.07.2020 16:30;198;99;99
03.07.2020 16:45;218;100;118
03.07.2020 17:00;231;110;121
03.07.2020 17:15;261;132;129
03.07.2020 17:30;255;136;119
03.07.2020 17:45;247;109;138
03.07.2020 18:00;215;77;138
03.07.2020 18:15;208;90;118
03.07.2020 18:30;197;88;109
03.07.2020 18:45;250;98;152
03.07.2020 19:00;211;98;113
03.07.2020 19:15;186;92;94
03.07.2020 19:30;141;72;69
03.07.2020 19:45;179;71;108
03.07.2020 20:00;162;85;77
03.07.2020 20:15;128;56;72
03.07.2020 20:30;120;70;50
03.07.2020 20:45;98;50;48
03.07.2020 21:00;93;34;59
03.07.2020 21:15;83;35;48
03.07.2020 21:30;83;38;45
03.07.2020 21:45;98;50;48
03.07.2020 22:00;96;52;44
03.07.2020 22:15;105;38;67
03.07.2020 22:30;79;20;59
03.07.2020 22:45;76;28;48
03.07.2020 23:00;62;24;38
03.07.2020 23:15;52;18;34
03.07.2020 23:30;56;23;33
03.07.2020 23:45;59;19;40
04.07.2020 00:00;48;29;19
04.07.2020 00:15;41;16;25
04.07.2020 00:30;62;18;44
04.07.2020 00:45;44;23;21
04.07.2020 01:00;34;13;21
04.07.2020 01:15;38;16;22
04.07.2020 01:30;22;8;14
04.07.2020 01:45;32;6;26
04.07.2020 02:00;17;6;11
04.07.2020 02:15;28;12;16
04.07.2020 02:30;26;9;17
04.07.2020 02:45;17;7;10
04.07.2020 03:00;9;1;8
04.07.2020 03:15;15;7;8
04.07.2020 03:30;17;1;16
04.07.2020 03:45;5;1;4
04.07.2020 04:00;16;3;13
04.07.2020 04:15;13;6;7
04.07.2020 04:30;9;5;4
04.07.2020 04:45;8;8;0
04.07.2020 05:00;9;4;5
04.07.2020 05:15;5;2;3
04.07.2020 05:30;11;8;3
04.07.2020 05:45;13;6;7
04.07.2020 06:00;11;1;10
04.07.2020 06:15;16;11;5
04.07.2020 06:30;15;7;8
04.07.2020 06:45;18;9;9
04.07.2020 07:00;13;5;8
04.07.2020 07:15;21;12;9
04.07.2020 07:30;36;23;13
04.07.2020 07:45;41;24;17
04.07.2020 08:00;38;22;16
04.07.2020 08:15;45;30;15
04.07.2020 08:30;55;32;23
04.07.2020 08:45;111;64;47
04.07.2020 09:00;88;48;40
04.07.2020 09:15;105;67;38
04.07.2020 09:30;128;89;39
04.07.2020 09:45;192;122;70
04.07.2020 10:00;151;72;79
04.07.2020 10:15;183;83;100
04.07.2020 10:30;183;118;65
04.07.2020 10:45;203;117;86
04.07.2020 11:00;189;94;95
04.07.2020 11:15;204;97;107
04.07.2020 11:30;199;106;93
04.07.2020 11:45;199;91;108
04.07.2020 12:00;189;93;96
04.07.2020 12:15;196;109;87
04.07.2020 12:30;206;106;100
04.07.2020 12:45;194;92;102
04.07.2020 13:00;174;83;91
04.07.2020 13:15;224;111;113
04.07.2020 13:30;173;88;85
04.07.2020 13:45;203;110;93
04.07.2020 14:00;202;109;93
04.07.2020 14:15;210;114;96
04.07.2020 14:30;196;87;109
04.07.2020 14:45;208;108;100
04.07.2020 15:00;213;104;109
04.07.2020 15:15;190;87;103
04.07.2020 15:30;181;91;90
04.07.2020 15:45;211;107;104
04.07.2020 16:00;217;84;133
04.07.2020 16:15;208;77;131
04.07.2020 16:30;195;98;97
04.07.2020 16:45;202;102;100
04.07.2020 17:00;206;93;113
04.07.2020 17:15;213;102;111
04.07.2020 17:30;199;90;109
04.07.2020 17:45;224;108;116
04.07.2020 18:00;214;89;125
04.07.2020 18:15;216;98;118
04.07.2020 18:30;219;99;120
04.07.2020 18:45;226;109;117
04.07.2020 19:00;206;96;110
04.07.2020 19:15;192;99;93
04.07.2020 19:30;147;57;90
04.07.2020 19:45;201;93;108
04.07.2020 20:00;157;76;81
04.07.2020 20:15;186;102;84
04.07.2020 20:30;115;44;71
04.07.2020 20:45;144;67;77
04.07.2020 21:00;123;63;60
04.07.2020 21:15;91;35;56
04.07.2020 21:30;101;38;63
04.07.2020 21:45;105;33;72
04.07.2020 22:00;120;62;58
04.07.2020 22:15;102;47;55
04.07.2020 22:30;101;43;58
04.07.2020 22:45;66;23;43
04.07.2020 23:00;68;20;48
04.07.2020 23:15;61;24;37
04.07.2020 23:30;68;27;41
04.07.2020 23:45;91;33;58
05.07.2020 00:00;62;18;44
05.07.2020 00:15;58;30;28
05.07.2020 00:30;52;22;30
05.07.2020 00:45;46;23;23
05.07.2020 01:00;45;18;27
05.07.2020 01:15;33;8;25
05.07.2020 01:30;41;17;24
05.07.2020 01:45;38;19;19
05.07.2020 02:00;31;9;22
05.07.2020 02:15;28;9;19
05.07.2020 02:30;11;3;8
05.07.2020 02:45;14;4;10
05.07.2020 03:00;16;4;12
05.07.2020 03:15;15;3;12
05.07.2020 03:30;25;6;19
05.07.2020 03:45;15;14;1
05.07.2020 04:00;19;5;14
05.07.2020 04:15;5;0;5
05.07.2020 04:30;8;5;3
05.07.2020 04:45;3;1;2
05.07.2020 05:00;2;2;0
05.07.2020 05:15;6;2;4
05.07.2020 05:30;15;3;12
05.07.2020 05:45;12;8;4
05.07.2020 06:00;13;6;7
05.07.2020 06:15;9;8;1
05.07.2020 06:30;11;8;3
05.07.2020 06:45;4;1;3
05.07.2020 07:00;12;8;4
05.07.2020 07:15;13;7;6
05.07.2020 07:30;20;15;5
05.07.2020 07:45;17;10;7
05.07.2020 08:00;21;5;16
05.07.2020 08:15;22;11;11
05.07.2020 08:30;52;27;25
05.07.2020 08:45;62;41;21
05.07.2020 09:00;66;32;34
05.07.2020 09:15;70;43;27
05.07.2020 09:30;78;41;37
05.07.2020 09:45;105;50;55
05.07.2020 10:00;112;45;67
05.07.2020 10:15;106;49;57
05.07.2020 10:30;96;46;50
05.07.2020 10:45;124;64;60
05.07.2020 11:00;122;68;54
05.07.2020 11:15;114;63;51
05.07.2020 11:30;134;73;61
05.07.2020 11:45;126;52;74
05.07.2020 12:00;134;36;98
05.07.2020 12:15;140;62;78
05.07.2020 12:30;139;52;87
05.07.2020 12:45;145;55;90
05.07.2020 13:00;144;77;67
05.07.2020 13:15;157;84;73
05.07.2020 13:30;155;95;60
05.07.2020 13:45;130;87;43
05.07.2020 14:00;155;72;83
05.07.2020 14:15;141;76;65
05.07.2020 14:30;154;65;89
05.07.2020 14:45;178;87;91
05.07.2020 15:00;151;90;61
05.07.2020 15:15;175;72;103
05.07.2020 15:30;167;80;87
05.07.2020 15:45;151;75;76
05.07.2020 16:00;159;73;86
05.07.2020 16:15;134;76;58
05.07.2020 16:30;149;86;63
05.07.2020 16:45;180;87;93
05.07.2020 17:00;132;66;66
05.07.2020 17:15;148;75;73
05.07.2020 17:30;169;81;88
05.07.2020 17:45;137;64;73
05.07.2020 18:00;170;89;81
05.07.2020 18:15;198;106;92
05.07.2020 18:30;186;96;90
05.07.2020 18:45;184;101;83
05.07.2020 19:00;156;74;82
05.07.2020 19:15;147;61;86
05.07.2020 19:30;146;73;73
05.07.2020 19:45;150;78;72
05.07.2020 20:00;120;55;65
05.07.2020 20:15;129;59;70
05.07.2020 20:30;91;40;51
05.07.2020 20:45;100;40;60
05.07.2020 21:00;96;32;64
05.07.2020 21:15;126;51;75
05.07.2020 21:30;116;44;72
05.07.2020 21:45;65;25;40
05.07.2020 22:00;63;19;44
05.07.2020 22:15;57;30;27
05.07.2020 22:30;51;22;29
05.07.2020 22:45;65;27;38
05.07.2020 23:00;42;18;24
05.07.2020 23:15;42;16;26
05.07.2020 23:30;37;18;19
05.07.2020 23:45;24;7;17
06.07.2020 00:00;16;6;10
06.07.2020 00:15;16;10;6
06.07.2020 00:30;18;9;9
06.07.2020 00:45;18;11;7
06.07.2020 01:00;7;2;5
06.07.2020 01:15;4;2;2
06.07.2020 01:30;4;1;3
06.07.2020 01:45;7;3;4
06.07.2020 02:00;0;0;0
06.07.2020 02:15;2;0;2
06.07.2020 02:30;1;1;0
06.07.2020 02:45;3;1;2
06.07.2020 03:00;0;0;0
06.07.2020 03:15;1;0;1
06.07.2020 03:30;4;3;1
06.07.2020 03:45;2;2;0
06.07.2020 04:00;4;1;3
06.07.2020 04:15;3;1;2
06.07.2020 04:30;5;4;1
06.07.2020 04:45;5;4;1
06.07.2020 05:00;3;2;1
06.07.2020 05:15;5;3;2
06.07.2020 05:30;15;7;8
06.07.2020 05:45;30;20;10
06.07.2020 06:00;26;18;8
06.07.2020 06:15;38;22;16
06.07.2020 06:30;53;29;24
06.07.2020 06:45;74;48;26
06.07.2020 07:00;95;53;42
06.07.2020 07:15;170;125;45
06.07.2020 07:30;264;173;91
06.07.2020 07:45;234;126;108
06.07.2020 08:00;179;101;78
06.07.2020 08:15;181;103;78
06.07.2020 08:30;196;126;70
06.07.2020 08:45;229;130;99
06.07.2020 09:00;184;115;69
06.07.2020 09:15;157;97;60
06.07.2020 09:30;164;91;73
06.07.2020 09:45;162;96;66
06.07.2020 10:00;128;62;66
06.07.2020 10:15;155;78;77
06.07.2020 10:30;137;69;68
06.07.2020 10:45;147;69;78
06.07.2020 11:00;161;86;75
06.07.2020 11:15;165;77;88
06.07.2020 11:30;116;49;67
06.07.2020 11:45;153;81;72
06.07.2020 12:00;126;61;65
06.07.2020 12:15;176;83;93
06.07.2020 12:30;200;100;100
06.07.2020 12:45;183;101;82
06.07.2020 13:00;243;85;158
06.07.2020 13:15;208;113;95
06.07.2020 13:30;177;99;78
06.07.2020 13:45;206;101;105
06.07.2020 14:00;188;100;88
06.07.2020 14:15;193;101;92
06.07.2020 14:30;183;96;87
06.07.2020 14:45;224;107;117
06.07.2020 15:00;182;86;96
06.07.2020 15:15;246;131;115
06.07.2020 15:30;212;114;98
06.07.2020 15:45;239;129;110
06.07.2020 16:00;237;108;129
06.07.2020 16:15;251;111;140
06.07.2020 16:30;249;119;130
06.07.2020 16:45;287;154;133
06.07.2020 17:00;264;115;149
06.07.2020 17:15;267;136;131
06.07.2020 17:30;240;108;132
06.07.2020 17:45;310;132;178
06.07.2020 18:00;279;121;158
06.07.2020 18:15;272;122;150
06.07.2020 18:30;233;105;128
06.07.2020 18:45;208;93;115
06.07.2020 19:00;209;105;104
06.07.2020 19:15;175;79;96
06.07.2020 19:30;150;72;78
06.07.2020 19:45;174;85;89
06.07.2020 20:00;163;65;98
06.07.2020 20:15;166;77;89
06.07.2020 20:30;124;62;62
06.07.2020 20:45;108;38;70
06.07.2020 21:00;96;41;55
06.07.2020 21:15;97;33;64
06.07.2020 21:30;78;31;47
06.07.2020 21:45;81;37;44
06.07.2020 22:00;85;31;54
06.07.2020 22:15;65;34;31
06.07.2020 22:30;66;20;46
06.07.2020 22:45;64;21;43
06.07.2020 23:00;45;21;24
06.07.2020 23:15;38;14;24
06.07.2020 23:30;47;17;30
06.07.2020 23:45;26;8;18
07.07.2020 00:00;10;5;5
07.07.2020 00:15;27;15;12
07.07.2020 00:30;21;5;16
07.07.2020 00:45;16;6;10
07.07.2020 01:00;15;4;11
07.07.2020 01:15;14;6;8
07.07.2020 01:30;7;4;3
07.07.2020 01:45;18;7;11
07.07.2020 02:00;4;3;1
07.07.2020 02:15;4;1;3
07.07.2020 02:30;1;0;1
07.07.2020 02:45;1;0;1
07.07.2020 03:00;6;1;5
07.07.2020 03:15;4;2;2
07.07.2020 03:30;2;2;0
07.07.2020 03:45;1;1;0
07.07.2020 04:00;2;2;0
07.07.2020 04:15;2;2;0
07.07.2020 04:30;0;0;0
07.07.2020 04:45;3;2;1
07.07.2020 05:00;4;3;1
07.07.2020 05:15;5;4;1
07.07.2020 05:30;22;14;8
07.07.2020 05:45;45;31;14
07.07.2020 06:00;35;22;13
07.07.2020 06:15;41;27;14
07.07.2020 06:30;55;30;25
07.07.2020 06:45;73;43;30
07.07.2020 07:00;90;51;39
07.07.2020 07:15;166;107;59
07.07.2020 07:30;290;199;91
07.07.2020 07:45;279;164;115
07.07.2020 08:00;210;104;106
07.07.2020 08:15;203;116;87
07.07.2020 08:30;225;130;95
07.07.2020 08:45;254;138;116
07.07.2020 09:00;153;96;57
07.07.2020 09:15;202;129;73
07.07.2020 09:30;174;92;82
07.07.2020 09:45;169;101;68
07.07.2020 10:00;158;72;86
07.07.2020 10:15;177;96;81
07.07.2020 10:30;200;99;101
07.07.2020 10:45;210;94;116
07.07.2020 11:00;258;122;136
07.07.2020 11:15;237;111;126
07.07.2020 11:30;195;117;78
07.07.2020 11:45;200;98;102
07.07.2020 12:00;199;100;99
07.07.2020 12:15;251;111;140
07.07.2020 12:30;221;99;122
07.07.2020 12:45;234;110;124
07.07.2020 13:00;298;106;192
07.07.2020 13:15;213;103;110
07.07.2020 13:30;233;106;127
07.07.2020 13:45;267;151;116
07.07.2020 14:00;250;143;107
07.07.2020 14:15;211;103;108
07.07.2020 14:30;224;101;123
07.07.2020 14:45;251;120;131
07.07.2020 15:00;256;99;157
07.07.2020 15:15;265;143;122
07.07.2020 15:30;284;147;137
07.07.2020 15:45;310;129;181
07.07.2020 16:00;262;130;132
07.07.2020 16:15;265;121;144
07.07.2020 16:30;301;151;150
07.07.2020 16:45;284;129;155
07.07.2020 17:00;334;156;178
07.07.2020 17:15;334;168;166
07.07.2020 17:30;308;131;177
07.07.2020 17:45;343;162;181
07.07.2020 18:00;318;130;188
07.07.2020 18:15;304;141;163
07.07.2020 18:30;289;117;172
07.07.2020 18:45;292;138;154
07.07.2020 19:00;249;109;140
07.07.2020 19:15;257;126;131
07.07.2020 19:30;236;118;118
07.07.2020 19:45;218;114;104
07.07.2020 20:00;215;101;114
07.07.2020 20:15;169;88;81
07.07.2020 20:30;158;79;79
07.07.2020 20:45;153;70;83
07.07.2020 21:00;111;41;70
07.07.2020 21:15;151;69;82
07.07.2020 21:30;101;38;63
07.07.2020 21:45;109;46;63
07.07.2020 22:00;105;43;62
07.07.2020 22:15;104;44;60
07.07.2020 22:30;97;21;76
07.07.2020 22:45;83;27;56
07.07.2020 23:00;58;9;49
07.07.2020 23:15;58;27;31
07.07.2020 23:30;39;16;23
07.07.2020 23:45;31;8;23
08.07.2020 00:00;28;9;19
08.07.2020 00:15;20;9;11
08.07.2020 00:30;29;7;22
08.07.2020 00:45;13;5;8
08.07.2020 01:00;10;2;8
08.07.2020 01:15;15;3;12
08.07.2020 01:30;6;3;3
08.07.2020 01:45;7;2;5
08.07.2020 02:00;7;4;3
08.07.2020 02:15;3;1;2
08.07.2020 02:30;3;0;3
08.07.2020 02:45;2;0;2
08.07.2020 03:00;2;0;2
08.07.2020 03:15;2;2;0
08.07.2020 03:30;4;1;3
08.07.2020 03:45;5;3;2
08.07.2020 04:00;4;2;2
08.07.2020 04:15;2;1;1
08.07.2020 04:30;6;3;3
08.07.2020 04:45;5;4;1
08.07.2020 05:00;2;1;1
08.07.2020 05:15;11;8;3
08.07.2020 05:30;17;11;6
08.07.2020 05:45;36;25;11
08.07.2020 06:00;34;22;12
08.07.2020 06:15;47;27;20
08.07.2020 06:30;56;29;27
08.07.2020 06:45;61;42;19
08.07.2020 07:00;107;67;40
08.07.2020 07:15;171;127;44
08.07.2020 07:30;301;194;107
08.07.2020 07:45;276;167;109
08.07.2020 08:00;198;106;92
08.07.2020 08:15;203;121;82
08.07.2020 08:30;213;131;82
08.07.2020 08:45;248;140;108
08.07.2020 09:00;209;129;80
08.07.2020 09:15;223;128;95
08.07.2020 09:30;194;109;85
08.07.2020 09:45;217;119;98
08.07.2020 10:00;169;96;73
08.07.2020 10:15;176;91;85
08.07.2020 10:30;189;93;96
08.07.2020 10:45;183;97;86
08.07.2020 11:00;224;116;108
08.07.2020 11:15;226;118;108
08.07.2020 11:30;201;110;91
08.07.2020 11:45;197;93;104
08.07.2020 12:00;226;93;133
08.07.2020 12:15;272;131;141
08.07.2020 12:30;234;115;119
08.07.2020 12:45;212;103;109
08.07.2020 13:00;315;101;214
08.07.2020 13:15;226;113;113
08.07.2020 13:30;239;118;121
08.07.2020 13:45;230;110;120
08.07.2020 14:00;261;135;126
08.07.2020 14:15;231;115;116
08.07.2020 14:30;221;123;98
08.07.2020 14:45;221;116;105
08.07.2020 15:00;260;105;155
08.07.2020 15:15;238;122;116
08.07.2020 15:30;284;128;156
08.07.2020 15:45;256;122;134
08.07.2020 16:00;305;131;174
08.07.2020 16:15;288;150;138
08.07.2020 16:30;248;109;139
08.07.2020 16:45;295;147;148
08.07.2020 17:00;314;127;187
08.07.2020 17:15;317;147;170
08.07.2020 17:30;322;142;180
08.07.2020 17:45;318;144;174
08.07.2020 18:00;299;140;159
08.07.2020 18:15;299;129;170
08.07.2020 18:30;238;117;121
08.07.2020 18:45;317;161;156
08.07.2020 19:00;246;107;139
08.07.2020 19:15;187;96;91
08.07.2020 19:30;211;103;108
08.07.2020 19:45;178;83;95
08.07.2020 20:00;174;76;98
08.07.2020 20:15;196;72;124
08.07.2020 20:30;131;53;78
08.07.2020 20:45;139;61;78
08.07.2020 21:00;149;56;93
08.07.2020 21:15;155;72;83
08.07.2020 21:30;132;50;82
08.07.2020 21:45;118;43;75
08.07.2020 22:00;127;53;74
08.07.2020 22:15;115;54;61
08.07.2020 22:30;87;26;61
08.07.2020 22:45;78;26;52
08.07.2020 23:00;67;25;42
08.07.2020 23:15;68;22;46
08.07.2020 23:30;45;19;26
08.07.2020 23:45;48;26;22
09.07.2020 00:00;25;8;17
09.07.2020 00:15;44;16;28
09.07.2020 00:30;31;12;19
09.07.2020 00:45;29;6;23
09.07.2020 01:00;19;6;13
09.07.2020 01:15;21;12;9
09.07.2020 01:30;14;3;11
09.07.2020 01:45;9;5;4
09.07.2020 02:00;4;1;3
09.07.2020 02:15;8;5;3
09.07.2020 02:30;5;1;4
09.07.2020 02:45;6;0;6
09.07.2020 03:00;1;1;0
09.07.2020 03:15;5;1;4
09.07.2020 03:30;3;0;3
09.07.2020 03:45;0;0;0
09.07.2020 04:00;4;4;0
09.07.2020 04:15;0;0;0
09.07.2020 04:30;2;2;0
09.07.2020 04:45;5;3;2
09.07.2020 05:00;3;1;2
09.07.2020 05:15;8;7;1
09.07.2020 05:30;15;8;7
09.07.2020 05:45;37;29;8
09.07.2020 06:00;25;13;12
09.07.2020 06:15;47;28;19
09.07.2020 06:30;56;33;23
09.07.2020 06:45;79;46;33
09.07.2020 07:00;82;42;40
09.07.2020 07:15;185;129;56
09.07.2020 07:30;319;218;101
09.07.2020 07:45;277;158;119
09.07.2020 08:00;175;82;93
09.07.2020 08:15;212;122;90
09.07.2020 08:30;201;124;77
09.07.2020 08:45;239;143;96
09.07.2020 09:00;194;100;94
09.07.2020 09:15;241;147;94
09.07.2020 09:30;196;122;74
09.07.2020 09:45;193;111;82
09.07.2020 10:00;160;65;95
09.07.2020 10:15;180;92;88
09.07.2020 10:30;170;76;94
09.07.2020 10:45;209;116;93
09.07.2020 11:00;195;117;78
09.07.2020 11:15;224;118;106
09.07.2020 11:30;177;106;71
09.07.2020 11:45;190;93;97
09.07.2020 12:00;186;94;92
09.07.2020 12:15;216;103;113
09.07.2020 12:30;243;106;137
09.07.2020 12:45;266;125;141
09.07.2020 13:00;314;102;212
09.07.2020 13:15;243;115;128
09.07.2020 13:30;263;124;139
09.07.2020 13:45;281;140;141
09.07.2020 14:00;245;113;132
09.07.2020 14:15;210;104;106
09.07.2020 14:30;220;109;111
09.07.2020 14:45;313;154;159
09.07.2020 15:00;229;117;112
09.07.2020 15:15;237;94;143
09.07.2020 15:30;288;137;151
09.07.2020 15:45;267;122;145
09.07.2020 16:00;236;103;133
09.07.2020 16:15;281;122;159
09.07.2020 16:30;278;112;166
09.07.2020 16:45;279;148;131
09.07.2020 17:00;294;148;146
09.07.2020 17:15;322;146;176
09.07.2020 17:30;293;150;143
09.07.2020 17:45;299;141;158
09.07.2020 18:00;292;125;167
09.07.2020 18:15;312;156;156
09.07.2020 18:30;276;140;136
09.07.2020 18:45;303;168;135
09.07.2020 19:00;293;133;160
09.07.2020 19:15;243;119;124
09.07.2020 19:30;226;128;98
09.07.2020 19:45;203;88;115
09.07.2020 20:00;177;72;105
09.07.2020 20:15;176;57;119
09.07.2020 20:30;158;92;66
09.07.2020 20:45;175;64;111
09.07.2020 21:00;157;80;77
09.07.2020 21:15;144;41;103
09.07.2020 21:30;108;40;68
09.07.2020 21:45;132;52;80
09.07.2020 22:00;132;49;83
09.07.2020 22:15;124;51;73
09.07.2020 22:30;105;37;68
09.07.2020 22:45;124;33;91
09.07.2020 23:00;90;25;65
09.07.2020 23:15;67;22;45
09.07.2020 23:30;55;16;39
09.07.2020 23:45;58;28;30
10.07.2020 00:00;36;6;30
10.07.2020 00:15;48;10;38
10.07.2020 00:30;45;9;36
10.07.2020 00:45;20;14;6
10.07.2020 01:00;19;3;16
10.07.2020 01:15;21;6;15
10.07.2020 01:30;8;4;4
10.07.2020 01:45;10;3;7
10.07.2020 02:00;9;3;6
10.07.2020 02:15;8;2;6
10.07.2020 02:30;9;3;6
10.07.2020 02:45;1;1;0
10.07.2020 03:00;3;0;3
10.07.2020 03:15;6;1;5
10.07.2020 03:30;1;0;1
10.07.2020 03:45;0;0;0
10.07.2020 04:00;2;0;2
10.07.2020 04:15;6;4;2
10.07.2020 04:30;3;1;2
10.07.2020 04:45;4;4;0
10.07.2020 05:00;1;0;1
10.07.2020 05:15;9;4;5
10.07.2020 05:30;19;11;8
10.07.2020 05:45;26;20;6
10.07.2020 06:00;19;10;9
10.07.2020 06:15;45;29;16
10.07.2020 06:30;62;29;33
10.07.2020 06:45;73;37;36
10.07.2020 07:00;76;42;34
10.07.2020 07:15;157;109;48
10.07.2020 07:30;261;178;83
10.07.2020 07:45;231;139;92
10.07.2020 08:00;162;96;66
10.07.2020 08:15;192;118;74
10.07.2020 08:30;206;127;79
10.07.2020 08:45;241;139;102
10.07.2020 09:00;159;91;68
10.07.2020 09:15;218;147;71
10.07.2020 09:30;202;112;90
10.07.2020 09:45;201;122;79
10.07.2020 10:00;199;116;83
10.07.2020 10:15;203;109;94
10.07.2020 10:30;196;108;88
10.07.2020 10:45;211;103;108
10.07.2020 11:00;244;117;127
10.07.2020 11:15;253;135;118
10.07.2020 11:30;237;135;102
10.07.2020 11:45;208;106;102
10.07.2020 12:00;204;93;111
10.07.2020 12:15;259;105;154
10.07.2020 12:30;232;98;134
10.07.2020 12:45;274;119;155
10.07.2020 13:00;273;89;184
10.07.2020 13:15;247;102;145
10.07.2020 13:30;231;94;137
10.07.2020 13:45;215;103;112
10.07.2020 14:00;241;126;115
10.07.2020 14:15;246;110;136
10.07.2020 14:30;221;100;121
10.07.2020 14:45;250;125;125
10.07.2020 15:00;216;99;117
10.07.2020 15:15;226;108;118
10.07.2020 15:30;242;119;123
10.07.2020 15:45;226;119;107
10.07.2020 16:00;251;134;117
10.07.2020 16:15;206;109;97
10.07.2020 16:30;211;98;113
10.07.2020 16:45;233;99;134
10.07.2020 17:00;236;98;138
10.07.2020 17:15;229;105;124
10.07.2020 17:30;232;105;127
10.07.2020 17:45;262;126;136
10.07.2020 18:00;209;103;106
10.07.2020 18:15;224;99;125
10.07.2020 18:30;187;78;109
10.07.2020 18:45;226;106;120
10.07.2020 19:00;212;91;121
10.07.2020 19:15;174;78;96
10.07.2020 19:30;194;93;101
10.07.2020 19:45;147;63;84
10.07.2020 20:00;136;53;83
10.07.2020 20:15;150;57;93
10.07.2020 20:30;125;48;77
10.07.2020 20:45;116;49;67
10.07.2020 21:00;95;48;47
10.07.2020 21:15;99;37;62
10.07.2020 21:30;104;50;54
10.07.2020 21:45;93;29;64
10.07.2020 22:00;90;33;57
10.07.2020 22:15;68;18;50
10.07.2020 22:30;77;23;54
10.07.2020 22:45;68;25;43
10.07.2020 23:00;74;34;40
10.07.2020 23:15;66;20;46
10.07.2020 23:30;46;21;25
10.07.2020 23:45;58;21;37
11.07.2020 00:00;41;16;25
11.07.2020 00:15;38;22;16
11.07.2020 00:30;32;20;12
11.07.2020 00:45;25;12;13
11.07.2020 01:00;24;10;14
11.07.2020 01:15;38;14;24
11.07.2020 01:30;24;9;15
11.07.2020 01:45;12;6;6
11.07.2020 02:00;20;9;11
11.07.2020 02:15;20;1;19
11.07.2020 02:30;14;1;13
11.07.2020 02:45;22;13;9
11.07.2020 03:00;5;3;2
11.07.2020 03:15;14;3;11
11.07.2020 03:30;9;4;5
11.07.2020 03:45;8;5;3
11.07.2020 04:00;5;0;5
11.07.2020 04:15;8;5;3
11.07.2020 04:30;4;3;1
11.07.2020 04:45;3;2;1
11.07.2020 05:00;5;4;1
11.07.2020 05:15;1;0;1
11.07.2020 05:30;10;3;7
11.07.2020 05:45;12;7;5
11.07.2020 06:00;7;2;5
11.07.2020 06:15;4;1;3
11.07.2020 06:30;7;7;0
11.07.2020 06:45;9;6;3
11.07.2020 07:00;9;7;2
11.07.2020 07:15;10;4;6
11.07.2020 07:30;9;1;8
11.07.2020 07:45;16;11;5
11.07.2020 08:00;10;7;3
11.07.2020 08:15;17;13;4
11.07.2020 08:30;26;18;8
11.07.2020 08:45;35;22;13
11.07.2020 09:00;32;24;8
11.07.2020 09:15;26;15;11
11.07.2020 09:30;47;25;22
11.07.2020 09:45;86;50;36
11.07.2020 10:00;49;26;23
11.07.2020 10:15;86;43;43
11.07.2020 10:30;115;72;43
11.07.2020 10:45;135;88;47
11.07.2020 11:00;131;71;60
11.07.2020 11:15;132;70;62
11.07.2020 11:30;111;56;55
11.07.2020 11:45;141;87;54
11.07.2020 12:00;144;77;67
11.07.2020 12:15;177;105;72
11.07.2020 12:30;173;99;74
11.07.2020 12:45;186;107;79
11.07.2020 13:00;189;107;82
11.07.2020 13:15;184;84;100
11.07.2020 13:30;158;77;81
11.07.2020 13:45;181;103;78
11.07.2020 14:00;166;88;78
11.07.2020 14:15;158;96;62
11.07.2020 14:30;152;93;59
11.07.2020 14:45;180;99;81
11.07.2020 15:00;208;111;97
11.07.2020 15:15;196;129;67
11.07.2020 15:30;179;99;80
11.07.2020 15:45;184;94;90
11.07.2020 16:00;168;78;90
11.07.2020 16:15;167;67;100
11.07.2020 16:30;151;77;74
11.07.2020 16:45;180;96;84
11.07.2020 17:00;86;39;47
11.07.2020 17:15;48;27;21
11.07.2020 17:30;56;22;34
11.07.2020 17:45;94;38;56
11.07.2020 18:00;173;45;128
11.07.2020 18:15;178;65;113
11.07.2020 18:30;137;65;72
11.07.2020 18:45;139;73;66
11.07.2020 19:00;138;74;64
11.07.2020 19:15;136;59;77
11.07.2020 19:30;97;39;58
11.07.2020 19:45;104;60;44
11.07.2020 20:00;104;47;57
11.07.2020 20:15;136;66;70
11.07.2020 20:30;102;43;59
11.07.2020 20:45;78;47;31
11.07.2020 21:00;88;60;28
11.07.2020 21:15;87;40;47
11.07.2020 21:30;65;31;34
11.07.2020 21:45;57;28;29
11.07.2020 22:00;64;36;28
11.07.2020 22:15;59;31;28
11.07.2020 22:30;54;28;26
11.07.2020 22:45;62;27;35
11.07.2020 23:00;67;36;31
11.07.2020 23:15;41;14;27
11.07.2020 23:30;70;37;33
11.07.2020 23:45;57;26;31
12.07.2020 00:00;51;24;27
12.07.2020 00:15;49;12;37
12.07.2020 00:30;32;19;13
12.07.2020 00:45;37;16;21
12.07.2020 01:00;31;7;24
12.07.2020 01:15;40;10;30
12.07.2020 01:30;23;12;11
12.07.2020 01:45;28;8;20
12.07.2020 02:00;28;13;15
12.07.2020 02:15;17;7;10
12.07.2020 02:30;14;3;11
12.07.2020 02:45;18;5;13
12.07.2020 03:00;11;6;5
12.07.2020 03:15;15;6;9
12.07.2020 03:30;9;5;4
12.07.2020 03:45;11;4;7
12.07.2020 04:00;5;3;2
12.07.2020 04:15;4;2;2
12.07.2020 04:30;8;5;3
12.07.2020 04:45;2;1;1
12.07.2020 05:00;5;3;2
12.07.2020 05:15;4;1;3
12.07.2020 05:30;15;7;8
12.07.2020 05:45;13;7;6
12.07.2020 06:00;8;3;5
12.07.2020 06:15;13;9;4
12.07.2020 06:30;8;7;1
12.07.2020 06:45;7;4;3
12.07.2020 07:00;10;6;4
12.07.2020 07:15;19;6;13
12.07.2020 07:30;13;5;8
12.07.2020 07:45;17;15;2
12.07.2020 08:00;36;15;21
12.07.2020 08:15;28;16;12
12.07.2020 08:30;39;17;22
12.07.2020 08:45;54;27;27
12.07.2020 09:00;74;42;32
12.07.2020 09:15;82;51;31
12.07.2020 09:30;69;37;32
12.07.2020 09:45;83;40;43
12.07.2020 10:00;101;51;50
12.07.2020 10:15;87;33;54
12.07.2020 10:30;117;61;56
12.07.2020 10:45;107;55;52
12.07.2020 11:00;120;59;61
12.07.2020 11:15;141;56;85
12.07.2020 11:30;140;67;73
12.07.2020 11:45;123;45;78
12.07.2020 12:00;187;80;107
12.07.2020 12:15;147;68;79
12.07.2020 12:30;140;68;72
12.07.2020 12:45;142;68;74
12.07.2020 13:00;129;55;74
12.07.2020 13:15;156;64;92
12.07.2020 13:30;170;73;97
12.07.2020 13:45;158;86;72
12.07.2020 14:00;150;75;75
12.07.2020 14:15;157;85;72
12.07.2020 14:30;193;96;97
12.07.2020 14:45;178;85;93
12.07.2020 15:00;203;106;97
12.07.2020 15:15;207;125;82
12.07.2020 15:30;173;83;90
12.07.2020 15:45;156;84;72
12.07.2020 16:00;200;108;92
12.07.2020 16:15;178;88;90
12.07.2020 16:30;187;100;87
12.07.2020 16:45;148;54;94
12.07.2020 17:00;172;73;99
12.07.2020 17:15;159;63;96
12.07.2020 17:30;169;78;91
12.07.2020 17:45;169;73;96
12.07.2020 18:00;229;102;127
12.07.2020 18:15;177;99;78
12.07.2020 18:30;182;93;89
12.07.2020 18:45;180;79;101
12.07.2020 19:00;176;94;82
12.07.2020 19:15;138;58;80
12.07.2020 19:30;126;67;59
12.07.2020 19:45;147;53;94
12.07.2020 20:00;123;64;59
12.07.2020 20:15;122;62;60
12.07.2020 20:30;122;58;64
12.07.2020 20:45;140;71;69
12.07.2020 21:00;85;33;52
12.07.2020 21:15;126;60;66
12.07.2020 21:30;84;27;57
12.07.2020 21:45;85;33;52
12.07.2020 22:00;65;32;33
12.07.2020 22:15;63;30;33
12.07.2020 22:30;55;19;36
12.07.2020 22:45;35;15;20
12.07.2020 23:00;43;22;21
12.07.2020 23:15;34;13;21
12.07.2020 23:30;25;11;14
12.07.2020 23:45;23;8;15
13.07.2020 00:00;26;11;15
13.07.2020 00:15;26;13;13
13.07.2020 00:30;13;6;7
13.07.2020 00:45;13;8;5
13.07.2020 01:00;14;4;10
13.07.2020 01:15;4;1;3
13.07.2020 01:30;8;4;4
13.07.2020 01:45;5;3;2
13.07.2020 02:00;2;2;0
13.07.2020 02:15;8;3;5
13.07.2020 02:30;4;3;1
13.07.2020 02:45;4;2;2
13.07.2020 03:00;4;0;4
13.07.2020 03:15;4;0;4
13.07.2020 03:30;2;0;2
13.07.2020 03:45;1;0;1
13.07.2020 04:00;3;3;0
13.07.2020 04:15;9;7;2
13.07.2020 04:30;1;0;1
13.07.2020 04:45;3;3;0
13.07.2020 05:00;5;3;2
13.07.2020 05:15;8;4;4
13.07.2020 05:30;12;6;6
13.07.2020 05:45;24;17;7
13.07.2020 06:00;32;18;14
13.07.2020 06:15;33;26;7
13.07.2020 06:30;62;38;24
13.07.2020 06:45;65;38;27
13.07.2020 07:00;85;46;39
13.07.2020 07:15;175;127;48
13.07.2020 07:30;274;192;82
13.07.2020 07:45;240;118;122
13.07.2020 08:00;176;99;77
13.07.2020 08:15;204;109;95
13.07.2020 08:30;204;121;83
13.07.2020 08:45;254;152;102
13.07.2020 09:00;194;117;77
13.07.2020 09:15;186;105;81
13.07.2020 09:30;161;91;70
13.07.2020 09:45;159;79;80
13.07.2020 10:00;158;89;69
13.07.2020 10:15;176;92;84
13.07.2020 10:30;199;102;97
13.07.2020 10:45;212;106;106
13.07.2020 11:00;209;120;89
13.07.2020 11:15;242;126;116
13.07.2020 11:30;196;106;90
13.07.2020 11:45;178;95;83
13.07.2020 12:00;208;102;106
13.07.2020 12:15;226;108;118
13.07.2020 12:30;201;91;110
13.07.2020 12:45;218;91;127
13.07.2020 13:00;298;116;182
13.07.2020 13:15;224;128;96
13.07.2020 13:30;239;127;112
13.07.2020 13:45;289;155;134
13.07.2020 14:00;235;114;121
13.07.2020 14:15;217;114;103
13.07.2020 14:30;233;120;113
13.07.2020 14:45;249;112;137
13.07.2020 15:00;276;146;130
13.07.2020 15:15;261;136;125
13.07.2020 15:30;326;172;154
13.07.2020 15:45;294;134;160
13.07.2020 16:00;261;120;141
13.07.2020 16:15;293;129;164
13.07.2020 16:30;285;124;161
13.07.2020 16:45;279;133;146
13.07.2020 17:00;295;118;177
13.07.2020 17:15;304;137;167
13.07.2020 17:30;269;117;152
13.07.2020 17:45;300;130;170
13.07.2020 18:00;286;116;170
13.07.2020 18:15;310;154;156
13.07.2020 18:30;254;126;128
13.07.2020 18:45;270;134;136
13.07.2020 19:00;244;111;133
13.07.2020 19:15;192;83;109
13.07.2020 19:30;195;83;112
13.07.2020 19:45;189;79;110
13.07.2020 20:00;221;106;115
13.07.2020 20:15;180;89;91
13.07.2020 20:30;154;72;82
13.07.2020 20:45;121;53;68
13.07.2020 21:00;128;47;81
13.07.2020 21:15;116;42;74
13.07.2020 21:30;113;39;74
13.07.2020 21:45;138;46;92
13.07.2020 22:00;81;38;43
13.07.2020 22:15;85;32;53
13.07.2020 22:30;101;40;61
13.07.2020 22:45;62;19;43
13.07.2020 23:00;49;26;23
13.07.2020 23:15;38;9;29
13.07.2020 23:30;21;7;14
13.07.2020 23:45;26;13;13
14.07.2020 00:00;41;18;23
14.07.2020 00:15;17;6;11
14.07.2020 00:30;18;4;14
14.07.2020 00:45;11;4;7
14.07.2020 01:00;6;5;1
14.07.2020 01:15;17;4;13
14.07.2020 01:30;9;6;3
14.07.2020 01:45;4;4;0
14.07.2020 02:00;4;3;1
14.07.2020 02:15;6;2;4
14.07.2020 02:30;4;1;3
14.07.2020 02:45;2;0;2
14.07.2020 03:00;2;0;2
14.07.2020 03:15;2;1;1
14.07.2020 03:30;4;2;2
14.07.2020 03:45;2;2;0
14.07.2020 04:00;2;1;1
14.07.2020 04:15;1;0;1
14.07.2020 04:30;1;1;0
14.07.2020 04:45;3;2;1
14.07.2020 05:00;6;5;1
14.07.2020 05:15;3;3;0
14.07.2020 05:30;18;9;9
14.07.2020 05:45;29;21;8
14.07.2020 06:00;27;16;11
14.07.2020 06:15;49;31;18
14.07.2020 06:30;44;25;19
14.07.2020 06:45;63;37;26
14.07.2020 07:00;90;48;42
14.07.2020 07:15;143;93;50
14.07.2020 07:30;329;219;110
14.07.2020 07:45;264;140;124
14.07.2020 08:00;182;106;76
14.07.2020 08:15;238;159;79
14.07.2020 08:30;218;130;88
14.07.2020 08:45;245;151;94
14.07.2020 09:00;187;117;70
14.07.2020 09:15;205;134;71
14.07.2020 09:30;200;109;91
14.07.2020 09:45;178;95;83
14.07.2020 10:00;189;105;84
14.07.2020 10:15;162;87;75
14.07.2020 10:30;189;101;88
14.07.2020 10:45;210;114;96
14.07.2020 11:00;233;108;125
14.07.2020 11:15;292;167;125
14.07.2020 11:30;213;112;101
14.07.2020 11:45;172;90;82
14.07.2020 12:00;229;88;141
14.07.2020 12:15;239;93;146
14.07.2020 12:30;244;115;129
14.07.2020 12:45;193;83;110
14.07.2020 13:00;302;102;200
14.07.2020 13:15;289;144;145
14.07.2020 13:30;257;118;139
14.07.2020 13:45;301;149;152
14.07.2020 14:00;245;120;125
14.07.2020 14:15;246;114;132
14.07.2020 14:30;238;101;137
14.07.2020 14:45;239;109;130
14.07.2020 15:00;254;118;136
14.07.2020 15:15;269;109;160
14.07.2020 15:30;293;137;156
14.07.2020 15:45;286;134;152
14.07.2020 16:00;286;130;156
14.07.2020 16:15;269;129;140
14.07.2020 16:30;322;171;151
14.07.2020 16:45;330;165;165
14.07.2020 17:00;307;129;178
14.07.2020 17:15;316;151;165
14.07.2020 17:30;325;151;174
14.07.2020 17:45;336;145;191
14.07.2020 18:00;267;116;151
14.07.2020 18:15;266;108;158
14.07.2020 18:30;249;107;142
14.07.2020 18:45;276;120;156
14.07.2020 19:00;258;116;142
14.07.2020 19:15;233;106;127
14.07.2020 19:30;189;91;98
14.07.2020 19:45;199;89;110
14.07.2020 20:00;177;76;101
14.07.2020 20:15;156;69;87
14.07.2020 20:30;119;55;64
14.07.2020 20:45;150;71;79
14.07.2020 21:00;118;54;64
14.07.2020 21:15;120;58;62
14.07.2020 21:30;121;42;79
14.07.2020 21:45;117;53;64
14.07.2020 22:00;82;33;49
14.07.2020 22:15;115;63;52
14.07.2020 22:30;92;27;65
14.07.2020 22:45;110;34;76
14.07.2020 23:00;64;23;41
14.07.2020 23:15;59;19;40
14.07.2020 23:30;53;17;36
14.07.2020 23:45;39;14;25
15.07.2020 00:00;32;11;21
15.07.2020 00:15;34;7;27
15.07.2020 00:30;21;10;11
15.07.2020 00:45;27;11;16
15.07.2020 01:00;21;7;14
15.07.2020 01:15;13;5;8
15.07.2020 01:30;8;3;5
15.07.2020 01:45;9;3;6
15.07.2020 02:00;6;0;6
15.07.2020 02:15;4;2;2
15.07.2020 02:30;3;2;1
15.07.2020 02:45;4;1;3
15.07.2020 03:00;7;1;6
15.07.2020 03:15;4;2;2
15.07.2020 03:30;2;1;1
15.07.2020 03:45;2;1;1
15.07.2020 04:00;2;1;1
15.07.2020 04:15;1;0;1
15.07.2020 04:30;3;3;0
15.07.2020 04:45;1;1;0
15.07.2020 05:00;7;6;1
15.07.2020 05:15;8;5;3
15.07.2020 05:30;11;5;6
15.07.2020 05:45;19;13;6
15.07.2020 06:00;27;11;16
15.07.2020 06:15;34;17;17
15.07.2020 06:30;63;39;24
15.07.2020 06:45;60;29;31
15.07.2020 07:00;80;48;32
15.07.2020 07:15;149;92;57
15.07.2020 07:30;260;172;88
15.07.2020 07:45;211;110;101
15.07.2020 08:00;150;74;76
15.07.2020 08:15;190;124;66
15.07.2020 08:30;203;126;77
15.07.2020 08:45;240;136;104
15.07.2020 09:00;177;108;69
15.07.2020 09:15;155;88;67
15.07.2020 09:30;158;89;69
15.07.2020 09:45;132;76;56
15.07.2020 10:00;128;72;56
15.07.2020 10:15;127;69;58
15.07.2020 10:30;157;92;65
15.07.2020 10:45;131;75;56
15.07.2020 11:00;166;99;67
15.07.2020 11:15;167;99;68
15.07.2020 11:30;163;90;73
15.07.2020 11:45;157;78;79
15.07.2020 12:00;178;79;99
15.07.2020 12:15;179;80;99
15.07.2020 12:30;211;94;117
15.07.2020 12:45;197;99;98
15.07.2020 13:00;278;106;172
15.07.2020 13:15;184;97;87
15.07.2020 13:30;187;88;99
15.07.2020 13:45;210;119;91
15.07.2020 14:00;175;94;81
15.07.2020 14:15;157;89;68
15.07.2020 14:30;177;98;79
15.07.2020 14:45;218;89;129
15.07.2020 15:00;226;117;109
15.07.2020 15:15;231;129;102
15.07.2020 15:30;250;89;161
15.07.2020 15:45;227;105;122
15.07.2020 16:00;213;116;97
15.07.2020 16:15;230;114;116
15.07.2020 16:30;233;124;109
15.07.2020 16:45;225;115;110
15.07.2020 17:00;225;99;126
15.07.2020 17:15;288;150;138
15.07.2020 17:30;208;92;116
15.07.2020 17:45;242;127;115
15.07.2020 18:00;268;123;145
15.07.2020 18:15;205;101;104
15.07.2020 18:30;196;84;112
15.07.2020 18:45;238;116;122
15.07.2020 19:00;169;72;97
15.07.2020 19:15;155;65;90
15.07.2020 19:30;159;75;84
15.07.2020 19:45;147;68;79
15.07.2020 20:00;133;45;88
15.07.2020 20:15;112;51;61
15.07.2020 20:30;102;46;56
15.07.2020 20:45;101;48;53
15.07.2020 21:00;79;33;46
15.07.2020 21:15;69;32;37
15.07.2020 21:30;71;22;49
15.07.2020 21:45;78;27;51
15.07.2020 22:00;72;38;34
15.07.2020 22:15;58;20;38
15.07.2020 22:30;56;33;23
15.07.2020 22:45;34;7;27
15.07.2020 23:00;43;19;24
15.07.2020 23:15;33;12;21
15.07.2020 23:30;41;13;28
15.07.2020 23:45;30;6;24
16.07.2020 00:00;23;9;14
16.07.2020 00:15;17;3;14
16.07.2020 00:30;12;3;9
16.07.2020 00:45;10;5;5
16.07.2020 01:00;8;2;6
16.07.2020 01:15;17;9;8
16.07.2020 01:30;6;2;4
16.07.2020 01:45;5;5;0
16.07.2020 02:00;4;1;3
16.07.2020 02:15;5;3;2
16.07.2020 02:30;4;1;3
16.07.2020 02:45;1;1;0
16.07.2020 03:00;2;0;2
16.07.2020 03:15;4;2;2
16.07.2020 03:30;1;0;1
16.07.2020 03:45;3;0;3
16.07.2020 04:00;1;1;0
16.07.2020 04:15;4;2;2
16.07.2020 04:30;2;1;1
16.07.2020 04:45;1;1;0
16.07.2020 05:00;3;2;1
16.07.2020 05:15;3;1;2
16.07.2020 05:30;14;9;5
16.07.2020 05:45;13;10;3
16.07.2020 06:00;25;15;10
16.07.2020 06:15;21;10;11
16.07.2020 06:30;37;19;18
16.07.2020 06:45;54;29;25
16.07.2020 07:00;70;38;32
16.07.2020 07:15;127;94;33
16.07.2020 07:30;271;182;89
16.07.2020 07:45;214;127;87
16.07.2020 08:00;144;75;69
16.07.2020 08:15;197;124;73
16.07.2020 08:30;148;98;50
16.07.2020 08:45;208;134;74
16.07.2020 09:00;137;91;46
16.07.2020 09:15;176;102;74
16.07.2020 09:30;139;81;58
16.07.2020 09:45;131;84;47
16.07.2020 10:00;107;47;60
16.07.2020 10:15;118;75;43
16.07.2020 10:30;129;70;59
16.07.2020 10:45;128;76;52
16.07.2020 11:00;134;72;62
16.07.2020 11:15;146;90;56
16.07.2020 11:30;135;74;61
16.07.2020 11:45;144;77;67
16.07.2020 12:00;149;71;78
16.07.2020 12:15;153;70;83
16.07.2020 12:30;182;94;88
16.07.2020 12:45;199;102;97
16.07.2020 13:00;254;93;161
16.07.2020 13:15;209;119;90
16.07.2020 13:30;191;90;101
16.07.2020 13:45;190;98;92
16.07.2020 14:00;170;94;76
16.07.2020 14:15;185;98;87
16.07.2020 14:30;165;89;76
16.07.2020 14:45;183;72;111
16.07.2020 15:00;148;64;84
16.07.2020 15:15;174;76;98
16.07.2020 15:30;206;105;101
16.07.2020 15:45;194;85;109
16.07.2020 16:00;171;80;91
16.07.2020 16:15;168;85;83
16.07.2020 16:30;186;83;103
16.07.2020 16:45;224;99;125
16.07.2020 17:00;189;81;108
16.07.2020 17:15;196;87;109
16.07.2020 17:30;170;69;101
16.07.2020 17:45;204;103;101
16.07.2020 18:00;193;74;119
16.07.2020 18:15;191;90;101
16.07.2020 18:30;160;53;107
16.07.2020 18:45;161;73;88
16.07.2020 19:00;122;55;67
16.07.2020 19:15;90;36;54
16.07.2020 19:30;99;48;51
16.07.2020 19:45;88;45;43
16.07.2020 20:00;103;53;50
16.07.2020 20:15;77;30;47
16.07.2020 20:30;75;37;38
16.07.2020 20:45;55;23;32
16.07.2020 21:00;63;34;29
16.07.2020 21:15;60;29;31
16.07.2020 21:30;46;26;20
16.07.2020 21:45;60;19;41
16.07.2020 22:00;38;16;22
16.07.2020 22:15;64;25;39
16.07.2020 22:30;46;23;23
16.07.2020 22:45;43;21;22
16.07.2020 23:00;18;10;8
16.07.2020 23:15;23;6;17
16.07.2020 23:30;16;7;9
16.07.2020 23:45;22;5;17
17.07.2020 00:00;23;12;11
17.07.2020 00:15;16;10;6
17.07.2020 00:30;19;2;17
17.07.2020 00:45;8;4;4
17.07.2020 01:00;8;2;6
17.07.2020 01:15;14;5;9
17.07.2020 01:30;15;4;11
17.07.2020 01:45;5;2;3
17.07.2020 02:00;8;4;4
17.07.2020 02:15;8;2;6
17.07.2020 02:30;5;0;5
17.07.2020 02:45;3;0;3
17.07.2020 03:00;3;1;2
17.07.2020 03:15;2;0;2
17.07.2020 03:30;4;1;3
17.07.2020 03:45;2;0;2
17.07.2020 04:00;0;0;0
17.07.2020 04:15;0;0;0
17.07.2020 04:30;1;1;0
17.07.2020 04:45;0;0;0
17.07.2020 05:00;4;3;1
17.07.2020 05:15;2;1;1
17.07.2020 05:30;12;8;4
17.07.2020 05:45;16;9;7
17.07.2020 06:00;28;18;10
17.07.2020 06:15;28;21;7
17.07.2020 06:30;41;16;25
17.07.2020 06:45;50;18;32
17.07.2020 07:00;68;45;23
17.07.2020 07:15;113;78;35
17.07.2020 07:30;241;161;80
17.07.2020 07:45;184;106;78
17.07.2020 08:00;115;70;45
17.07.2020 08:15;169;106;63
17.07.2020 08:30;181;113;68
17.07.2020 08:45;197;126;71
17.07.2020 09:00;158;86;72
17.07.2020 09:15;177;115;62
17.07.2020 09:30;181;105;76
17.07.2020 09:45;174;112;62
17.07.2020 10:00;163;94;69
17.07.2020 10:15;151;87;64
17.07.2020 10:30;174;92;82
17.07.2020 10:45;204;110;94
17.07.2020 11:00;194;96;98
17.07.2020 11:15;221;116;105
17.07.2020 11:30;189;106;83
17.07.2020 11:45;177;91;86
17.07.2020 12:00;190;73;117
17.07.2020 12:15;180;75;105
17.07.2020 12:30;197;92;105
17.07.2020 12:45;221;98;123
17.07.2020 13:00;313;118;195
17.07.2020 13:15;204;102;102
17.07.2020 13:30;220;100;120
17.07.2020 13:45;195;97;98
17.07.2020 14:00;180;93;87
17.07.2020 14:15;192;95;97
17.07.2020 14:30;203;103;100
17.07.2020 14:45;260;114;146
17.07.2020 15:00;228;119;109
17.07.2020 15:15;234;103;131
17.07.2020 15:30;222;121;101
17.07.2020 15:45;230;114;116
17.07.2020 16:00;208;96;112
17.07.2020 16:15;221;107;114
17.07.2020 16:30;181;108;73
17.07.2020 16:45;206;98;108
17.07.2020 17:00;227;120;107
17.07.2020 17:15;203;84;119
17.07.2020 17:30;207;102;105
17.07.2020 17:45;199;93;106
17.07.2020 18:00;220;110;110
17.07.2020 18:15;228;114;114
17.07.2020 18:30;225;111;114
17.07.2020 18:45;219;105;114
17.07.2020 19:00;183;81;102
17.07.2020 19:15;165;95;70
17.07.2020 19:30;146;61;85
17.07.2020 19:45;179;97;82
17.07.2020 20:00;128;64;64
17.07.2020 20:15;131;71;60
17.07.2020 20:30;136;66;70
17.07.2020 20:45;102;51;51
17.07.2020 21:00;88;45;43
17.07.2020 21:15;105;39;66
17.07.2020 21:30;87;42;45
17.07.2020 21:45;71;31;40
17.07.2020 22:00;101;43;58
17.07.2020 22:15;76;34;42
17.07.2020 22:30;64;27;37
17.07.2020 22:45;71;26;45
17.07.2020 23:00;57;25;32
17.07.2020 23:15;68;5;63
17.07.2020 23:30;59;19;40
17.07.2020 23:45;53;15;38
18.07.2020 00:00;46;10;36
18.07.2020 00:15;56;19;37
18.07.2020 00:30;40;11;29
18.07.2020 00:45;35;11;24
18.07.2020 01:00;41;23;18
18.07.2020 01:15;27;13;14
18.07.2020 01:30;23;8;15
18.07.2020 01:45;28;12;16
18.07.2020 02:00;17;3;14
18.07.2020 02:15;18;7;11
18.07.2020 02:30;8;0;8
18.07.2020 02:45;18;5;13
18.07.2020 03:00;12;3;9
18.07.2020 03:15;10;0;10
18.07.2020 03:30;8;2;6
18.07.2020 03:45;10;0;10
18.07.2020 04:00;3;1;2
18.07.2020 04:15;13;9;4
18.07.2020 04:30;3;2;1
18.07.2020 04:45;8;7;1
18.07.2020 05:00;10;2;8
18.07.2020 05:15;11;7;4
18.07.2020 05:30;9;5;4
18.07.2020 05:45;13;8;5
18.07.2020 06:00;10;6;4
18.07.2020 06:15;13;8;5
18.07.2020 06:30;9;3;6
18.07.2020 06:45;20;10;10
18.07.2020 07:00;20;10;10
18.07.2020 07:15;34;20;14
18.07.2020 07:30;42;17;25
18.07.2020 07:45;54;21;33
18.07.2020 08:00;27;15;12
18.07.2020 08:15;54;32;22
18.07.2020 08:30;79;50;29
18.07.2020 08:45;121;75;46
18.07.2020 09:00;92;61;31
18.07.2020 09:15;108;63;45
18.07.2020 09:30;135;86;49
18.07.2020 09:45;169;103;66
18.07.2020 10:00;132;66;66
18.07.2020 10:15;197;113;84
18.07.2020 10:30;203;107;96
18.07.2020 10:45;233;115;118
18.07.2020 11:00;195;100;95
18.07.2020 11:15;244;130;114
18.07.2020 11:30;209;102;107
18.07.2020 11:45;219;108;111
18.07.2020 12:00;244;162;82
18.07.2020 12:15;193;92;101
18.07.2020 12:30;206;104;102
18.07.2020 12:45;247;109;138
18.07.2020 13:00;201;109;92
18.07.2020 13:15;230;113;117
18.07.2020 13:30;222;113;109
18.07.2020 13:45;204;105;99
18.07.2020 14:00;214;122;92
18.07.2020 14:15;215;120;95
18.07.2020 14:30;223;104;119
18.07.2020 14:45;240;106;134
18.07.2020 15:00;252;126;126
18.07.2020 15:15;195;96;99
18.07.2020 15:30;183;99;84
18.07.2020 15:45;249;118;131
18.07.2020 16:00;213;100;113
18.07.2020 16:15;210;96;114
18.07.2020 16:30;180;97;83
18.07.2020 16:45;231;93;138
18.07.2020 17:00;169;84;85
18.07.2020 17:15;197;78;119
18.07.2020 17:30;235;102;133
18.07.2020 17:45;238;115;123
18.07.2020 18:00;227;93;134
18.07.2020 18:15;247;136;111
18.07.2020 18:30;183;83;100
18.07.2020 18:45;234;118;116
18.07.2020 19:00;196;74;122
18.07.2020 19:15;171;80;91
18.07.2020 19:30;178;79;99
18.07.2020 19:45;176;95;81
18.07.2020 20:00;190;94;96
18.07.2020 20:15;169;84;85
18.07.2020 20:30;155;85;70
18.07.2020 20:45;100;45;55
18.07.2020 21:00;141;68;73
18.07.2020 21:15;118;63;55
18.07.2020 21:30;115;63;52
18.07.2020 21:45;126;73;53
18.07.2020 22:00;112;43;69
18.07.2020 22:15;96;55;41
18.07.2020 22:30;86;34;52
18.07.2020 22:45;87;43;44
18.07.2020 23:00;77;32;45
18.07.2020 23:15;60;26;34
18.07.2020 23:30;54;19;35
18.07.2020 23:45;88;26;62
19.07.2020 00:00;91;27;64
19.07.2020 00:15;62;24;38
19.07.2020 00:30;49;19;30
19.07.2020 00:45;76;36;40
19.07.2020 01:00;35;13;22
19.07.2020 01:15;46;11;35
19.07.2020 01:30;64;34;30
19.07.2020 01:45;28;8;20
19.07.2020 02:00;27;7;20
19.07.2020 02:15;34;11;23
19.07.2020 02:30;25;9;16
19.07.2020 02:45;19;5;14
19.07.2020 03:00;14;1;13
19.07.2020 03:15;17;7;10
19.07.2020 03:30;16;2;14
19.07.2020 03:45;20;5;15
19.07.2020 04:00;9;2;7
19.07.2020 04:15;4;2;2
19.07.2020 04:30;9;4;5
19.07.2020 04:45;2;0;2
19.07.2020 05:00;4;1;3
19.07.2020 05:15;6;1;5
19.07.2020 05:30;11;3;8
19.07.2020 05:45;9;5;4
19.07.2020 06:00;11;5;6
19.07.2020 06:15;10;8;2
19.07.2020 06:30;7;3;4
19.07.2020 06:45;15;10;5
19.07.2020 07:00;13;8;5
19.07.2020 07:15;31;17;14
19.07.2020 07:30;18;9;9
19.07.2020 07:45;34;21;13
19.07.2020 08:00;29;8;21
19.07.2020 08:15;38;16;22
19.07.2020 08:30;39;18;21
19.07.2020 08:45;49;17;32
19.07.2020 09:00;80;41;39
19.07.2020 09:15;77;44;33
19.07.2020 09:30;82;40;42
19.07.2020 09:45;107;68;39
19.07.2020 10:00;109;52;57
19.07.2020 10:15;138;69;69
19.07.2020 10:30;119;50;69
19.07.2020 10:45;127;53;74
19.07.2020 11:00;158;65;93
19.07.2020 11:15;132;54;78
19.07.2020 11:30;135;70;65
19.07.2020 11:45;140;49;91
19.07.2020 12:00;144;73;71
19.07.2020 12:15;149;89;60
19.07.2020 12:30;140;72;68
19.07.2020 12:45;154;62;92
19.07.2020 13:00;176;79;97
19.07.2020 13:15;191;110;81
19.07.2020 13:30;153;90;63
19.07.2020 13:45;166;84;82
19.07.2020 14:00;176;69;107
19.07.2020 14:15;162;94;68
19.07.2020 14:30;139;73;66
19.07.2020 14:45;194;79;115
19.07.2020 15:00;171;74;97
19.07.2020 15:15;174;74;100
19.07.2020 15:30;143;75;68
19.07.2020 15:45;158;94;64
19.07.2020 16:00;169;99;70
19.07.2020 16:15;151;75;76
19.07.2020 16:30;152;73;79
19.07.2020 16:45;144;81;63
19.07.2020 17:00;187;87;100
19.07.2020 17:15;168;79;89
19.07.2020 17:30;185;87;98
19.07.2020 17:45;167;71;96
19.07.2020 18:00;182;80;102
19.07.2020 18:15;168;77;91
19.07.2020 18:30;175;82;93
19.07.2020 18:45;195;91;104
19.07.2020 19:00;171;71;100
19.07.2020 19:15;125;63;62
19.07.2020 19:30;165;100;65
19.07.2020 19:45;128;64;64
19.07.2020 20:00;142;70;72
19.07.2020 20:15;123;64;59
19.07.2020 20:30;90;37;53
19.07.2020 20:45;103;40;63
19.07.2020 21:00;96;42;54
19.07.2020 21:15;97;38;59
19.07.2020 21:30;93;40;53
19.07.2020 21:45;78;28;50
19.07.2020 22:00;72;30;42
19.07.2020 22:15;76;34;42
19.07.2020 22:30;58;23;35
19.07.2020 22:45;59;14;45
19.07.2020 23:00;48;16;32
19.07.2020 23:15;34;12;22
19.07.2020 23:30;21;7;14
19.07.2020 23:45;27;11;16
20.07.2020 00:00;24;12;12
20.07.2020 00:15;14;4;10
20.07.2020 00:30;12;1;11
20.07.2020 00:45;12;7;5
20.07.2020 01:00;11;7;4
20.07.2020 01:15;18;2;16
20.07.2020 01:30;13;5;8
20.07.2020 01:45;6;2;4
20.07.2020 02:00;2;1;1
20.07.2020 02:15;7;3;4
20.07.2020 02:30;2;2;0
20.07.2020 02:45;3;0;3
20.07.2020 03:00;0;0;0
20.07.2020 03:15;5;2;3
20.07.2020 03:30;3;1;2
20.07.2020 03:45;1;1;0
20.07.2020 04:00;0;0;0
20.07.2020 04:15;4;2;2
20.07.2020 04:30;1;1;0
20.07.2020 04:45;4;3;1
20.07.2020 05:00;5;5;0
20.07.2020 05:15;7;2;5
20.07.2020 05:30;13;5;8
20.07.2020 05:45;26;18;8
20.07.2020 06:00;29;17;12
20.07.2020 06:15;38;26;12
20.07.2020 06:30;61;33;28
20.07.2020 06:45;76;36;40
20.07.2020 07:00;88;50;38
20.07.2020 07:15;182;137;45
20.07.2020 07:30;292;198;94
20.07.2020 07:45;254;153;101
20.07.2020 08:00;177;90;87
20.07.2020 08:15;181;114;67
20.07.2020 08:30;220;117;103
20.07.2020 08:45;219;145;74
20.07.2020 09:00;200;111;89
20.07.2020 09:15;171;89;82
20.07.2020 09:30;158;89;69
20.07.2020 09:45;192;112;80
20.07.2020 10:00;173;73;100
20.07.2020 10:15;195;119;76
20.07.2020 10:30;223;123;100
20.07.2020 10:45;222;125;97
20.07.2020 11:00;209;107;102
20.07.2020 11:15;230;131;99
20.07.2020 11:30;181;84;97
20.07.2020 11:45;217;124;93
20.07.2020 12:00;194;79;115
20.07.2020 12:15;249;101;148
20.07.2020 12:30;265;121;144
20.07.2020 12:45;266;146;120
20.07.2020 13:00;298;90;208
20.07.2020 13:15;276;141;135
20.07.2020 13:30;264;128;136
20.07.2020 13:45;240;130;110
20.07.2020 14:00;264;122;142
20.07.2020 14:15;275;128;147
20.07.2020 14:30;233;126;107
20.07.2020 14:45;214;102;112
20.07.2020 15:00;234;117;117
20.07.2020 15:15;267;127;140
20.07.2020 15:30;286;147;139
20.07.2020 15:45;295;133;162
20.07.2020 16:00;283;131;152
20.07.2020 16:15;277;115;162
20.07.2020 16:30;302;144;158
20.07.2020 16:45;345;173;172
20.07.2020 17:00;339;144;195
20.07.2020 17:15;239;112;127
20.07.2020 17:30;293;138;155
20.07.2020 17:45;323;160;163
20.07.2020 18:00;291;136;155
20.07.2020 18:15;303;147;156
20.07.2020 18:30;255;95;160
20.07.2020 18:45;291;146;145
20.07.2020 19:00;222;90;132
20.07.2020 19:15;248;113;135
20.07.2020 19:30;240;118;122
20.07.2020 19:45;203;91;112
20.07.2020 20:00;189;72;117
20.07.2020 20:15;206;87;119
20.07.2020 20:30;196;96;100
20.07.2020 20:45;132;52;80
20.07.2020 21:00;145;60;85
20.07.2020 21:15;126;53;73
20.07.2020 21:30;134;55;79
20.07.2020 21:45;122;53;69
20.07.2020 22:00;122;39;83
20.07.2020 22:15;92;41;51
20.07.2020 22:30;86;27;59
20.07.2020 22:45;75;27;48
20.07.2020 23:00;51;21;30
20.07.2020 23:15;55;19;36
20.07.2020 23:30;42;13;29
20.07.2020 23:45;31;11;20
21.07.2020 00:00;24;10;14
21.07.2020 00:15;18;10;8
21.07.2020 00:30;19;1;18
21.07.2020 00:45;9;2;7
21.07.2020 01:00;15;2;13
21.07.2020 01:15;20;1;19
21.07.2020 01:30;6;1;5
21.07.2020 01:45;9;4;5
21.07.2020 02:00;10;6;4
21.07.2020 02:15;4;3;1
21.07.2020 02:30;0;0;0
21.07.2020 02:45;2;1;1
21.07.2020 03:00;2;1;1
21.07.2020 03:15;3;0;3
21.07.2020 03:30;2;0;2
21.07.2020 03:45;2;1;1
21.07.2020 04:00;1;0;1
21.07.2020 04:15;4;2;2
21.07.2020 04:30;3;2;1
21.07.2020 04:45;6;2;4
21.07.2020 05:00;5;5;0
21.07.2020 05:15;8;5;3
21.07.2020 05:30;22;13;9
21.07.2020 05:45;24;17;7
21.07.2020 06:00;22;12;10
21.07.2020 06:15;41;28;13
21.07.2020 06:30;56;34;22
21.07.2020 06:45;79;45;34
21.07.2020 07:00;87;48;39
21.07.2020 07:15;184;133;51
21.07.2020 07:30;264;187;77
21.07.2020 07:45;267;154;113
21.07.2020 08:00;194;110;84
21.07.2020 08:15;235;146;89
21.07.2020 08:30;222;138;84
21.07.2020 08:45;239;133;106
21.07.2020 09:00;181;96;85
21.07.2020 09:15;226;157;69
21.07.2020 09:30;173;102;71
21.07.2020 09:45;222;131;91
21.07.2020 10:00;177;92;85
21.07.2020 10:15;218;129;89
21.07.2020 10:30;213;130;83
21.07.2020 10:45;196;101;95
21.07.2020 11:00;257;153;104
21.07.2020 11:15;263;147;116
21.07.2020 11:30;205;95;110
21.07.2020 11:45;208;104;104
21.07.2020 12:00;203;98;105
21.07.2020 12:15;257;113;144
21.07.2020 12:30;219;92;127
21.07.2020 12:45;254;127;127
21.07.2020 13:00;343;124;219
21.07.2020 13:15;260;143;117
21.07.2020 13:30;215;105;110
21.07.2020 13:45;268;145;123
21.07.2020 14:00;244;126;118
21.07.2020 14:15;234;122;112
21.07.2020 14:30;241;113;128
21.07.2020 14:45;260;124;136
21.07.2020 15:00;250;124;126
21.07.2020 15:15;324;161;163
21.07.2020 15:30;289;115;174
21.07.2020 15:45;331;149;182
21.07.2020 16:00;272;134;138
21.07.2020 16:15;320;153;167
21.07.2020 16:30;306;122;184
21.07.2020 16:45;305;137;168
21.07.2020 17:00;303;123;180
21.07.2020 17:15;337;165;172
21.07.2020 17:30;344;156;188
21.07.2020 17:45;317;134;183
21.07.2020 18:00;283;98;185
21.07.2020 18:15;338;150;188
21.07.2020 18:30;273;84;189
21.07.2020 18:45;228;108;120
21.07.2020 19:00;176;79;97
21.07.2020 19:15;184;93;91
21.07.2020 19:30;169;92;77
21.07.2020 19:45;166;77;89
21.07.2020 20:00;97;37;60
21.07.2020 20:15;118;48;70
21.07.2020 20:30;154;63;91
21.07.2020 20:45;121;65;56
21.07.2020 21:00;84;28;56
21.07.2020 21:15;91;44;47
21.07.2020 21:30;92;37;55
21.07.2020 21:45;71;29;42
21.07.2020 22:00;78;40;38
21.07.2020 22:15;82;38;44
21.07.2020 22:30;51;17;34
21.07.2020 22:45;62;26;36
21.07.2020 23:00;53;10;43
21.07.2020 23:15;48;24;24
21.07.2020 23:30;36;9;27
21.07.2020 23:45;38;20;18
22.07.2020 00:00;19;8;11
22.07.2020 00:15;18;5;13
22.07.2020 00:30;14;6;8
22.07.2020 00:45;14;5;9
22.07.2020 01:00;10;6;4
22.07.2020 01:15;15;1;14
22.07.2020 01:30;7;0;7
22.07.2020 01:45;12;7;5
22.07.2020 02:00;10;5;5
22.07.2020 02:15;8;4;4
22.07.2020 02:30;10;4;6
22.07.2020 02:45;0;0;0
22.07.2020 03:00;1;0;1
22.07.2020 03:15;5;1;4
22.07.2020 03:30;2;0;2
22.07.2020 03:45;1;1;0
22.07.2020 04:00;1;0;1
22.07.2020 04:15;5;3;2
22.07.2020 04:30;2;2;0
22.07.2020 04:45;3;2;1
22.07.2020 05:00;1;1;0
22.07.2020 05:15;5;2;3
22.07.2020 05:30;10;4;6
22.07.2020 05:45;24;21;3
22.07.2020 06:00;24;13;11
22.07.2020 06:15;42;22;20
22.07.2020 06:30;57;32;25
22.07.2020 06:45;78;41;37
22.07.2020 07:00;108;59;49
22.07.2020 07:15;128;73;55
22.07.2020 07:30;212;133;79
22.07.2020 07:45;252;130;122
22.07.2020 08:00;178;95;83
22.07.2020 08:15;235;157;78
22.07.2020 08:30;222;137;85
22.07.2020 08:45;265;162;103
22.07.2020 09:00;162;86;76
22.07.2020 09:15;204;119;85
22.07.2020 09:30;196;113;83
22.07.2020 09:45;224;129;95
22.07.2020 10:00;211;134;77
22.07.2020 10:15;165;88;77
22.07.2020 10:30;219;131;88
22.07.2020 10:45;203;100;103
22.07.2020 11:00;227;127;100
22.07.2020 11:15;201;110;91
22.07.2020 11:30;209;113;96
22.07.2020 11:45;195;113;82
22.07.2020 12:00;194;81;113
22.07.2020 12:15;262;131;131
22.07.2020 12:30;229;103;126
22.07.2020 12:45;257;116;141
22.07.2020 13:00;268;120;148
22.07.2020 13:15;261;142;119
22.07.2020 13:30;261;136;125
22.07.2020 13:45;258;124;134
22.07.2020 14:00;241;111;130
22.07.2020 14:15;250;135;115
22.07.2020 14:30;228;121;107
22.07.2020 14:45;264;98;166
22.07.2020 15:00;271;134;137
22.07.2020 15:15;236;97;139
22.07.2020 15:30;261;110;151
22.07.2020 15:45;262;117;145
22.07.2020 16:00;275;131;144
22.07.2020 16:15;276;140;136
22.07.2020 16:30;344;172;172
22.07.2020 16:45;175;78;97
22.07.2020 17:00;239;105;134
22.07.2020 17:15;266;94;172
22.07.2020 17:30;250;90;160
22.07.2020 17:45;255;132;123
22.07.2020 18:00;244;104;140
22.07.2020 18:15;210;96;114
22.07.2020 18:30;169;56;113
22.07.2020 18:45;233;119;114
22.07.2020 19:00;165;85;80
22.07.2020 19:15;156;48;108
22.07.2020 19:30;164;81;83
22.07.2020 19:45;157;78;79
22.07.2020 20:00;145;62;83
22.07.2020 20:15;139;61;78
22.07.2020 20:30;112;55;57
22.07.2020 20:45;88;34;54
22.07.2020 21:00;105;40;65
22.07.2020 21:15;98;35;63
22.07.2020 21:30;80;27;53
22.07.2020 21:45;79;30;49
22.07.2020 22:00;82;36;46
22.07.2020 22:15;98;33;65
22.07.2020 22:30;79;36;43
22.07.2020 22:45;48;18;30
22.07.2020 23:00;60;18;42
22.07.2020 23:15;43;14;29
22.07.2020 23:30;46;15;31
22.07.2020 23:45;34;16;18
23.07.2020 00:00;38;5;33
23.07.2020 00:15;19;4;15
23.07.2020 00:30;11;5;6
23.07.2020 00:45;19;11;8
23.07.2020 01:00;12;1;11
23.07.2020 01:15;14;5;9
23.07.2020 01:30;13;2;11
23.07.2020 01:45;7;1;6
23.07.2020 02:00;4;1;3
23.07.2020 02:15;8;3;5
23.07.2020 02:30;2;2;0
23.07.2020 02:45;5;0;5
23.07.2020 03:00;10;3;7
23.07.2020 03:15;5;1;4
23.07.2020 03:30;0;0;0
23.07.2020 03:45;2;1;1
23.07.2020 04:00;4;4;0
23.07.2020 04:15;0;0;0
23.07.2020 04:30;3;2;1
23.07.2020 04:45;2;2;0
23.07.2020 05:00;4;4;0
23.07.2020 05:15;8;4;4
23.07.2020 05:30;17;7;10
23.07.2020 05:45;29;21;8
23.07.2020 06:00;32;21;11
23.07.2020 06:15;38;23;15
23.07.2020 06:30;55;28;27
23.07.2020 06:45;70;46;24
23.07.2020 07:00;68;39;29
23.07.2020 07:15;145;98;47
23.07.2020 07:30;246;154;92
23.07.2020 07:45;217;126;91
23.07.2020 08:00;201;100;101
23.07.2020 08:15;209;129;80
23.07.2020 08:30;189;112;77
23.07.2020 08:45;238;137;101
23.07.2020 09:00;191;115;76
23.07.2020 09:15;191;122;69
23.07.2020 09:30;196;107;89
23.07.2020 09:45;203;124;79
23.07.2020 10:00;167;107;60
23.07.2020 10:15;194;94;100
23.07.2020 10:30;215;94;121
23.07.2020 10:45;193;96;97
23.07.2020 11:00;174;80;94
23.07.2020 11:15;196;106;90
23.07.2020 11:30;186;87;99
23.07.2020 11:45;191;88;103
23.07.2020 12:00;251;126;125
23.07.2020 12:15;233;106;127
23.07.2020 12:30;265;116;149
23.07.2020 12:45;225;105;120
23.07.2020 13:00;306;101;205
23.07.2020 13:15;247;120;127
23.07.2020 13:30;253;134;119
23.07.2020 13:45;248;116;132
23.07.2020 14:00;236;121;115
23.07.2020 14:15;261;132;129
23.07.2020 14:30;285;153;132
23.07.2020 14:45;269;132;137
23.07.2020 15:00;285;137;148
23.07.2020 15:15;246;106;140
23.07.2020 15:30;259;111;148
23.07.2020 15:45;288;122;166
23.07.2020 16:00;303;158;145
23.07.2020 16:15;286;152;134
23.07.2020 16:30;266;134;132
23.07.2020 16:45;310;159;151
23.07.2020 17:00;286;138;148
23.07.2020 17:15;294;142;152
23.07.2020 17:30;289;134;155
23.07.2020 17:45;324;133;191
23.07.2020 18:00;302;136;166
23.07.2020 18:15;278;125;153
23.07.2020 18:30;275;120;155
23.07.2020 18:45;256;119;137
23.07.2020 19:00;231;103;128
23.07.2020 19:15;231;109;122
23.07.2020 19:30;180;78;102
23.07.2020 19:45;219;90;129
23.07.2020 20:00;180;81;99
23.07.2020 20:15;195;80;115
23.07.2020 20:30;190;81;109
23.07.2020 20:45;143;80;63
23.07.2020 21:00;127;61;66
23.07.2020 21:15;166;60;106
23.07.2020 21:30;124;44;80
23.07.2020 21:45;141;48;93
23.07.2020 22:00;122;53;69
23.07.2020 22:15;105;41;64
23.07.2020 22:30;86;25;61
23.07.2020 22:45;90;27;63
23.07.2020 23:00;69;24;45
23.07.2020 23:15;58;17;41
23.07.2020 23:30;38;15;23
23.07.2020 23:45;40;14;26
24.07.2020 00:00;35;17;18
24.07.2020 00:15;55;16;39
24.07.2020 00:30;29;5;24
24.07.2020 00:45;26;7;19
24.07.2020 01:00;33;7;26
24.07.2020 01:15;17;9;8
24.07.2020 01:30;11;5;6
24.07.2020 01:45;12;4;8
24.07.2020 02:00;13;3;10
24.07.2020 02:15;16;7;9
24.07.2020 02:30;6;2;4
24.07.2020 02:45;5;2;3
24.07.2020 03:00;6;4;2
24.07.2020 03:15;11;4;7
24.07.2020 03:30;6;3;3
24.07.2020 03:45;4;2;2
24.07.2020 04:00;1;0;1
24.07.2020 04:15;5;1;4
24.07.2020 04:30;3;1;2
24.07.2020 04:45;2;2;0
24.07.2020 05:00;4;4;0
24.07.2020 05:15;3;1;2
24.07.2020 05:30;13;4;9
24.07.2020 05:45;29;20;9
24.07.2020 06:00;27;16;11
24.07.2020 06:15;40;30;10
24.07.2020 06:30;49;24;25
24.07.2020 06:45;61;40;21
24.07.2020 07:00;79;38;41
24.07.2020 07:15;160;102;58
24.07.2020 07:30;290;187;103
24.07.2020 07:45;245;142;103
24.07.2020 08:00;154;93;61
24.07.2020 08:15;207;116;91
24.07.2020 08:30;178;116;62
24.07.2020 08:45;236;134;102
24.07.2020 09:00;163;95;68
24.07.2020 09:15;187;111;76
24.07.2020 09:30;199;119;80
24.07.2020 09:45;197;127;70
24.07.2020 10:00;200;121;79
24.07.2020 10:15;185;101;84
24.07.2020 10:30;165;91;74
24.07.2020 10:45;193;110;83
24.07.2020 11:00;222;104;118
24.07.2020 11:15;208;110;98
24.07.2020 11:30;181;106;75
24.07.2020 11:45;180;113;67
24.07.2020 12:00;225;86;139
24.07.2020 12:15;214;90;124
24.07.2020 12:30;240;116;124
24.07.2020 12:45;211;99;112
24.07.2020 13:00;275;98;177
24.07.2020 13:15;255;115;140
24.07.2020 13:30;230;119;111
24.07.2020 13:45;204;97;107
24.07.2020 14:00;226;108;118
24.07.2020 14:15;224;138;86
24.07.2020 14:30;211;105;106
24.07.2020 14:45;223;97;126
24.07.2020 15:00;219;102;117
24.07.2020 15:15;243;123;120
24.07.2020 15:30;246;117;129
24.07.2020 15:45;326;175;151
24.07.2020 16:00;241;116;125
24.07.2020 16:15;229;127;102
24.07.2020 16:30;204;89;115
24.07.2020 16:45;246;129;117
24.07.2020 17:00;208;85;123
24.07.2020 17:15;235;106;129
24.07.2020 17:30;249;130;119
24.07.2020 17:45;227;103;124
24.07.2020 18:00;193;74;119
24.07.2020 18:15;244;126;118
24.07.2020 18:30;205;75;130
24.07.2020 18:45;246;124;122
24.07.2020 19:00;174;80;94
24.07.2020 19:15;185;90;95
24.07.2020 19:30;191;112;79
24.07.2020 19:45;135;68;67
24.07.2020 20:00;137;65;72
24.07.2020 20:15;152;73;79
24.07.2020 20:30;133;63;70
24.07.2020 20:45;146;53;93
24.07.2020 21:00;110;40;70
24.07.2020 21:15;120;48;72
24.07.2020 21:30;100;39;61
24.07.2020 21:45;75;43;32
24.07.2020 22:00;103;47;56
24.07.2020 22:15;85;22;63
24.07.2020 22:30;94;41;53
24.07.2020 22:45;80;13;67
24.07.2020 23:00;70;26;44
24.07.2020 23:15;66;27;39
24.07.2020 23:30;68;31;37
24.07.2020 23:45;54;19;35
25.07.2020 00:00;74;25;49
25.07.2020 00:15;49;18;31
25.07.2020 00:30;50;22;28
25.07.2020 00:45;32;11;21
25.07.2020 01:00;49;22;27
25.07.2020 01:15;33;16;17
25.07.2020 01:30;25;13;12
25.07.2020 01:45;23;6;17
25.07.2020 02:00;36;7;29
25.07.2020 02:15;26;4;22
25.07.2020 02:30;14;2;12
25.07.2020 02:45;17;7;10
25.07.2020 03:00;16;3;13
25.07.2020 03:15;19;11;8
25.07.2020 03:30;6;2;4
25.07.2020 03:45;19;7;12
25.07.2020 04:00;10;4;6
25.07.2020 04:15;5;5;0
25.07.2020 04:30;8;2;6
25.07.2020 04:45;6;2;4
25.07.2020 05:00;0;0;0
25.07.2020 05:15;8;5;3
25.07.2020 05:30;10;6;4
25.07.2020 05:45;14;6;8
25.07.2020 06:00;9;6;3
25.07.2020 06:15;13;11;2
25.07.2020 06:30;12;10;2
25.07.2020 06:45;21;12;9
25.07.2020 07:00;14;9;5
25.07.2020 07:15;16;11;5
25.07.2020 07:30;36;24;12
25.07.2020 07:45;45;28;17
25.07.2020 08:00;43;22;21
25.07.2020 08:15;49;23;26
25.07.2020 08:30;80;43;37
25.07.2020 08:45;98;53;45
25.07.2020 09:00;121;84;37
25.07.2020 09:15;144;98;46
25.07.2020 09:30;142;84;58
25.07.2020 09:45;146;79;67
25.07.2020 10:00;178;115;63
25.07.2020 10:15;179;102;77
25.07.2020 10:30;167;96;71
25.07.2020 10:45;212;113;99
25.07.2020 11:00;186;97;89
25.07.2020 11:15;219;103;116
25.07.2020 11:30;191;103;88
25.07.2020 11:45;248;146;102
25.07.2020 12:00;221;102;119
25.07.2020 12:15;210;88;122
25.07.2020 12:30;251;124;127
25.07.2020 12:45;241;124;117
25.07.2020 13:00;228;94;134
25.07.2020 13:15;242;117;125
25.07.2020 13:30;164;78;86
25.07.2020 13:45;194;105;89
25.07.2020 14:00;228;106;122
25.07.2020 14:15;238;106;132
25.07.2020 14:30;220;102;118
25.07.2020 14:45;226;110;116
25.07.2020 15:00;212;86;126
25.07.2020 15:15;205;101;104
25.07.2020 15:30;209;111;98
25.07.2020 15:45;189;96;93
25.07.2020 16:00;192;96;96
25.07.2020 16:15;201;102;99
25.07.2020 16:30;156;70;86
25.07.2020 16:45;214;96;118
25.07.2020 17:00;201;97;104
25.07.2020 17:15;207;102;105
25.07.2020 17:30;207;85;122
25.07.2020 17:45;202;103;99
25.07.2020 18:00;189;78;111
25.07.2020 18:15;199;103;96
25.07.2020 18:30;210;95;115
25.07.2020 18:45;199;105;94
25.07.2020 19:00;209;82;127
25.07.2020 19:15;210;108;102
25.07.2020 19:30;228;111;117
25.07.2020 19:45;177;95;82
25.07.2020 20:00;167;84;83
25.07.2020 20:15;177;91;86
25.07.2020 20:30;172;98;74
25.07.2020 20:45;127;68;59
25.07.2020 21:00;122;49;73
25.07.2020 21:15;148;61;87
25.07.2020 21:30;103;52;51
25.07.2020 21:45;103;55;48
25.07.2020 22:00;98;42;56
25.07.2020 22:15;95;55;40
25.07.2020 22:30;65;16;49
25.07.2020 22:45;97;30;67
25.07.2020 23:00;79;36;43
25.07.2020 23:15;67;23;44
25.07.2020 23:30;87;29;58
25.07.2020 23:45;76;29;47
26.07.2020 00:00;73;32;41
26.07.2020 00:15;58;21;37
26.07.2020 00:30;71;33;38
26.07.2020 00:45;41;15;26
26.07.2020 01:00;50;13;37
26.07.2020 01:15;51;22;29
26.07.2020 01:30;43;12;31
26.07.2020 01:45;34;16;18
26.07.2020 02:00;29;9;20
26.07.2020 02:15;23;8;15
26.07.2020 02:30;14;3;11
26.07.2020 02:45;16;8;8
26.07.2020 03:00;15;10;5
26.07.2020 03:15;21;5;16
26.07.2020 03:30;16;5;11
26.07.2020 03:45;5;2;3
26.07.2020 04:00;10;4;6
26.07.2020 04:15;8;2;6
26.07.2020 04:30;6;2;4
26.07.2020 04:45;9;5;4
26.07.2020 05:00;3;1;2
26.07.2020 05:15;8;5;3
26.07.2020 05:30;13;6;7
26.07.2020 05:45;14;7;7
26.07.2020 06:00;15;8;7
26.07.2020 06:15;12;11;1
26.07.2020 06:30;11;7;4
26.07.2020 06:45;5;3;2
26.07.2020 07:00;6;4;2
26.07.2020 07:15;8;4;4
26.07.2020 07:30;6;4;2
26.07.2020 07:45;9;7;2
26.07.2020 08:00;15;7;8
26.07.2020 08:15;17;11;6
26.07.2020 08:30;23;9;14
26.07.2020 08:45;37;19;18
26.07.2020 09:00;43;26;17
26.07.2020 09:15;47;27;20
26.07.2020 09:30;53;25;28
26.07.2020 09:45;78;39;39
26.07.2020 10:00;85;31;54
26.07.2020 10:15;103;57;46
26.07.2020 10:30;88;54;34
26.07.2020 10:45;82;44;38
26.07.2020 11:00;108;69;39
26.07.2020 11:15;120;62;58
26.07.2020 11:30;100;47;53
26.07.2020 11:45;174;77;97
26.07.2020 12:00;119;50;69
26.07.2020 12:15;115;55;60
26.07.2020 12:30;115;68;47
26.07.2020 12:45;112;57;55
26.07.2020 13:00;147;70;77
26.07.2020 13:15;121;62;59
26.07.2020 13:30;126;68;58
26.07.2020 13:45;180;73;107
26.07.2020 14:00;131;57;74
26.07.2020 14:15;171;80;91
26.07.2020 14:30;150;75;75
26.07.2020 14:45;180;90;90
26.07.2020 15:00;182;100;82
26.07.2020 15:15;181;91;90
26.07.2020 15:30;134;77;57
26.07.2020 15:45;158;80;78
26.07.2020 16:00;172;77;95
26.07.2020 16:15;133;59;74
26.07.2020 16:30;164;92;72
26.07.2020 16:45;159;74;85
26.07.2020 17:00;163;85;78
26.07.2020 17:15;182;94;88
26.07.2020 17:30;174;91;83
26.07.2020 17:45;195;95;100
26.07.2020 18:00;180;83;97
26.07.2020 18:15;179;95;84
26.07.2020 18:30;149;76;73
26.07.2020 18:45;153;83;70
26.07.2020 19:00;106;46;60
26.07.2020 19:15;108;50;58
26.07.2020 19:30;104;41;63
26.07.2020 19:45;132;61;71
26.07.2020 20:00;102;43;59
26.07.2020 20:15;88;40;48
26.07.2020 20:30;103;60;43
26.07.2020 20:45;94;38;56
26.07.2020 21:00;82;28;54
26.07.2020 21:15;78;32;46
26.07.2020 21:30;86;38;48
26.07.2020 21:45;67;37;30
26.07.2020 22:00;50;6;44
26.07.2020 22:15;61;21;40
26.07.2020 22:30;36;10;26
26.07.2020 22:45;40;12;28
26.07.2020 23:00;37;18;19
26.07.2020 23:15;23;8;15
26.07.2020 23:30;25;13;12
26.07.2020 23:45;31;11;20
27.07.2020 00:00;15;4;11
27.07.2020 00:15;12;1;11
27.07.2020 00:30;16;5;11
27.07.2020 00:45;16;5;11
27.07.2020 01:00;5;2;3
27.07.2020 01:15;6;1;5
27.07.2020 01:30;6;3;3
27.07.2020 01:45;2;1;1
27.07.2020 02:00;5;2;3
27.07.2020 02:15;1;1;0
27.07.2020 02:30;2;0;2
27.07.2020 02:45;0;0;0
27.07.2020 03:00;2;1;1
27.07.2020 03:15;1;0;1
27.07.2020 03:30;1;1;0
27.07.2020 03:45;1;1;0
27.07.2020 04:00;1;0;1
27.07.2020 04:15;4;2;2
27.07.2020 04:30;2;0;2
27.07.2020 04:45;2;2;0
27.07.2020 05:00;5;4;1
27.07.2020 05:15;7;3;4
27.07.2020 05:30;8;3;5
27.07.2020 05:45;21;13;8
27.07.2020 06:00;27;15;12
27.07.2020 06:15;41;29;12
27.07.2020 06:30;57;30;27
27.07.2020 06:45;65;30;35
27.07.2020 07:00;85;54;31
27.07.2020 07:15;170;119;51
27.07.2020 07:30;265;199;66
27.07.2020 07:45;226;127;99
27.07.2020 08:00;180;90;90
27.07.2020 08:15;203;104;99
27.07.2020 08:30;225;138;87
27.07.2020 08:45;226;127;99
27.07.2020 09:00;174;104;70
27.07.2020 09:15;198;113;85
27.07.2020 09:30;172;102;70
27.07.2020 09:45;184;96;88
27.07.2020 10:00;217;119;98
27.07.2020 10:15;227;106;121
27.07.2020 10:30;232;129;103
27.07.2020 10:45;219;114;105
27.07.2020 11:00;229;116;113
27.07.2020 11:15;239;132;107
27.07.2020 11:30;213;107;106
27.07.2020 11:45;205;100;105
27.07.2020 12:00;274;138;136
27.07.2020 12:15;313;128;185
27.07.2020 12:30;253;122;131
27.07.2020 12:45;248;119;129
27.07.2020 13:00;246;94;152
27.07.2020 13:15;254;109;145
27.07.2020 13:30;283;128;155
27.07.2020 13:45;236;104;132
27.07.2020 14:00;225;117;108
27.07.2020 14:15;240;117;123
27.07.2020 14:30;287;117;170
27.07.2020 14:45;268;129;139
27.07.2020 15:00;250;138;112
27.07.2020 15:15;238;100;138
27.07.2020 15:30;287;146;141
27.07.2020 15:45;295;150;145
27.07.2020 16:00;281;121;160
27.07.2020 16:15;257;117;140
27.07.2020 16:30;288;125;163
27.07.2020 16:45;343;150;193
27.07.2020 17:00;301;98;203
27.07.2020 17:15;295;132;163
27.07.2020 17:30;286;153;133
27.07.2020 17:45;363;176;187
27.07.2020 18:00;271;130;141
27.07.2020 18:15;306;149;157
27.07.2020 18:30;306;144;162
27.07.2020 18:45;253;124;129
27.07.2020 19:00;254;129;125
27.07.2020 19:15;191;104;87
27.07.2020 19:30;257;115;142
27.07.2020 19:45;224;103;121
27.07.2020 20:00;200;89;111
27.07.2020 20:15;209;102;107
27.07.2020 20:30;139;59;80
27.07.2020 20:45;174;72;102
27.07.2020 21:00;173;64;109
27.07.2020 21:15;121;47;74
27.07.2020 21:30;181;75;106
27.07.2020 21:45;131;60;71
27.07.2020 22:00;107;29;78
27.07.2020 22:15;102;52;50
27.07.2020 22:30;105;43;62
27.07.2020 22:45;88;44;44
27.07.2020 23:00;69;25;44
27.07.2020 23:15;57;23;34
27.07.2020 23:30;54;20;34
27.07.2020 23:45;47;16;31
28.07.2020 00:00;61;25;36
28.07.2020 00:15;37;8;29
28.07.2020 00:30;16;6;10
28.07.2020 00:45;28;10;18
28.07.2020 01:00;19;7;12
28.07.2020 01:15;15;5;10
28.07.2020 01:30;14;1;13
28.07.2020 01:45;16;6;10
28.07.2020 02:00;7;3;4
28.07.2020 02:15;6;2;4
28.07.2020 02:30;4;1;3
28.07.2020 02:45;5;2;3
28.07.2020 03:00;3;2;1
28.07.2020 03:15;8;0;8
28.07.2020 03:30;16;6;10
28.07.2020 03:45;1;1;0
28.07.2020 04:00;0;0;0
28.07.2020 04:15;6;0;6
28.07.2020 04:30;5;4;1
28.07.2020 04:45;4;2;2
28.07.2020 05:00;7;5;2
28.07.2020 05:15;5;2;3
28.07.2020 05:30;14;8;6
28.07.2020 05:45;18;10;8
28.07.2020 06:00;27;15;12
28.07.2020 06:15;45;30;15
28.07.2020 06:30;57;31;26
28.07.2020 06:45;81;50;31
28.07.2020 07:00;90;53;37
28.07.2020 07:15;177;124;53
28.07.2020 07:30;270;195;75
28.07.2020 07:45;255;148;107
28.07.2020 08:00;213;116;97
28.07.2020 08:15;193;109;84
28.07.2020 08:30;227;124;103
28.07.2020 08:45;252;147;105
28.07.2020 09:00;243;147;96
28.07.2020 09:15;253;148;105
28.07.2020 09:30;212;115;97
28.07.2020 09:45;238;126;112
28.07.2020 10:00;198;112;86
28.07.2020 10:15;220;104;116
28.07.2020 10:30;224;105;119
28.07.2020 10:45;230;117;113
28.07.2020 11:00;230;136;94
28.07.2020 11:15;229;108;121
28.07.2020 11:30;216;107;109
28.07.2020 11:45;254;107;147
28.07.2020 12:00;259;88;171
28.07.2020 12:15;268;121;147
28.07.2020 12:30;278;100;178
28.07.2020 12:45;243;121;122
28.07.2020 13:00;297;121;176
28.07.2020 13:15;197;83;114
28.07.2020 13:30;191;93;98
28.07.2020 13:45;210;130;80
28.07.2020 14:00;222;139;83
28.07.2020 14:15;198;106;92
28.07.2020 14:30;213;102;111
28.07.2020 14:45;230;123;107
28.07.2020 15:00;214;97;117
28.07.2020 15:15;305;148;157
28.07.2020 15:30;173;76;97
28.07.2020 15:45;180;68;112
28.07.2020 16:00;220;97;123
28.07.2020 16:15;206;90;116
28.07.2020 16:30;221;102;119
28.07.2020 16:45;257;134;123
28.07.2020 17:00;292;152;140
28.07.2020 17:15;258;125;133
28.07.2020 17:30;287;139;148
28.07.2020 17:45;255;118;137
28.07.2020 18:00;202;90;112
28.07.2020 18:15;231;103;128
28.07.2020 18:30;199;101;98
28.07.2020 18:45;259;111;148
28.07.2020 19:00;201;94;107
28.07.2020 19:15;162;77;85
28.07.2020 19:30;181;92;89
28.07.2020 19:45;142;58;84
28.07.2020 20:00;156;62;94
28.07.2020 20:15;129;65;64
28.07.2020 20:30;95;32;63
28.07.2020 20:45;99;38;61
28.07.2020 21:00;111;47;64
28.07.2020 21:15;102;38;64
28.07.2020 21:30;98;44;54
28.07.2020 21:45;96;36;60
28.07.2020 22:00;89;45;44
28.07.2020 22:15;83;28;55
28.07.2020 22:30;51;21;30
28.07.2020 22:45;49;19;30
28.07.2020 23:00;46;18;28
28.07.2020 23:15;64;28;36
28.07.2020 23:30;38;21;17
28.07.2020 23:45;31;16;15
29.07.2020 00:00;45;22;23
29.07.2020 00:15;34;11;23
29.07.2020 00:30;19;7;12
29.07.2020 00:45;26;8;18
29.07.2020 01:00;13;3;10
29.07.2020 01:15;16;7;9
29.07.2020 01:30;22;5;17
29.07.2020 01:45;14;7;7
29.07.2020 02:00;4;0;4
29.07.2020 02:15;4;3;1
29.07.2020 02:30;9;2;7
29.07.2020 02:45;3;0;3
29.07.2020 03:00;4;4;0
29.07.2020 03:15;2;2;0
29.07.2020 03:30;9;5;4
29.07.2020 03:45;6;3;3
29.07.2020 04:00;7;6;1
29.07.2020 04:15;5;3;2
29.07.2020 04:30;1;0;1
29.07.2020 04:45;3;1;2
29.07.2020 05:00;8;4;4
29.07.2020 05:15;4;0;4
29.07.2020 05:30;21;9;12
29.07.2020 05:45;28;14;14
29.07.2020 06:00;21;14;7
29.07.2020 06:15;53;34;19
29.07.2020 06:30;57;34;23
29.07.2020 06:45;81;52;29
29.07.2020 07:00;81;49;32
29.07.2020 07:15;151;98;53
29.07.2020 07:30;233;154;79
29.07.2020 07:45;200;107;93
29.07.2020 08:00;202;126;76
29.07.2020 08:15;246;140;106
29.07.2020 08:30;238;144;94
29.07.2020 08:45;239;133;106
29.07.2020 09:00;220;127;93
29.07.2020 09:15;235;139;96
29.07.2020 09:30;225;122;103
29.07.2020 09:45;271;182;89
29.07.2020 10:00;183;90;93
29.07.2020 10:15;182;96;86
29.07.2020 10:30;209;95;114
29.07.2020 10:45;185;102;83
29.07.2020 11:00;234;134;100
29.07.2020 11:15;200;105;95
29.07.2020 11:30;250;144;106
29.07.2020 11:45;259;114;145
29.07.2020 12:00;247;88;159
29.07.2020 12:15;267;99;168
29.07.2020 12:30;235;95;140
29.07.2020 12:45;251;121;130
29.07.2020 13:00;201;90;111
29.07.2020 13:15;243;117;126
29.07.2020 13:30;221;101;120
29.07.2020 13:45;273;134;139
29.07.2020 14:00;241;109;132
29.07.2020 14:15;251;125;126
29.07.2020 14:30;246;125;121
29.07.2020 14:45;297;146;151
29.07.2020 15:00;279;127;152
29.07.2020 15:15;276;114;162
29.07.2020 15:30;255;122;133
29.07.2020 15:45;286;150;136
29.07.2020 16:00;286;138;148
29.07.2020 16:15;316;153;163
29.07.2020 16:30;256;123;133
29.07.2020 16:45;288;145;143
29.07.2020 17:00;289;132;157
29.07.2020 17:15;333;185;148
29.07.2020 17:30;315;148;167
29.07.2020 17:45;377;168;209
29.07.2020 18:00;349;152;197
29.07.2020 18:15;323;149;174
29.07.2020 18:30;277;123;154
29.07.2020 18:45;314;143;171
29.07.2020 19:00;262;112;150
29.07.2020 19:15;243;101;142
29.07.2020 19:30;260;119;141
29.07.2020 19:45;230;117;113
29.07.2020 20:00;203;96;107
29.07.2020 20:15;186;86;100
29.07.2020 20:30;184;85;99
29.07.2020 20:45;185;75;110
29.07.2020 21:00;154;59;95
29.07.2020 21:15;158;61;97
29.07.2020 21:30;138;49;89
29.07.2020 21:45;139;64;75
29.07.2020 22:00;110;48;62
29.07.2020 22:15;137;43;94
29.07.2020 22:30;113;47;66
29.07.2020 22:45;85;31;54
29.07.2020 23:00;104;35;69
29.07.2020 23:15;73;27;46
29.07.2020 23:30;53;21;32
29.07.2020 23:45;52;17;35
30.07.2020 00:00;44;19;25
30.07.2020 00:15;38;12;26
30.07.2020 00:30;52;19;33
30.07.2020 00:45;41;14;27
30.07.2020 01:00;36;15;21
30.07.2020 01:15;28;8;20
30.07.2020 01:30;13;4;9
30.07.2020 01:45;24;2;22
30.07.2020 02:00;26;6;20
30.07.2020 02:15;7;3;4
30.07.2020 02:30;6;2;4
30.07.2020 02:45;15;14;1
30.07.2020 03:00;9;1;8
30.07.2020 03:15;10;4;6
30.07.2020 03:30;9;0;9
30.07.2020 03:45;7;4;3
30.07.2020 04:00;2;1;1
30.07.2020 04:15;4;2;2
30.07.2020 04:30;4;2;2
30.07.2020 04:45;3;3;0
30.07.2020 05:00;1;0;1
30.07.2020 05:15;7;2;5
30.07.2020 05:30;22;13;9
30.07.2020 05:45;23;12;11
30.07.2020 06:00;32;16;16
30.07.2020 06:15;43;32;11
30.07.2020 06:30;46;26;20
30.07.2020 06:45;55;29;26
30.07.2020 07:00;72;48;24
30.07.2020 07:15;105;68;37
30.07.2020 07:30;133;88;45
30.07.2020 07:45;185;108;77
30.07.2020 08:00;172;93;79
30.07.2020 08:15;190;104;86
30.07.2020 08:30;207;127;80
30.07.2020 08:45;228;114;114
30.07.2020 09:00;189;115;74
30.07.2020 09:15;190;104;86
30.07.2020 09:30;191;100;91
30.07.2020 09:45;196;107;89
30.07.2020 10:00;182;107;75
30.07.2020 10:15;175;107;68
30.07.2020 10:30;200;103;97
30.07.2020 10:45;212;120;92
30.07.2020 11:00;191;97;94
30.07.2020 11:15;207;118;89
30.07.2020 11:30;198;90;108
30.07.2020 11:45;182;103;79
30.07.2020 12:00;242;102;140
30.07.2020 12:15;240;109;131
30.07.2020 12:30;209;86;123
30.07.2020 12:45;264;124;140
30.07.2020 13:00;242;100;142
30.07.2020 13:15;238;99;139
30.07.2020 13:30;208;92;116
30.07.2020 13:45;207;114;93
30.07.2020 14:00;233;119;114
30.07.2020 14:15;243;120;123
30.07.2020 14:30;248;116;132
30.07.2020 14:45;248;112;136
30.07.2020 15:00;266;131;135
30.07.2020 15:15;224;109;115
30.07.2020 15:30;214;105;109
30.07.2020 15:45;231;109;122
30.07.2020 16:00;235;100;135
30.07.2020 16:15;268;121;147
30.07.2020 16:30;277;153;124
30.07.2020 16:45;268;147;121
30.07.2020 17:00;237;112;125
30.07.2020 17:15;288;141;147
30.07.2020 17:30;278;130;148
30.07.2020 17:45;319;151;168
30.07.2020 18:00;304;141;163
30.07.2020 18:15;294;115;179
30.07.2020 18:30;283;131;152
30.07.2020 18:45;292;150;142
30.07.2020 19:00;228;92;136
30.07.2020 19:15;232;106;126
30.07.2020 19:30;192;72;120
30.07.2020 19:45;213;83;130
30.07.2020 20:00;208;107;101
30.07.2020 20:15;167;72;95
30.07.2020 20:30;157;75;82
30.07.2020 20:45;164;73;91
30.07.2020 21:00;181;85;96
30.07.2020 21:15;147;60;87
30.07.2020 21:30;148;48;100
30.07.2020 21:45;122;41;81
30.07.2020 22:00;154;72;82
30.07.2020 22:15;127;37;90
30.07.2020 22:30;94;33;61
30.07.2020 22:45;100;36;64
30.07.2020 23:00;75;34;41
30.07.2020 23:15;95;33;62
30.07.2020 23:30;62;25;37
30.07.2020 23:45;50;18;32
31.07.2020 00:00;67;36;31
31.07.2020 00:15;51;20;31
31.07.2020 00:30;38;18;20
31.07.2020 00:45;27;12;15
31.07.2020 01:00;31;11;20
31.07.2020 01:15;17;1;16
31.07.2020 01:30;16;3;13
31.07.2020 01:45;19;6;13
31.07.2020 02:00;19;7;12
31.07.2020 02:15;13;2;11
31.07.2020 02:30;8;6;2
31.07.2020 02:45;10;5;5
31.07.2020 03:00;12;4;8
31.07.2020 03:15;9;0;9
31.07.2020 03:30;2;1;1
31.07.2020 03:45;5;3;2
31.07.2020 04:00;5;0;5
31.07.2020 04:15;3;0;3
31.07.2020 04:30;6;3;3
31.07.2020 04:45;3;1;2
31.07.2020 05:00;6;4;2
31.07.2020 05:15;4;2;2
31.07.2020 05:30;21;11;10
31.07.2020 05:45;22;12;10
31.07.2020 06:00;24;16;8
31.07.2020 06:15;38;29;9
31.07.2020 06:30;51;29;22
31.07.2020 06:45;64;35;29
31.07.2020 07:00;84;50;34
31.07.2020 07:15;98;57;41
31.07.2020 07:30;114;62;52
31.07.2020 07:45;178;110;68
31.07.2020 08:00;135;79;56
31.07.2020 08:15;175;104;71
31.07.2020 08:30;199;123;76
31.07.2020 08:45;213;122;91
31.07.2020 09:00;184;98;86
31.07.2020 09:15;204;129;75
31.07.2020 09:30;173;105;68
31.07.2020 09:45;241;147;94
31.07.2020 10:00;187;106;81
31.07.2020 10:15;207;117;90
31.07.2020 10:30;186;93;93
31.07.2020 10:45;216;124;92
31.07.2020 11:00;171;75;96
31.07.2020 11:15;245;122;123
31.07.2020 11:30;256;103;153
31.07.2020 11:45;238;118;120
31.07.2020 12:00;237;104;133
31.07.2020 12:15;260;108;152
31.07.2020 12:30;213;93;120
31.07.2020 12:45;213;91;122
31.07.2020 13:00;219;93;126
31.07.2020 13:15;216;86;130
31.07.2020 13:30;233;108;125
31.07.2020 13:45;209;100;109
31.07.2020 14:00;249;127;122
31.07.2020 14:15;216;112;104
31.07.2020 14:30;213;112;101
31.07.2020 14:45;212;104;108
31.07.2020 15:00;221;99;122
31.07.2020 15:15;215;98;117
31.07.2020 15:30;212;120;92
31.07.2020 15:45;293;127;166
31.07.2020 16:00;200;101;99
31.07.2020 16:15;251;130;121
31.07.2020 16:30;199;106;93
31.07.2020 16:45;248;107;141
31.07.2020 17:00;226;126;100
31.07.2020 17:15;213;75;138
31.07.2020 17:30;210;91;119
31.07.2020 17:45;252;112;140
31.07.2020 18:00;262;106;156
31.07.2020 18:15;218;113;105
31.07.2020 18:30;261;132;129
31.07.2020 18:45;266;148;118
31.07.2020 19:00;218;115;103
31.07.2020 19:15;222;111;111
31.07.2020 19:30;190;98;92
31.07.2020 19:45;168;74;94
31.07.2020 20:00;176;77;99
31.07.2020 20:15;177;79;98
31.07.2020 20:30;182;92;90
31.07.2020 20:45;165;78;87
31.07.2020 21:00;157;72;85
31.07.2020 21:15;141;61;80
31.07.2020 21:30;115;45;70
31.07.2020 21:45;149;44;105
31.07.2020 22:00;111;59;52
31.07.2020 22:15;107;52;55
31.07.2020 22:30;98;37;61
31.07.2020 22:45;124;67;57
31.07.2020 23:00;91;46;45
31.07.2020 23:15;83;38;45
31.07.2020 23:30;93;29;64
31.07.2020 23:45;89;44;45
01.08.2020 00:00;62;23;39
01.08.2020 00:15;62;19;43
01.08.2020 00:30;48;6;42
01.08.2020 00:45;42;12;30
01.08.2020 01:00;46;11;35
01.08.2020 01:15;51;28;23
01.08.2020 01:30;22;9;13
01.08.2020 01:45;25;13;12
01.08.2020 02:00;37;13;24
01.08.2020 02:15;21;3;18
01.08.2020 02:30;25;4;21
01.08.2020 02:45;21;8;13
01.08.2020 03:00;20;7;13
01.08.2020 03:15;23;5;18
01.08.2020 03:30;7;1;6
01.08.2020 03:45;6;2;4
01.08.2020 04:00;8;2;6
01.08.2020 04:15;15;4;11
01.08.2020 04:30;16;5;11
01.08.2020 04:45;2;0;2
01.08.2020 05:00;4;1;3
01.08.2020 05:15;10;7;3
01.08.2020 05:30;15;8;7
01.08.2020 05:45;14;8;6
01.08.2020 06:00;12;7;5
01.08.2020 06:15;15;9;6
01.08.2020 06:30;20;11;9
01.08.2020 06:45;17;4;13
01.08.2020 07:00;27;15;12
01.08.2020 07:15;25;16;9
01.08.2020 07:30;40;15;25
01.08.2020 07:45;42;25;17
01.08.2020 08:00;39;20;19
01.08.2020 08:15;85;52;33
01.08.2020 08:30;103;67;36
01.08.2020 08:45;119;88;31
01.08.2020 09:00;114;62;52
01.08.2020 09:15;127;75;52
01.08.2020 09:30;184;112;72
01.08.2020 09:45;180;111;69
01.08.2020 10:00;169;94;75
01.08.2020 10:15;176;85;91
01.08.2020 10:30;195;98;97
01.08.2020 10:45;213;112;101
01.08.2020 11:00;192;83;109
01.08.2020 11:15;199;107;92
01.08.2020 11:30;169;75;94
01.08.2020 11:45;226;107;119
01.08.2020 12:00;164;82;82
01.08.2020 12:15;163;92;71
01.08.2020 12:30;149;85;64
01.08.2020 12:45;223;102;121
01.08.2020 13:00;173;88;85
01.08.2020 13:15;168;88;80
01.08.2020 13:30;150;70;80
01.08.2020 13:45;160;77;83
01.08.2020 14:00;186;89;97
01.08.2020 14:15;168;63;105
01.08.2020 14:30;146;60;86
01.08.2020 14:45;150;69;81
01.08.2020 15:00;158;68;90
01.08.2020 15:15;166;84;82
01.08.2020 15:30;175;94;81
01.08.2020 15:45;185;75;110
01.08.2020 16:00;161;71;90
01.08.2020 16:15;179;88;91
01.08.2020 16:30;144;65;79
01.08.2020 16:45;217;94;123
01.08.2020 17:00;190;80;110
01.08.2020 17:15;199;93;106
01.08.2020 17:30;166;85;81
01.08.2020 17:45;167;81;86
01.08.2020 18:00;161;77;84
01.08.2020 18:15;156;65;91
01.08.2020 18:30;146;77;69
01.08.2020 18:45;185;79;106
01.08.2020 19:00;117;46;71
01.08.2020 19:15;122;67;55
01.08.2020 19:30;127;59;68
01.08.2020 19:45;171;87;84
01.08.2020 20:00;145;55;90
01.08.2020 20:15;115;69;46
01.08.2020 20:30;115;50;65
01.08.2020 20:45;119;60;59
01.08.2020 21:00;114;52;62
01.08.2020 21:15;87;48;39
01.08.2020 21:30;130;64;66
01.08.2020 21:45;94;46;48
01.08.2020 22:00;122;40;82
01.08.2020 22:15;76;20;56
01.08.2020 22:30;76;31;45
01.08.2020 22:45;52;19;33
01.08.2020 23:00;86;43;43
01.08.2020 23:15;76;29;47
01.08.2020 23:30;78;27;51
01.08.2020 23:45;58;19;39
02.08.2020 00:00;59;19;40
02.08.2020 00:15;71;32;39
02.08.2020 00:30;41;18;23
02.08.2020 00:45;50;20;30
02.08.2020 01:00;49;23;26
02.08.2020 01:15;35;18;17
02.08.2020 01:30;36;13;23
02.08.2020 01:45;31;10;21
02.08.2020 02:00;16;6;10
02.08.2020 02:15;18;11;7
02.08.2020 02:30;19;7;12
02.08.2020 02:45;24;6;18
02.08.2020 03:00;25;11;14
02.08.2020 03:15;7;2;5
02.08.2020 03:30;9;3;6
02.08.2020 03:45;17;7;10
02.08.2020 04:00;14;6;8
02.08.2020 04:15;13;4;9
02.08.2020 04:30;12;3;9
02.08.2020 04:45;4;1;3
02.08.2020 05:00;4;2;2
02.08.2020 05:15;8;4;4
02.08.2020 05:30;7;5;2
02.08.2020 05:45;6;2;4
02.08.2020 06:00;4;2;2
02.08.2020 06:15;8;6;2
02.08.2020 06:30;12;4;8
02.08.2020 06:45;11;3;8
02.08.2020 07:00;7;4;3
02.08.2020 07:15;9;3;6
02.08.2020 07:30;12;8;4
02.08.2020 07:45;14;11;3
02.08.2020 08:00;18;9;9
02.08.2020 08:15;21;9;12
02.08.2020 08:30;33;17;16
02.08.2020 08:45;48;27;21
02.08.2020 09:00;45;30;15
02.08.2020 09:15;59;34;25
02.08.2020 09:30;70;47;23
02.08.2020 09:45;82;56;26
02.08.2020 10:00;95;50;45
02.08.2020 10:15;89;56;33
02.08.2020 10:30;96;56;40
02.08.2020 10:45;77;40;37
02.08.2020 11:00;95;50;45
02.08.2020 11:15;94;37;57
02.08.2020 11:30;118;68;50
02.08.2020 11:45;126;66;60
02.08.2020 12:00;110;47;63
02.08.2020 12:15;140;84;56
02.08.2020 12:30;95;46;49
02.08.2020 12:45;132;66;66
02.08.2020 13:00;102;42;60
02.08.2020 13:15;96;53;43
02.08.2020 13:30;107;53;54
02.08.2020 13:45;111;50;61
02.08.2020 14:00;108;52;56
02.08.2020 14:15;113;51;62
02.08.2020 14:30;143;76;67
02.08.2020 14:45;143;69;74
02.08.2020 15:00;129;59;70
02.08.2020 15:15;107;38;69
02.08.2020 15:30;125;64;61
02.08.2020 15:45;85;42;43
02.08.2020 16:00;99;52;47
02.08.2020 16:15;104;53;51
02.08.2020 16:30;123;50;73
02.08.2020 16:45;95;35;60
02.08.2020 17:00;49;28;21
02.08.2020 17:15;67;30;37
02.08.2020 17:30;39;12;27
02.08.2020 17:45;53;20;33
02.08.2020 18:00;63;20;43
02.08.2020 18:15;61;32;29
02.08.2020 18:30;56;32;24
02.08.2020 18:45;74;40;34
02.08.2020 19:00;59;36;23
02.08.2020 19:15;59;35;24
02.08.2020 19:30;59;35;24
02.08.2020 19:45;54;30;24
02.08.2020 20:00;42;21;21
02.08.2020 20:15;49;20;29
02.08.2020 20:30;46;20;26
02.08.2020 20:45;39;20;19
02.08.2020 21:00;43;23;20
02.08.2020 21:15;53;26;27
02.08.2020 21:30;41;19;22
02.08.2020 21:45;32;19;13
02.08.2020 22:00;22;6;16
02.08.2020 22:15;32;15;17
02.08.2020 22:30;20;9;11
02.08.2020 22:45;10;3;7
02.08.2020 23:00;20;11;9
02.08.2020 23:15;10;4;6
02.08.2020 23:30;15;6;9
02.08.2020 23:45;11;1;10
03.08.2020 00:00;6;2;4
03.08.2020 00:15;10;3;7
03.08.2020 00:30;7;2;5
03.08.2020 00:45;10;4;6
03.08.2020 01:00;4;3;1
03.08.2020 01:15;7;1;6
03.08.2020 01:30;3;2;1
03.08.2020 01:45;3;1;2
03.08.2020 02:00;6;2;4
03.08.2020 02:15;6;1;5
03.08.2020 02:30;1;0;1
03.08.2020 02:45;2;0;2
03.08.2020 03:00;1;1;0
03.08.2020 03:15;2;1;1
03.08.2020 03:30;2;0;2
03.08.2020 03:45;0;0;0
03.08.2020 04:00;2;1;1
03.08.2020 04:15;1;0;1
03.08.2020 04:30;2;0;2
03.08.2020 04:45;4;2;2
03.08.2020 05:00;5;3;2
03.08.2020 05:15;8;5;3
03.08.2020 05:30;12;4;8
03.08.2020 05:45;21;11;10
03.08.2020 06:00;18;11;7
03.08.2020 06:15;31;21;10
03.08.2020 06:30;37;24;13
03.08.2020 06:45;59;38;21
03.08.2020 07:00;51;31;20
03.08.2020 07:15;79;52;27
03.08.2020 07:30;116;59;57
03.08.2020 07:45;159;94;65
03.08.2020 08:00;103;54;49
03.08.2020 08:15;145;84;61
03.08.2020 08:30;124;65;59
03.08.2020 08:45;150;101;49
03.08.2020 09:00;132;75;57
03.08.2020 09:15;152;85;67
03.08.2020 09:30;119;71;48
03.08.2020 09:45;149;94;55
03.08.2020 10:00;143;76;67
03.08.2020 10:15;119;72;47
03.08.2020 10:30;139;87;52
03.08.2020 10:45;194;106;88
03.08.2020 11:00;130;61;69
03.08.2020 11:15;126;78;48
03.08.2020 11:30;149;78;71
03.08.2020 11:45;138;69;69
03.08.2020 12:00;129;57;72
03.08.2020 12:15;178;88;90
03.08.2020 12:30;184;101;83
03.08.2020 12:45;139;59;80
03.08.2020 13:00;107;51;56
03.08.2020 13:15;120;56;64
03.08.2020 13:30;113;60;53
03.08.2020 13:45;131;73;58
03.08.2020 14:00;123;59;64
03.08.2020 14:15;136;71;65
03.08.2020 14:30;124;52;72
03.08.2020 14:45;137;63;74
03.08.2020 15:00;120;50;70
03.08.2020 15:15;156;72;84
03.08.2020 15:30;146;71;75
03.08.2020 15:45;171;69;102
03.08.2020 16:00;156;71;85
03.08.2020 16:15;136;49;87
03.08.2020 16:30;156;76;80
03.08.2020 16:45;99;47;52
03.08.2020 17:00;127;53;74
03.08.2020 17:15;125;59;66
03.08.2020 17:30;109;43;66
03.08.2020 17:45;129;47;82
03.08.2020 18:00;105;44;61
03.08.2020 18:15;89;26;63
03.08.2020 18:30;81;36;45
03.08.2020 18:45;92;39;53
03.08.2020 19:00;77;39;38
03.08.2020 19:15;78;37;41
03.08.2020 19:30;61;27;34
03.08.2020 19:45;62;31;31
03.08.2020 20:00;44;19;25
03.08.2020 20:15;43;23;20
03.08.2020 20:30;46;16;30
03.08.2020 20:45;49;24;25
03.08.2020 21:00;36;22;14
03.08.2020 21:15;39;14;25
03.08.2020 21:30;36;16;20
03.08.2020 21:45;37;16;21
03.08.2020 22:00;27;14;13
03.08.2020 22:15;21;8;13
03.08.2020 22:30;22;7;15
03.08.2020 22:45;17;13;4
03.08.2020 23:00;18;7;11
03.08.2020 23:15;23;14;9
03.08.2020 23:30;16;4;12
03.08.2020 23:45;9;6;3
04.08.2020 00:00;15;6;9
04.08.2020 00:15;8;1;7
04.08.2020 00:30;18;10;8
04.08.2020 00:45;9;4;5
04.08.2020 01:00;15;2;13
04.08.2020 01:15;2;2;0
04.08.2020 01:30;6;1;5
04.08.2020 01:45;8;3;5
04.08.2020 02:00;3;3;0
04.08.2020 02:15;1;0;1
04.08.2020 02:30;2;0;2
04.08.2020 02:45;1;0;1
04.08.2020 03:00;3;0;3
04.08.2020 03:15;4;1;3
04.08.2020 03:30;1;0;1
04.08.2020 03:45;3;0;3
04.08.2020 04:00;0;0;0
04.08.2020 04:15;1;1;0
04.08.2020 04:30;1;0;1
04.08.2020 04:45;4;2;2
04.08.2020 05:00;2;1;1
04.08.2020 05:15;3;2;1
04.08.2020 05:30;8;3;5
04.08.2020 05:45;19;12;7
04.08.2020 06:00;17;4;13
04.08.2020 06:15;20;13;7
04.08.2020 06:30;28;14;14
04.08.2020 06:45;39;24;15
04.08.2020 07:00;35;24;11
04.08.2020 07:15;48;32;16
04.08.2020 07:30;66;39;27
04.08.2020 07:45;95;55;40
04.08.2020 08:00;71;38;33
04.08.2020 08:15;94;52;42
04.08.2020 08:30;102;68;34
04.08.2020 08:45;135;77;58
04.08.2020 09:00;71;31;40
04.08.2020 09:15;87;55;32
04.08.2020 09:30;82;46;36
04.08.2020 09:45;121;76;45
04.08.2020 10:00;103;52;51
04.08.2020 10:15;109;58;51
04.08.2020 10:30;103;53;50
04.08.2020 10:45;111;72;39
04.08.2020 11:00;110;70;40
04.08.2020 11:15;97;59;38
04.08.2020 11:30;122;70;52
04.08.2020 11:45;134;64;70
04.08.2020 12:00;128;72;56
04.08.2020 12:15;151;70;81
04.08.2020 12:30;132;66;66
04.08.2020 12:45;124;64;60
04.08.2020 13:00;97;57;40
04.08.2020 13:15;108;49;59
04.08.2020 13:30;111;47;64
04.08.2020 13:45;132;70;62
04.08.2020 14:00;117;60;57
04.08.2020 14:15;132;71;61
04.08.2020 14:30;135;74;61
04.08.2020 14:45;146;78;68
04.08.2020 15:00;163;89;74
04.08.2020 15:15;156;79;77
04.08.2020 15:30;140;71;69
04.08.2020 15:45;170;95;75
04.08.2020 16:00;149;69;80
04.08.2020 16:15;158;98;60
04.08.2020 16:30;169;88;81
04.08.2020 16:45;185;83;102
04.08.2020 17:00;211;106;105
04.08.2020 17:15;205;98;107
04.08.2020 17:30;212;119;93
04.08.2020 17:45;207;96;111
04.08.2020 18:00;208;78;130
04.08.2020 18:15;192;76;116
04.08.2020 18:30;185;96;89
04.08.2020 18:45;187;82;105
04.08.2020 19:00;164;75;89
04.08.2020 19:15;165;65;100
04.08.2020 19:30;136;56;80
04.08.2020 19:45;126;57;69
04.08.2020 20:00;111;47;64
04.08.2020 20:15;106;44;62
04.08.2020 20:30;93;38;55
04.08.2020 20:45;106;48;58
04.08.2020 21:00;103;52;51
04.08.2020 21:15;98;50;48
04.08.2020 21:30;61;25;36
04.08.2020 21:45;73;25;48
04.08.2020 22:00;65;24;41
04.08.2020 22:15;61;25;36
04.08.2020 22:30;47;18;29
04.08.2020 22:45;57;24;33
04.08.2020 23:00;36;14;22
04.08.2020 23:15;52;23;29
04.08.2020 23:30;30;10;20
04.08.2020 23:45;41;17;24
05.08.2020 00:00;32;12;20
05.08.2020 00:15;26;17;9
05.08.2020 00:30;15;9;6
05.08.2020 00:45;26;13;13
05.08.2020 01:00;17;4;13
05.08.2020 01:15;14;1;13
05.08.2020 01:30;12;8;4
05.08.2020 01:45;7;5;2
05.08.2020 02:00;11;5;6
05.08.2020 02:15;7;4;3
05.08.2020 02:30;6;3;3
05.08.2020 02:45;4;2;2
05.08.2020 03:00;3;1;2
05.08.2020 03:15;1;0;1
05.08.2020 03:30;1;0;1
05.08.2020 03:45;3;1;2
05.08.2020 04:00;4;1;3
05.08.2020 04:15;6;2;4
05.08.2020 04:30;3;1;2
05.08.2020 04:45;8;5;3
05.08.2020 05:00;6;5;1
05.08.2020 05:15;7;3;4
05.08.2020 05:30;10;5;5
05.08.2020 05:45;17;11;6
05.08.2020 06:00;22;14;8
05.08.2020 06:15;42;26;16
05.08.2020 06:30;54;29;25
05.08.2020 06:45;66;40;26
05.08.2020 07:00;70;44;26
05.08.2020 07:15;102;60;42
05.08.2020 07:30;120;73;47
05.08.2020 07:45;191;120;71
05.08.2020 08:00;136;81;55
05.08.2020 08:15;163;102;61
05.08.2020 08:30;185;107;78
05.08.2020 08:45;169;100;69
05.08.2020 09:00;178;102;76
05.08.2020 09:15;194;117;77
05.08.2020 09:30;169;81;88
05.08.2020 09:45;150;104;46
05.08.2020 10:00;144;90;54
05.08.2020 10:15;161;86;75
05.08.2020 10:30;200;121;79
05.08.2020 10:45;204;116;88
05.08.2020 11:00;197;83;114
05.08.2020 11:15;187;96;91
05.08.2020 11:30;189;103;86
05.08.2020 11:45;182;84;98
05.08.2020 12:00;220;113;107
05.08.2020 12:15;242;93;149
05.08.2020 12:30;236;111;125
05.08.2020 12:45;204;103;101
05.08.2020 13:00;215;97;118
05.08.2020 13:15;203;90;113
05.08.2020 13:30;198;119;79
05.08.2020 13:45;217;121;96
05.08.2020 14:00;213;117;96
05.08.2020 14:15;235;117;118
05.08.2020 14:30;262;143;119
05.08.2020 14:45;263;125;138
05.08.2020 15:00;235;94;141
05.08.2020 15:15;243;123;120
05.08.2020 15:30;300;157;143
05.08.2020 15:45;313;152;161
05.08.2020 16:00;259;125;134
05.08.2020 16:15;266;129;137
05.08.2020 16:30;284;162;122
05.08.2020 16:45;272;130;142
05.08.2020 17:00;347;158;189
05.08.2020 17:15;312;174;138
05.08.2020 17:30;324;151;173
05.08.2020 17:45;271;119;152
05.08.2020 18:00;333;150;183
05.08.2020 18:15;284;138;146
05.08.2020 18:30;248;126;122
05.08.2020 18:45;293;135;158
05.08.2020 19:00;256;127;129
05.08.2020 19:15;229;105;124
05.08.2020 19:30;167;93;74
05.08.2020 19:45;207;91;116
05.08.2020 20:00;216;99;117
05.08.2020 20:15;142;67;75
05.08.2020 20:30;121;59;62
05.08.2020 20:45;150;62;88
05.08.2020 21:00;155;57;98
05.08.2020 21:15;126;56;70
05.08.2020 21:30;135;55;80
05.08.2020 21:45;123;56;67
05.08.2020 22:00;105;49;56
05.08.2020 22:15;96;55;41
05.08.2020 22:30;82;36;46
05.08.2020 22:45;79;24;55
05.08.2020 23:00;67;21;46
05.08.2020 23:15;59;20;39
05.08.2020 23:30;42;13;29
05.08.2020 23:45;38;8;30
06.08.2020 00:00;30;11;19
06.08.2020 00:15;35;14;21
06.08.2020 00:30;29;11;18
06.08.2020 00:45;18;6;12
06.08.2020 01:00;32;20;12
06.08.2020 01:15;15;1;14
06.08.2020 01:30;20;11;9
06.08.2020 01:45;9;3;6
06.08.2020 02:00;17;3;14
06.08.2020 02:15;2;1;1
06.08.2020 02:30;14;4;10
06.08.2020 02:45;4;0;4
06.08.2020 03:00;8;3;5
06.08.2020 03:15;10;2;8
06.08.2020 03:30;12;2;10
06.08.2020 03:45;7;1;6
06.08.2020 04:00;2;1;1
06.08.2020 04:15;3;2;1
06.08.2020 04:30;2;1;1
06.08.2020 04:45;7;5;2
06.08.2020 05:00;6;4;2
06.08.2020 05:15;6;4;2
06.08.2020 05:30;17;9;8
06.08.2020 05:45;27;15;12
06.08.2020 06:00;22;11;11
06.08.2020 06:15;44;32;12
06.08.2020 06:30;53;26;27
06.08.2020 06:45;59;40;19
06.08.2020 07:00;66;35;31
06.08.2020 07:15;95;59;36
06.08.2020 07:30;124;83;41
06.08.2020 07:45;159;96;63
06.08.2020 08:00;135;63;72
06.08.2020 08:15;179;106;73
06.08.2020 08:30;182;119;63
06.08.2020 08:45;193;128;65
06.08.2020 09:00;157;76;81
06.08.2020 09:15;176;98;78
06.08.2020 09:30;155;83;72
06.08.2020 09:45;180;105;75
06.08.2020 10:00;163;90;73
06.08.2020 10:15;155;89;66
06.08.2020 10:30;226;129;97
06.08.2020 10:45;193;99;94
06.08.2020 11:00;189;96;93
06.08.2020 11:15;180;94;86
06.08.2020 11:30;179;77;102
06.08.2020 11:45;189;93;96
06.08.2020 12:00;197;100;97
06.08.2020 12:15;207;113;94
06.08.2020 12:30;220;99;121
06.08.2020 12:45;248;106;142
06.08.2020 13:00;230;115;115
06.08.2020 13:15;218;115;103
06.08.2020 13:30;245;100;145
06.08.2020 13:45;188;87;101
06.08.2020 14:00;198;98;100
06.08.2020 14:15;226;108;118
06.08.2020 14:30;215;108;107
06.08.2020 14:45;241;124;117
06.08.2020 15:00;241;112;129
06.08.2020 15:15;227;127;100
06.08.2020 15:30;235;114;121
06.08.2020 15:45;251;104;147
06.08.2020 16:00;242;121;121
06.08.2020 16:15;258;129;129
06.08.2020 16:30;258;140;118
06.08.2020 16:45;285;132;153
06.08.2020 17:00;269;137;132
06.08.2020 17:15;265;109;156
06.08.2020 17:30;248;121;127
06.08.2020 17:45;266;101;165
06.08.2020 18:00;277;132;145
06.08.2020 18:15;308;134;174
06.08.2020 18:30;246;102;144
06.08.2020 18:45;259;131;128
06.08.2020 19:00;227;105;122
06.08.2020 19:15;234;106;128
06.08.2020 19:30;210;109;101
06.08.2020 19:45;187;84;103
06.08.2020 20:00;155;60;95
06.08.2020 20:15;167;86;81
06.08.2020 20:30;167;74;93
06.08.2020 20:45;117;51;66
06.08.2020 21:00;163;68;95
06.08.2020 21:15;122;50;72
06.08.2020 21:30;144;64;80
06.08.2020 21:45;133;62;71
06.08.2020 22:00;96;35;61
06.08.2020 22:15;106;34;72
06.08.2020 22:30;89;38;51
06.08.2020 22:45;102;35;67
06.08.2020 23:00;97;29;68
06.08.2020 23:15;56;23;33
06.08.2020 23:30;79;29;50
06.08.2020 23:45;43;17;26
07.08.2020 00:00;51;12;39
07.08.2020 00:15;37;18;19
07.08.2020 00:30;33;12;21
07.08.2020 00:45;25;8;17
07.08.2020 01:00;8;2;6
07.08.2020 01:15;16;6;10
07.08.2020 01:30;15;12;3
07.08.2020 01:45;11;5;6
07.08.2020 02:00;10;2;8
07.08.2020 02:15;15;5;10
07.08.2020 02:30;14;3;11
07.08.2020 02:45;9;3;6
07.08.2020 03:00;8;5;3
07.08.2020 03:15;9;3;6
07.08.2020 03:30;6;1;5
07.08.2020 03:45;7;3;4
07.08.2020 04:00;5;1;4
07.08.2020 04:15;2;0;2
07.08.2020 04:30;4;1;3
07.08.2020 04:45;4;2;2
07.08.2020 05:00;5;3;2
07.08.2020 05:15;7;3;4
07.08.2020 05:30;16;4;12
07.08.2020 05:45;17;12;5
07.08.2020 06:00;21;13;8
07.08.2020 06:15;39;26;13
07.08.2020 06:30;48;32;16
07.08.2020 06:45;60;34;26
07.08.2020 07:00;65;42;23
07.08.2020 07:15;93;54;39
07.08.2020 07:30;140;89;51
07.08.2020 07:45;176;99;77
07.08.2020 08:00;132;83;49
07.08.2020 08:15;171;107;64
07.08.2020 08:30;157;92;65
07.08.2020 08:45;194;121;73
07.08.2020 09:00;183;106;77
07.08.2020 09:15;165;110;55
07.08.2020 09:30;191;110;81
07.08.2020 09:45;202;128;74
07.08.2020 10:00;214;119;95
07.08.2020 10:15;152;68;84
07.08.2020 10:30;252;131;121
07.08.2020 10:45;204;115;89
07.08.2020 11:00;194;111;83
07.08.2020 11:15;187;94;93
07.08.2020 11:30;211;114;97
07.08.2020 11:45;215;117;98
07.08.2020 12:00;218;84;134
07.08.2020 12:15;235;106;129
07.08.2020 12:30;213;91;122
07.08.2020 12:45;205;98;107
07.08.2020 13:00;245;117;128
07.08.2020 13:15;231;94;137
07.08.2020 13:30;260;121;139
07.08.2020 13:45;199;101;98
07.08.2020 14:00;192;77;115
07.08.2020 14:15;188;100;88
07.08.2020 14:30;231;122;109
07.08.2020 14:45;269;144;125
07.08.2020 15:00;205;102;103
07.08.2020 15:15;213;96;117
07.08.2020 15:30;239;110;129
07.08.2020 15:45;216;93;123
07.08.2020 16:00;191;94;97
07.08.2020 16:15;230;117;113
07.08.2020 16:30;174;89;85
07.08.2020 16:45;207;103;104
07.08.2020 17:00;218;99;119
07.08.2020 17:15;249;115;134
07.08.2020 17:30;201;104;97
07.08.2020 17:45;245;110;135
07.08.2020 18:00;230;110;120
07.08.2020 18:15;199;98;101
07.08.2020 18:30;254;121;133
07.08.2020 18:45;244;130;114
07.08.2020 19:00;227;108;119
07.08.2020 19:15;187;78;109
07.08.2020 19:30;185;77;108
07.08.2020 19:45;155;80;75
07.08.2020 20:00;201;75;126
07.08.2020 20:15;168;72;96
07.08.2020 20:30;165;87;78
07.08.2020 20:45;179;89;90
07.08.2020 21:00;129;63;66
07.08.2020 21:15;129;58;71
07.08.2020 21:30;120;56;64
07.08.2020 21:45;96;30;66
07.08.2020 22:00;114;39;75
07.08.2020 22:15;103;38;65
07.08.2020 22:30;99;38;61
07.08.2020 22:45;60;20;40
07.08.2020 23:00;64;24;40
07.08.2020 23:15;72;25;47
07.08.2020 23:30;85;42;43
07.08.2020 23:45;72;41;31
08.08.2020 00:00;91;31;60
08.08.2020 00:15;45;22;23
08.08.2020 00:30;41;12;29
08.08.2020 00:45;29;5;24
08.08.2020 01:00;46;20;26
08.08.2020 01:15;39;15;24
08.08.2020 01:30;38;12;26
08.08.2020 01:45;26;8;18
08.08.2020 02:00;15;5;10
08.08.2020 02:15;19;7;12
08.08.2020 02:30;23;9;14
08.08.2020 02:45;19;5;14
08.08.2020 03:00;19;9;10
08.08.2020 03:15;16;4;12
08.08.2020 03:30;7;0;7
08.08.2020 03:45;5;1;4
08.08.2020 04:00;15;8;7
08.08.2020 04:15;11;4;7
08.08.2020 04:30;5;2;3
08.08.2020 04:45;7;5;2
08.08.2020 05:00;6;4;2
08.08.2020 05:15;6;4;2
08.08.2020 05:30;12;3;9
08.08.2020 05:45;20;13;7
08.08.2020 06:00;8;6;2
08.08.2020 06:15;15;9;6
08.08.2020 06:30;21;13;8
08.08.2020 06:45;23;14;9
08.08.2020 07:00;21;10;11
08.08.2020 07:15;28;14;14
08.08.2020 07:30;31;13;18
08.08.2020 07:45;29;12;17
08.08.2020 08:00;55;39;16
08.08.2020 08:15;66;32;34
08.08.2020 08:30;87;52;35
08.08.2020 08:45;96;47;49
08.08.2020 09:00;117;64;53
08.08.2020 09:15;125;60;65
08.08.2020 09:30;178;125;53
08.08.2020 09:45;150;100;50
08.08.2020 10:00;158;86;72
08.08.2020 10:15;180;102;78
08.08.2020 10:30;184;95;89
08.08.2020 10:45;182;104;78
08.08.2020 11:00;171;106;65
08.08.2020 11:15;174;101;73
08.08.2020 11:30;183;83;100
08.08.2020 11:45;174;91;83
08.08.2020 12:00;173;69;104
08.08.2020 12:15;160;67;93
08.08.2020 12:30;149;57;92
08.08.2020 12:45;151;78;73
08.08.2020 13:00;170;71;99
08.08.2020 13:15;162;83;79
08.08.2020 13:30;162;93;69
08.08.2020 13:45;172;93;79
08.08.2020 14:00;174;89;85
08.08.2020 14:15;165;77;88
08.08.2020 14:30;172;95;77
08.08.2020 14:45;204;92;112
08.08.2020 15:00;157;82;75
08.08.2020 15:15;166;91;75
08.08.2020 15:30;159;72;87
08.08.2020 15:45;172;92;80
08.08.2020 16:00;158;72;86
08.08.2020 16:15;159;74;85
08.08.2020 16:30;147;72;75
08.08.2020 16:45;177;85;92
08.08.2020 17:00;175;96;79
08.08.2020 17:15;181;82;99
08.08.2020 17:30;162;90;72
08.08.2020 17:45;221;106;115
08.08.2020 18:00;152;62;90
08.08.2020 18:15;165;84;81
08.08.2020 18:30;170;79;91
08.08.2020 18:45;189;100;89
08.08.2020 19:00;155;65;90
08.08.2020 19:15;165;85;80
08.08.2020 19:30;142;53;89
08.08.2020 19:45;191;98;93
08.08.2020 20:00;165;91;74
08.08.2020 20:15;136;73;63
08.08.2020 20:30;124;64;60
08.08.2020 20:45;104;39;65
08.08.2020 21:00;119;50;69
08.08.2020 21:15;79;31;48
08.08.2020 21:30;67;28;39
08.08.2020 21:45;89;43;46
08.08.2020 22:00;79;53;26
08.08.2020 22:15;98;54;44
08.08.2020 22:30;68;22;46
08.08.2020 22:45;96;34;62
08.08.2020 23:00;73;34;39
08.08.2020 23:15;82;35;47
08.08.2020 23:30;60;20;40
08.08.2020 23:45;52;26;26
09.08.2020 00:00;51;15;36
09.08.2020 00:15;35;11;24
09.08.2020 00:30;50;18;32
09.08.2020 00:45;60;23;37
09.08.2020 01:00;49;23;26
09.08.2020 01:15;38;13;25
09.08.2020 01:30;36;12;24
09.08.2020 01:45;42;10;32
09.08.2020 02:00;34;10;24
09.08.2020 02:15;30;11;19
09.08.2020 02:30;27;13;14
09.08.2020 02:45;25;7;18
09.08.2020 03:00;20;6;14
09.08.2020 03:15;11;2;9
09.08.2020 03:30;12;5;7
09.08.2020 03:45;11;1;10
09.08.2020 04:00;8;3;5
09.08.2020 04:15;9;6;3
09.08.2020 04:30;10;1;9
09.08.2020 04:45;4;3;1
09.08.2020 05:00;3;1;2
09.08.2020 05:15;1;1;0
09.08.2020 05:30;6;2;4
09.08.2020 05:45;16;8;8
09.08.2020 06:00;10;7;3
09.08.2020 06:15;15;10;5
09.08.2020 06:30;12;5;7
09.08.2020 06:45;14;10;4
09.08.2020 07:00;12;4;8
09.08.2020 07:15;15;8;7
09.08.2020 07:30;16;13;3
09.08.2020 07:45;21;8;13
09.08.2020 08:00;25;13;12
09.08.2020 08:15;24;14;10
09.08.2020 08:30;41;21;20
09.08.2020 08:45;91;56;35
09.08.2020 09:00;50;23;27
09.08.2020 09:15;94;45;49
09.08.2020 09:30;85;45;40
09.08.2020 09:45;98;52;46
09.08.2020 10:00;90;45;45
09.08.2020 10:15;147;88;59
09.08.2020 10:30;129;50;79
09.08.2020 10:45;90;43;47
09.08.2020 11:00;119;48;71
09.08.2020 11:15;117;52;65
09.08.2020 11:30;113;62;51
09.08.2020 11:45;124;62;62
09.08.2020 12:00;124;61;63
09.08.2020 12:15;125;59;66
09.08.2020 12:30;102;46;56
09.08.2020 12:45;94;47;47
09.08.2020 13:00;128;54;74
09.08.2020 13:15;144;64;80
09.08.2020 13:30;111;54;57
09.08.2020 13:45;106;45;61
09.08.2020 14:00;119;41;78
09.08.2020 14:15;114;36;78
09.08.2020 14:30;133;75;58
09.08.2020 14:45;121;58;63
09.08.2020 15:00;116;58;58
09.08.2020 15:15;125;61;64
09.08.2020 15:30;124;65;59
09.08.2020 15:45;135;65;70
09.08.2020 16:00;111;53;58
09.08.2020 16:15;97;53;44
09.08.2020 16:30;137;60;77
09.08.2020 16:45;124;65;59
09.08.2020 17:00;142;66;76
09.08.2020 17:15;149;58;91
09.08.2020 17:30;144;62;82
09.08.2020 17:45;156;66;90
09.08.2020 18:00;124;58;66
09.08.2020 18:15;157;68;89
09.08.2020 18:30;159;67;92
09.08.2020 18:45;194;124;70
09.08.2020 19:00;168;75;93
09.08.2020 19:15;154;83;71
09.08.2020 19:30;141;83;58
09.08.2020 19:45;136;54;82
09.08.2020 20:00;116;72;44
09.08.2020 20:15;115;56;59
09.08.2020 20:30;100;45;55
09.08.2020 20:45;95;39;56
09.08.2020 21:00;93;30;63
09.08.2020 21:15;87;37;50
09.08.2020 21:30;83;31;52
09.08.2020 21:45;93;31;62
09.08.2020 22:00;77;22;55
09.08.2020 22:15;68;28;40
09.08.2020 22:30;54;22;32
09.08.2020 22:45;53;26;27
09.08.2020 23:00;50;18;32
09.08.2020 23:15;35;18;17
09.08.2020 23:30;40;7;33
09.08.2020 23:45;28;12;16
10.08.2020 00:00;29;8;21
10.08.2020 00:15;19;5;14
10.08.2020 00:30;14;5;9
10.08.2020 00:45;11;4;7
10.08.2020 01:00;6;5;1
10.08.2020 01:15;6;4;2
10.08.2020 01:30;10;3;7
10.08.2020 01:45;3;1;2
10.08.2020 02:00;6;6;0
10.08.2020 02:15;6;2;4
10.08.2020 02:30;3;1;2
10.08.2020 02:45;6;4;2
10.08.2020 03:00;1;1;0
10.08.2020 03:15;5;1;4
10.08.2020 03:30;3;1;2
10.08.2020 03:45;2;1;1
10.08.2020 04:00;1;1;0
10.08.2020 04:15;1;0;1
10.08.2020 04:30;3;2;1
10.08.2020 04:45;2;1;1
10.08.2020 05:00;7;6;1
10.08.2020 05:15;6;3;3
10.08.2020 05:30;11;7;4
10.08.2020 05:45;22;11;11
10.08.2020 06:00;30;19;11
10.08.2020 06:15;31;19;12
10.08.2020 06:30;66;42;24
10.08.2020 06:45;73;45;28
10.08.2020 07:00;69;33;36
10.08.2020 07:15;106;74;32
10.08.2020 07:30;106;63;43
10.08.2020 07:45;125;68;57
10.08.2020 08:00;119;72;47
10.08.2020 08:15;149;86;63
10.08.2020 08:30;154;95;59
10.08.2020 08:45;183;108;75
10.08.2020 09:00;155;95;60
10.08.2020 09:15;145;81;64
10.08.2020 09:30;147;81;66
10.08.2020 09:45;166;97;69
10.08.2020 10:00;158;75;83
10.08.2020 10:15;161;79;82
10.08.2020 10:30;156;82;74
10.08.2020 10:45;167;92;75
10.08.2020 11:00;184;107;77
10.08.2020 11:15;195;99;96
10.08.2020 11:30;166;96;70
10.08.2020 11:45;187;92;95
10.08.2020 12:00;180;72;108
10.08.2020 12:15;174;77;97
10.08.2020 12:30;189;98;91
10.08.2020 12:45;191;86;105
10.08.2020 13:00;205;88;117
10.08.2020 13:15;171;83;88
10.08.2020 13:30;162;75;87
10.08.2020 13:45;180;89;91
10.08.2020 14:00;217;93;124
10.08.2020 14:15;146;74;72
10.08.2020 14:30;217;119;98
10.08.2020 14:45;209;87;122
10.08.2020 15:00;211;110;101
10.08.2020 15:15;187;87;100
10.08.2020 15:30;224;127;97
10.08.2020 15:45;196;105;91
10.08.2020 16:00;172;86;86
10.08.2020 16:15;202;96;106
10.08.2020 16:30;221;113;108
10.08.2020 16:45;231;115;116
10.08.2020 17:00;245;116;129
10.08.2020 17:15;258;130;128
10.08.2020 17:30;255;118;137
10.08.2020 17:45;253;110;143
10.08.2020 18:00;237;109;128
10.08.2020 18:15;230;124;106
10.08.2020 18:30;226;96;130
10.08.2020 18:45;227;113;114
10.08.2020 19:00;185;82;103
10.08.2020 19:15;229;96;133
10.08.2020 19:30;149;73;76
10.08.2020 19:45;177;83;94
10.08.2020 20:00;168;74;94
10.08.2020 20:15;160;65;95
10.08.2020 20:30;137;52;85
10.08.2020 20:45;148;47;101
10.08.2020 21:00;134;64;70
10.08.2020 21:15;112;41;71
10.08.2020 21:30;113;39;74
10.08.2020 21:45;78;33;45
10.08.2020 22:00;84;31;53
10.08.2020 22:15;58;16;42
10.08.2020 22:30;59;28;31
10.08.2020 22:45;44;18;26
10.08.2020 23:00;57;17;40
10.08.2020 23:15;31;17;14
10.08.2020 23:30;39;12;27
10.08.2020 23:45;34;13;21
11.08.2020 00:00;28;18;10
11.08.2020 00:15;15;6;9
11.08.2020 00:30;25;10;15
11.08.2020 00:45;19;2;17
11.08.2020 01:00;17;11;6
11.08.2020 01:15;10;4;6
11.08.2020 01:30;6;2;4
11.08.2020 01:45;12;4;8
11.08.2020 02:00;11;4;7
11.08.2020 02:15;8;4;4
11.08.2020 02:30;5;2;3
11.08.2020 02:45;2;0;2
11.08.2020 03:00;2;1;1
11.08.2020 03:15;5;0;5
11.08.2020 03:30;8;2;6
11.08.2020 03:45;7;2;5
11.08.2020 04:00;0;0;0
11.08.2020 04:15;2;1;1
11.08.2020 04:30;4;4;0
11.08.2020 04:45;4;3;1
11.08.2020 05:00;8;6;2
11.08.2020 05:15;6;5;1
11.08.2020 05:30;14;8;6
11.08.2020 05:45;20;12;8
11.08.2020 06:00;27;14;13
11.08.2020 06:15;42;23;19
11.08.2020 06:30;51;33;18
11.08.2020 06:45;86;49;37
11.08.2020 07:00;74;43;31
11.08.2020 07:15;94;61;33
11.08.2020 07:30;85;46;39
11.08.2020 07:45;159;83;76
11.08.2020 08:00;115;57;58
11.08.2020 08:15;135;79;56
11.08.2020 08:30;181;121;60
11.08.2020 08:45;199;117;82
11.08.2020 09:00;141;69;72
11.08.2020 09:15;163;104;59
11.08.2020 09:30;190;119;71
11.08.2020 09:45;225;131;94
11.08.2020 10:00;163;86;77
11.08.2020 10:15;209;94;115
11.08.2020 10:30;162;108;54
11.08.2020 10:45;192;86;106
11.08.2020 11:00;164;85;79
11.08.2020 11:15;201;105;96
11.08.2020 11:30;185;104;81
11.08.2020 11:45;240;125;115
11.08.2020 12:00;187;69;118
11.08.2020 12:15;183;87;96
11.08.2020 12:30;191;88;103
11.08.2020 12:45;220;111;109
11.08.2020 13:00;156;68;88
11.08.2020 13:15;178;82;96
11.08.2020 13:30;140;70;70
11.08.2020 13:45;176;88;88
11.08.2020 14:00;202;86;116
11.08.2020 14:15;207;99;108
11.08.2020 14:30;211;103;108
11.08.2020 14:45;170;94;76
11.08.2020 15:00;167;64;103
11.08.2020 15:15;193;104;89
11.08.2020 15:30;171;79;92
11.08.2020 15:45;248;141;107
11.08.2020 16:00;199;91;108
11.08.2020 16:15;211;104;107
11.08.2020 16:30;212;115;97
11.08.2020 16:45;221;119;102
11.08.2020 17:00;240;103;137
11.08.2020 17:15;265;133;132
11.08.2020 17:30;259;120;139
11.08.2020 17:45;224;114;110
11.08.2020 18:00;243;99;144
11.08.2020 18:15;246;103;143
11.08.2020 18:30;219;85;134
11.08.2020 18:45;245;112;133
11.08.2020 19:00;237;97;140
11.08.2020 19:15;182;87;95
11.08.2020 19:30;179;79;100
11.08.2020 19:45;176;89;87
11.08.2020 20:00;159;69;90
11.08.2020 20:15;160;79;81
11.08.2020 20:30;133;46;87
11.08.2020 20:45;136;43;93
11.08.2020 21:00;131;60;71
11.08.2020 21:15;125;54;71
11.08.2020 21:30;114;50;64
11.08.2020 21:45;97;53;44
11.08.2020 22:00;94;36;58
11.08.2020 22:15;66;31;35
11.08.2020 22:30;63;23;40
11.08.2020 22:45;56;18;38
11.08.2020 23:00;60;14;46
11.08.2020 23:15;47;24;23
11.08.2020 23:30;40;18;22
11.08.2020 23:45;45;13;32
12.08.2020 00:00;14;3;11
12.08.2020 00:15;17;4;13
12.08.2020 00:30;26;4;22
12.08.2020 00:45;16;7;9
12.08.2020 01:00;16;8;8
12.08.2020 01:15;13;4;9
12.08.2020 01:30;13;1;12
12.08.2020 01:45;13;4;9
12.08.2020 02:00;11;9;2
12.08.2020 02:15;13;6;7
12.08.2020 02:30;12;5;7
12.08.2020 02:45;4;1;3
12.08.2020 03:00;9;4;5
12.08.2020 03:15;2;2;0
12.08.2020 03:30;3;0;3
12.08.2020 03:45;7;3;4
12.08.2020 04:00;7;3;4
12.08.2020 04:15;4;3;1
12.08.2020 04:30;3;3;0
12.08.2020 04:45;1;0;1
12.08.2020 05:00;5;2;3
12.08.2020 05:15;8;5;3
12.08.2020 05:30;19;10;9
12.08.2020 05:45;19;9;10
12.08.2020 06:00;29;16;13
12.08.2020 06:15;46;32;14
12.08.2020 06:30;54;26;28
12.08.2020 06:45;55;37;18
12.08.2020 07:00;87;54;33
12.08.2020 07:15;105;57;48
12.08.2020 07:30;113;69;44
12.08.2020 07:45;179;93;86
12.08.2020 08:00;89;58;31
12.08.2020 08:15;128;61;67
12.08.2020 08:30;159;104;55
12.08.2020 08:45;181;103;78
12.08.2020 09:00;126;80;46
12.08.2020 09:15;199;113;86
12.08.2020 09:30;140;92;48
12.08.2020 09:45;201;112;89
12.08.2020 10:00;173;94;79
12.08.2020 10:15;149;81;68
12.08.2020 10:30;174;90;84
12.08.2020 10:45;152;79;73
12.08.2020 11:00;181;104;77
12.08.2020 11:15;182;95;87
12.08.2020 11:30;179;97;82
12.08.2020 11:45;194;104;90
12.08.2020 12:00;178;85;93
12.08.2020 12:15;203;100;103
12.08.2020 12:30;197;86;111
12.08.2020 12:45;190;89;101
12.08.2020 13:00;156;71;85
12.08.2020 13:15;180;86;94
12.08.2020 13:30;151;80;71
12.08.2020 13:45;192;84;108
12.08.2020 14:00;180;97;83
12.08.2020 14:15;188;95;93
12.08.2020 14:30;192;87;105
12.08.2020 14:45;210;100;110
12.08.2020 15:00;168;77;91
12.08.2020 15:15;161;85;76
12.08.2020 15:30;205;112;93
12.08.2020 15:45;214;118;96
12.08.2020 16:00;203;101;102
12.08.2020 16:15;245;126;119
12.08.2020 16:30;220;106;114
12.08.2020 16:45;209;106;103
12.08.2020 17:00;244;118;126
12.08.2020 17:15;245;112;133
12.08.2020 17:30;257;124;133
12.08.2020 17:45;217;92;125
12.08.2020 18:00;228;93;135
12.08.2020 18:15;242;95;147
12.08.2020 18:30;240;117;123
12.08.2020 18:45;250;142;108
12.08.2020 19:00;204;89;115
12.08.2020 19:15;202;77;125
12.08.2020 19:30;166;65;101
12.08.2020 19:45;148;62;86
12.08.2020 20:00;174;69;105
12.08.2020 20:15;149;52;97
12.08.2020 20:30;157;65;92
12.08.2020 20:45;153;62;91
12.08.2020 21:00;90;37;53
12.08.2020 21:15;92;49;43
12.08.2020 21:30;105;39;66
12.08.2020 21:45;97;27;70
12.08.2020 22:00;88;36;52
12.08.2020 22:15;74;23;51
12.08.2020 22:30;62;23;39
12.08.2020 22:45;86;25;61
12.08.2020 23:00;61;28;33
12.08.2020 23:15;37;9;28
12.08.2020 23:30;39;15;24
12.08.2020 23:45;41;13;28
13.08.2020 00:00;49;21;28
13.08.2020 00:15;32;17;15
13.08.2020 00:30;25;9;16
13.08.2020 00:45;26;17;9
13.08.2020 01:00;35;22;13
13.08.2020 01:15;27;6;21
13.08.2020 01:30;27;11;16
13.08.2020 01:45;15;6;9
13.08.2020 02:00;6;1;5
13.08.2020 02:15;5;1;4
13.08.2020 02:30;7;4;3
13.08.2020 02:45;11;2;9
13.08.2020 03:00;2;0;2
13.08.2020 03:15;6;1;5
13.08.2020 03:30;6;0;6
13.08.2020 03:45;2;1;1
13.08.2020 04:00;9;3;6
13.08.2020 04:15;1;1;0
13.08.2020 04:30;7;3;4
13.08.2020 04:45;3;1;2
13.08.2020 05:00;4;4;0
13.08.2020 05:15;7;5;2
13.08.2020 05:30;18;10;8
13.08.2020 05:45;26;11;15
13.08.2020 06:00;22;8;14
13.08.2020 06:15;45;30;15
13.08.2020 06:30;59;31;28
13.08.2020 06:45;62;39;23
13.08.2020 07:00;62;38;24
13.08.2020 07:15;75;42;33
13.08.2020 07:30;76;48;28
13.08.2020 07:45;119;65;54
13.08.2020 08:00;99;61;38
13.08.2020 08:15;102;60;42
13.08.2020 08:30;136;91;45
13.08.2020 08:45;172;117;55
13.08.2020 09:00;107;60;47
13.08.2020 09:15;116;69;47
13.08.2020 09:30;105;63;42
13.08.2020 09:45;145;93;52
13.08.2020 10:00;142;76;66
13.08.2020 10:15;137;86;51
13.08.2020 10:30;130;69;61
13.08.2020 10:45;146;86;60
13.08.2020 11:00;120;62;58
13.08.2020 11:15;129;66;63
13.08.2020 11:30;181;98;83
13.08.2020 11:45;158;91;67
13.08.2020 12:00;139;75;64
13.08.2020 12:15;192;86;106
13.08.2020 12:30;173;86;87
13.08.2020 12:45;177;86;91
13.08.2020 13:00;178;91;87
13.08.2020 13:15;151;74;77
13.08.2020 13:30;167;90;77
13.08.2020 13:45;164;78;86
13.08.2020 14:00;173;72;101
13.08.2020 14:15;203;99;104
13.08.2020 14:30;204;99;105
13.08.2020 14:45;202;107;95
13.08.2020 15:00;193;85;108
13.08.2020 15:15;213;107;106
13.08.2020 15:30;238;101;137
13.08.2020 15:45;223;104;119
13.08.2020 16:00;193;75;118
13.08.2020 16:15;146;85;61
13.08.2020 16:30;169;84;85
13.08.2020 16:45;163;85;78
13.08.2020 17:00;139;54;85
13.08.2020 17:15;168;84;84
13.08.2020 17:30;175;71;104
13.08.2020 17:45;149;72;77
13.08.2020 18:00;155;67;88
13.08.2020 18:15;178;69;109
13.08.2020 18:30;187;88;99
13.08.2020 18:45;200;98;102
13.08.2020 19:00;169;82;87
13.08.2020 19:15;168;79;89
13.08.2020 19:30;132;47;85
13.08.2020 19:45;144;70;74
13.08.2020 20:00;113;62;51
13.08.2020 20:15;136;75;61
13.08.2020 20:30;123;52;71
13.08.2020 20:45;100;33;67
13.08.2020 21:00;120;50;70
13.08.2020 21:15;75;40;35
13.08.2020 21:30;74;22;52
13.08.2020 21:45;66;21;45
13.08.2020 22:00;78;30;48
13.08.2020 22:15;60;27;33
13.08.2020 22:30;74;30;44
13.08.2020 22:45;42;17;25
13.08.2020 23:00;72;22;50
13.08.2020 23:15;69;35;34
13.08.2020 23:30;35;14;21
13.08.2020 23:45;33;12;21
14.08.2020 00:00;37;17;20
14.08.2020 00:15;33;11;22
14.08.2020 00:30;26;11;15
14.08.2020 00:45;14;10;4
14.08.2020 01:00;7;2;5
14.08.2020 01:15;8;2;6
14.08.2020 01:30;12;7;5
14.08.2020 01:45;9;3;6
14.08.2020 02:00;12;10;2
14.08.2020 02:15;6;1;5
14.08.2020 02:30;3;0;3
14.08.2020 02:45;7;2;5
14.08.2020 03:00;4;2;2
14.08.2020 03:15;1;0;1
14.08.2020 03:30;4;2;2
14.08.2020 03:45;3;1;2
14.08.2020 04:00;4;1;3
14.08.2020 04:15;2;1;1
14.08.2020 04:30;4;4;0
14.08.2020 04:45;5;4;1
14.08.2020 05:00;5;4;1
14.08.2020 05:15;8;4;4
14.08.2020 05:30;13;8;5
14.08.2020 05:45;17;8;9
14.08.2020 06:00;14;9;5
14.08.2020 06:15;27;19;8
14.08.2020 06:30;36;21;15
14.08.2020 06:45;36;20;16
14.08.2020 07:00;56;33;23
14.08.2020 07:15;66;35;31
14.08.2020 07:30;84;49;35
14.08.2020 07:45;97;56;41
14.08.2020 08:00;86;45;41
14.08.2020 08:15;113;66;47
14.08.2020 08:30;126;91;35
14.08.2020 08:45;124;74;50
14.08.2020 09:00;117;73;44
14.08.2020 09:15;106;68;38
14.08.2020 09:30;127;92;35
14.08.2020 09:45;146;100;46
14.08.2020 10:00;131;86;45
14.08.2020 10:15;117;68;49
14.08.2020 10:30;134;85;49
14.08.2020 10:45;112;66;46
14.08.2020 11:00;169;108;61
14.08.2020 11:15;140;73;67
14.08.2020 11:30;145;78;67
14.08.2020 11:45;168;95;73
14.08.2020 12:00;147;75;72
14.08.2020 12:15;155;63;92
14.08.2020 12:30;152;65;87
14.08.2020 12:45;168;81;87
14.08.2020 13:00;168;91;77
14.08.2020 13:15;156;64;92
14.08.2020 13:30;167;85;82
14.08.2020 13:45;188;91;97
14.08.2020 14:00;180;88;92
14.08.2020 14:15;206;95;111
14.08.2020 14:30;201;94;107
14.08.2020 14:45;167;91;76
14.08.2020 15:00;206;87;119
14.08.2020 15:15;172;79;93
14.08.2020 15:30;191;100;91
14.08.2020 15:45;194;82;112
14.08.2020 16:00;168;85;83
14.08.2020 16:15;170;68;102
14.08.2020 16:30;180;68;112
14.08.2020 16:45;97;47;50
14.08.2020 17:00;170;73;97
14.08.2020 17:15;177;87;90
14.08.2020 17:30;115;59;56
14.08.2020 17:45;161;71;90
14.08.2020 18:00;151;59;92
14.08.2020 18:15;163;71;92
14.08.2020 18:30;137;58;79
14.08.2020 18:45;159;84;75
14.08.2020 19:00;115;51;64
14.08.2020 19:15;153;62;91
14.08.2020 19:30;139;75;64
14.08.2020 19:45;139;63;76
14.08.2020 20:00;98;52;46
14.08.2020 20:15;114;55;59
14.08.2020 20:30;127;58;69
14.08.2020 20:45;103;56;47
14.08.2020 21:00;104;35;69
14.08.2020 21:15;63;33;30
14.08.2020 21:30;64;35;29
14.08.2020 21:45;51;29;22
14.08.2020 22:00;53;17;36
14.08.2020 22:15;50;25;25
14.08.2020 22:30;43;16;27
14.08.2020 22:45;66;34;32
14.08.2020 23:00;58;33;25
14.08.2020 23:15;64;26;38
14.08.2020 23:30;58;27;31
14.08.2020 23:45;39;15;24
15.08.2020 00:00;50;13;37
15.08.2020 00:15;52;16;36
15.08.2020 00:30;52;25;27
15.08.2020 00:45;27;13;14
15.08.2020 01:00;38;12;26
15.08.2020 01:15;17;4;13
15.08.2020 01:30;18;7;11
15.08.2020 01:45;15;7;8
15.08.2020 02:00;12;3;9
15.08.2020 02:15;27;8;19
15.08.2020 02:30;10;3;7
15.08.2020 02:45;16;6;10
15.08.2020 03:00;22;5;17
15.08.2020 03:15;16;2;14
15.08.2020 03:30;6;1;5
15.08.2020 03:45;12;2;10
15.08.2020 04:00;4;3;1
15.08.2020 04:15;10;6;4
15.08.2020 04:30;8;5;3
15.08.2020 04:45;13;6;7
15.08.2020 05:00;3;3;0
15.08.2020 05:15;4;3;1
15.08.2020 05:30;14;5;9
15.08.2020 05:45;19;6;13
15.08.2020 06:00;7;4;3
15.08.2020 06:15;8;6;2
15.08.2020 06:30;9;7;2
15.08.2020 06:45;10;4;6
15.08.2020 07:00;12;9;3
15.08.2020 07:15;22;8;14
15.08.2020 07:30;34;20;14
15.08.2020 07:45;23;13;10
15.08.2020 08:00;34;16;18
15.08.2020 08:15;40;16;24
15.08.2020 08:30;78;44;34
15.08.2020 08:45;82;44;38
15.08.2020 09:00;82;49;33
15.08.2020 09:15;100;68;32
15.08.2020 09:30;119;77;42
15.08.2020 09:45;130;81;49
15.08.2020 10:00;149;79;70
15.08.2020 10:15;133;83;50
15.08.2020 10:30;173;100;73
15.08.2020 10:45;165;82;83
15.08.2020 11:00;191;119;72
15.08.2020 11:15;157;91;66
15.08.2020 11:30;209;130;79
15.08.2020 11:45;178;85;93
15.08.2020 12:00;165;92;73
15.08.2020 12:15;196;87;109
15.08.2020 12:30;176;90;86
15.08.2020 12:45;199;99;100
15.08.2020 13:00;155;63;92
15.08.2020 13:15;192;92;100
15.08.2020 13:30;171;81;90
15.08.2020 13:45;183;84;99
15.08.2020 14:00;167;91;76
15.08.2020 14:15;172;77;95
15.08.2020 14:30;191;73;118
15.08.2020 14:45;163;83;80
15.08.2020 15:00;182;89;93
15.08.2020 15:15;166;87;79
15.08.2020 15:30;196;88;108
15.08.2020 15:45;173;88;85
15.08.2020 16:00;186;72;114
15.08.2020 16:15;189;81;108
15.08.2020 16:30;178;97;81
15.08.2020 16:45;170;92;78
15.08.2020 17:00;195;82;113
15.08.2020 17:15;187;92;95
15.08.2020 17:30;178;79;99
15.08.2020 17:45;193;96;97
15.08.2020 18:00;162;78;84
15.08.2020 18:15;199;105;94
15.08.2020 18:30;175;80;95
15.08.2020 18:45;209;115;94
15.08.2020 19:00;198;110;88
15.08.2020 19:15;160;93;67
15.08.2020 19:30;152;75;77
15.08.2020 19:45;137;75;62
15.08.2020 20:00;118;38;80
15.08.2020 20:15;124;66;58
15.08.2020 20:30;140;64;76
15.08.2020 20:45;137;62;75
15.08.2020 21:00;93;41;52
15.08.2020 21:15;94;46;48
15.08.2020 21:30;117;57;60
15.08.2020 21:45;90;39;51
15.08.2020 22:00;101;50;51
15.08.2020 22:15;83;30;53
15.08.2020 22:30;64;21;43
15.08.2020 22:45;63;19;44
15.08.2020 23:00;74;28;46
15.08.2020 23:15;72;19;53
15.08.2020 23:30;83;35;48
15.08.2020 23:45;51;26;25
16.08.2020 00:00;61;27;34
16.08.2020 00:15;43;21;22
16.08.2020 00:30;54;16;38
16.08.2020 00:45;33;11;22
16.08.2020 01:00;40;16;24
16.08.2020 01:15;34;6;28
16.08.2020 01:30;38;15;23
16.08.2020 01:45;24;9;15
16.08.2020 02:00;22;3;19
16.08.2020 02:15;14;3;11
16.08.2020 02:30;19;8;11
16.08.2020 02:45;10;4;6
16.08.2020 03:00;17;6;11
16.08.2020 03:15;18;4;14
16.08.2020 03:30;10;4;6
16.08.2020 03:45;5;1;4
16.08.2020 04:00;14;3;11
16.08.2020 04:15;9;2;7
16.08.2020 04:30;9;5;4
16.08.2020 04:45;4;1;3
16.08.2020 05:00;6;0;6
16.08.2020 05:15;12;3;9
16.08.2020 05:30;18;7;11
16.08.2020 05:45;5;2;3
16.08.2020 06:00;6;3;3
16.08.2020 06:15;14;9;5
16.08.2020 06:30;8;3;5
16.08.2020 06:45;13;7;6
16.08.2020 07:00;7;3;4
16.08.2020 07:15;18;12;6
16.08.2020 07:30;20;12;8
16.08.2020 07:45;21;11;10
16.08.2020 08:00;16;10;6
16.08.2020 08:15;37;19;18
16.08.2020 08:30;38;27;11
16.08.2020 08:45;90;58;32
16.08.2020 09:00;45;22;23
16.08.2020 09:15;102;52;50
16.08.2020 09:30;83;39;44
16.08.2020 09:45;118;66;52
16.08.2020 10:00;92;38;54
16.08.2020 10:15;108;55;53
16.08.2020 10:30;129;68;61
16.08.2020 10:45;140;77;63
16.08.2020 11:00;119;50;69
16.08.2020 11:15;127;58;69
16.08.2020 11:30;131;50;81
16.08.2020 11:45;135;63;72
16.08.2020 12:00;106;45;61
16.08.2020 12:15;115;60;55
16.08.2020 12:30;146;75;71
16.08.2020 12:45;126;69;57
16.08.2020 13:00;132;69;63
16.08.2020 13:15;129;64;65
16.08.2020 13:30;112;55;57
16.08.2020 13:45;116;45;71
16.08.2020 14:00;163;85;78
16.08.2020 14:15;130;63;67
16.08.2020 14:30;149;66;83
16.08.2020 14:45;128;59;69
16.08.2020 15:00;138;80;58
16.08.2020 15:15;147;78;69
16.08.2020 15:30;124;63;61
16.08.2020 15:45;162;96;66
16.08.2020 16:00;148;70;78
16.08.2020 16:15;138;55;83
16.08.2020 16:30;127;62;65
16.08.2020 16:45;105;49;56
16.08.2020 17:00;140;64;76
16.08.2020 17:15;119;62;57
16.08.2020 17:30;134;68;66
16.08.2020 17:45;147;77;70
16.08.2020 18:00;150;73;77
16.08.2020 18:15;162;69;93
16.08.2020 18:30;152;65;87
16.08.2020 18:45;141;72;69
16.08.2020 19:00;175;70;105
16.08.2020 19:15;156;88;68
16.08.2020 19:30;130;57;73
16.08.2020 19:45;120;60;60
16.08.2020 20:00;143;65;78
16.08.2020 20:15;130;49;81
16.08.2020 20:30;83;38;45
16.08.2020 20:45;63;28;35
16.08.2020 21:00;91;36;55
16.08.2020 21:15;106;46;60
16.08.2020 21:30;56;21;35
16.08.2020 21:45;49;26;23
16.08.2020 22:00;56;26;30
16.08.2020 22:15;55;20;35
16.08.2020 22:30;53;20;33
16.08.2020 22:45;28;5;23
16.08.2020 23:00;44;22;22
16.08.2020 23:15;30;7;23
16.08.2020 23:30;20;8;12
16.08.2020 23:45;28;16;12
17.08.2020 00:00;23;14;9
17.08.2020 00:15;10;2;8
17.08.2020 00:30;18;6;12
17.08.2020 00:45;27;10;17
17.08.2020 01:00;16;8;8
17.08.2020 01:15;4;0;4
17.08.2020 01:30;5;1;4
17.08.2020 01:45;4;1;3
17.08.2020 02:00;2;2;0
17.08.2020 02:15;0;0;0
17.08.2020 02:30;2;2;0
17.08.2020 02:45;5;0;5
17.08.2020 03:00;3;0;3
17.08.2020 03:15;1;0;1
17.08.2020 03:30;0;0;0
17.08.2020 03:45;0;0;0
17.08.2020 04:00;0;0;0
17.08.2020 04:15;0;0;0
17.08.2020 04:30;0;0;0
17.08.2020 04:45;0;0;0
17.08.2020 05:00;0;0;0
17.08.2020 05:15;0;0;0
17.08.2020 05:30;0;0;0
17.08.2020 05:45;0;0;0
17.08.2020 06:00;16;6;10
17.08.2020 06:15;23;17;6
17.08.2020 06:30;30;16;14
17.08.2020 06:45;51;36;15
17.08.2020 07:00;51;32;19
17.08.2020 07:15;67;39;28
17.08.2020 07:30;64;40;24
17.08.2020 07:45;102;55;47
17.08.2020 08:00;102;54;48
17.08.2020 08:15;99;57;42
17.08.2020 08:30;79;47;32
17.08.2020 08:45;136;74;62
17.08.2020 09:00;89;57;32
17.08.2020 09:15;82;53;29
17.08.2020 09:30;69;39;30
17.08.2020 09:45;78;54;24
17.08.2020 10:00;77;35;42
17.08.2020 10:15;61;33;28
17.08.2020 10:30;45;27;18
17.08.2020 10:45;52;24;28
17.08.2020 11:00;66;41;25
17.08.2020 11:15;95;53;42
17.08.2020 11:30;77;38;39
17.08.2020 11:45;59;29;30
17.08.2020 12:00;88;37;51
17.08.2020 12:15;88;35;53
17.08.2020 12:30;103;46;57
17.08.2020 12:45;109;61;48
17.08.2020 13:00;111;71;40
17.08.2020 13:15;131;71;60
17.08.2020 13:30;121;60;61
17.08.2020 13:45;140;71;69
17.08.2020 14:00;155;79;76
17.08.2020 14:15;147;85;62
17.08.2020 14:30;178;103;75
17.08.2020 14:45;179;100;79
17.08.2020 15:00;141;67;74
17.08.2020 15:15;177;94;83
17.08.2020 15:30;172;85;87
17.08.2020 15:45;179;88;91
17.08.2020 16:00;175;77;98
17.08.2020 16:15;182;77;105
17.08.2020 16:30;177;79;98
17.08.2020 16:45;174;86;88
17.08.2020 17:00;183;67;116
17.08.2020 17:15;203;99;104
17.08.2020 17:30;207;94;113
17.08.2020 17:45;220;94;126
17.08.2020 18:00;159;78;81
17.08.2020 18:15;192;74;118
17.08.2020 18:30;153;63;90
17.08.2020 18:45;178;99;79
17.08.2020 19:00;150;73;77
17.08.2020 19:15;144;84;60
17.08.2020 19:30;137;48;89
17.08.2020 19:45;118;43;75
17.08.2020 20:00;130;64;66
17.08.2020 20:15;131;51;80
17.08.2020 20:30;94;47;47
17.08.2020 20:45;101;44;57
17.08.2020 21:00;103;29;74
17.08.2020 21:15;86;35;51
17.08.2020 21:30;89;36;53
17.08.2020 21:45;47;17;30
17.08.2020 22:00;58;17;41
17.08.2020 22:15;48;20;28
17.08.2020 22:30;43;23;20
17.08.2020 22:45;40;13;27
17.08.2020 23:00;22;7;15
17.08.2020 23:15;26;13;13
17.08.2020 23:30;23;7;16
17.08.2020 23:45;19;9;10
18.08.2020 00:00;34;13;21
18.08.2020 00:15;17;2;15
18.08.2020 00:30;6;1;5
18.08.2020 00:45;11;9;2
18.08.2020 01:00;10;4;6
18.08.2020 01:15;10;3;7
18.08.2020 01:30;8;0;8
18.08.2020 01:45;10;1;9
18.08.2020 02:00;2;2;0
18.08.2020 02:15;3;2;1
18.08.2020 02:30;9;5;4
18.08.2020 02:45;1;1;0
18.08.2020 03:00;6;5;1
18.08.2020 03:15;2;0;2
18.08.2020 03:30;1;0;1
18.08.2020 03:45;2;1;1
18.08.2020 04:00;3;3;0
18.08.2020 04:15;1;0;1
18.08.2020 04:30;8;5;3
18.08.2020 04:45;6;4;2
18.08.2020 05:00;6;5;1
18.08.2020 05:15;2;1;1
18.08.2020 05:30;15;11;4
18.08.2020 05:45;25;18;7
18.08.2020 06:00;19;12;7
18.08.2020 06:15;32;27;5
18.08.2020 06:30;47;27;20
18.08.2020 06:45;59;35;24
18.08.2020 07:00;52;28;24
18.08.2020 07:15;75;52;23
18.08.2020 07:30;91;48;43
18.08.2020 07:45;125;75;50
18.08.2020 08:00;113;54;59
18.08.2020 08:15;131;81;50
18.08.2020 08:30;157;102;55
18.08.2020 08:45;191;111;80
18.08.2020 09:00;138;77;61
18.08.2020 09:15;132;87;45
18.08.2020 09:30;184;113;71
18.08.2020 09:45;168;96;72
18.08.2020 10:00;150;89;61
18.08.2020 10:15;164;97;67
18.08.2020 10:30;166;89;77
18.08.2020 10:45;171;92;79
18.08.2020 11:00;176;90;86
18.08.2020 11:15;199;134;65
18.08.2020 11:30;203;109;94
18.08.2020 11:45;176;86;90
18.08.2020 12:00;174;76;98
18.08.2020 12:15;188;84;104
18.08.2020 12:30;167;79;88
18.08.2020 12:45;203;84;119
18.08.2020 13:00;175;81;94
18.08.2020 13:15;166;84;82
18.08.2020 13:30;153;73;80
18.08.2020 13:45;181;89;92
18.08.2020 14:00;181;97;84
18.08.2020 14:15;222;96;126
18.08.2020 14:30;215;109;106
18.08.2020 14:45;169;92;77
18.08.2020 15:00;189;87;102
18.08.2020 15:15;169;69;100
18.08.2020 15:30;180;85;95
18.08.2020 15:45;227;103;124
18.08.2020 16:00;201;118;83
18.08.2020 16:15;204;104;100
18.08.2020 16:30;224;97;127
18.08.2020 16:45;260;120;140
18.08.2020 17:00;240;128;112
18.08.2020 17:15;233;120;113
18.08.2020 17:30;193;94;99
18.08.2020 17:45;171;65;106
18.08.2020 18:00;196;79;117
18.08.2020 18:15;197;88;109
18.08.2020 18:30;183;72;111
18.08.2020 18:45;178;81;97
18.08.2020 19:00;149;60;89
18.08.2020 19:15;139;70;69
18.08.2020 19:30;129;62;67
18.08.2020 19:45;102;41;61
18.08.2020 20:00;150;77;73
18.08.2020 20:15;112;38;74
18.08.2020 20:30;120;52;68
18.08.2020 20:45;99;38;61
18.08.2020 21:00;93;40;53
18.08.2020 21:15;75;35;40
18.08.2020 21:30;82;26;56
18.08.2020 21:45;70;28;42
18.08.2020 22:00;59;26;33
18.08.2020 22:15;55;29;26
18.08.2020 22:30;59;19;40
18.08.2020 22:45;65;30;35
18.08.2020 23:00;50;19;31
18.08.2020 23:15;33;16;17
18.08.2020 23:30;45;19;26
18.08.2020 23:45;17;7;10
19.08.2020 00:00;17;5;12
19.08.2020 00:15;13;4;9
19.08.2020 00:30;24;8;16
19.08.2020 00:45;7;3;4
19.08.2020 01:00;14;4;10
19.08.2020 01:15;19;7;12
19.08.2020 01:30;9;1;8
19.08.2020 01:45;14;9;5
19.08.2020 02:00;9;6;3
19.08.2020 02:15;7;4;3
19.08.2020 02:30;4;0;4
19.08.2020 02:45;4;0;4
19.08.2020 03:00;5;1;4
19.08.2020 03:15;1;0;1
19.08.2020 03:30;4;3;1
19.08.2020 03:45;1;0;1
19.08.2020 04:00;1;1;0
19.08.2020 04:15;4;3;1
19.08.2020 04:30;6;4;2
19.08.2020 04:45;11;7;4
19.08.2020 05:00;9;6;3
19.08.2020 05:15;2;2;0
19.08.2020 05:30;23;14;9
19.08.2020 05:45;27;16;11
19.08.2020 06:00;19;11;8
19.08.2020 06:15;27;18;9
19.08.2020 06:30;43;25;18
19.08.2020 06:45;46;34;12
19.08.2020 07:00;70;45;25
19.08.2020 07:15;98;58;40
19.08.2020 07:30;104;62;42
19.08.2020 07:45;122;68;54
19.08.2020 08:00;106;57;49
19.08.2020 08:15;97;59;38
19.08.2020 08:30;131;77;54
19.08.2020 08:45;171;109;62
19.08.2020 09:00;124;56;68
19.08.2020 09:15;173;118;55
19.08.2020 09:30;154;77;77
19.08.2020 09:45;149;91;58
19.08.2020 10:00;130;78;52
19.08.2020 10:15;159;86;73
19.08.2020 10:30;156;87;69
19.08.2020 10:45;188;114;74
19.08.2020 11:00;185;109;76
19.08.2020 11:15;179;101;78
19.08.2020 11:30;183;107;76
19.08.2020 11:45;172;91;81
19.08.2020 12:00;150;72;78
19.08.2020 12:15;191;101;90
19.08.2020 12:30;193;86;107
19.08.2020 12:45;189;94;95
19.08.2020 13:00;183;84;99
19.08.2020 13:15;179;90;89
19.08.2020 13:30;188;85;103
19.08.2020 13:45;172;105;67
19.08.2020 14:00;208;110;98
19.08.2020 14:15;221;117;104
19.08.2020 14:30;248;141;107
19.08.2020 14:45;200;103;97
19.08.2020 15:00;215;108;107
19.08.2020 15:15;213;107;106
19.08.2020 15:30;212;100;112
19.08.2020 15:45;234;112;122
19.08.2020 16:00;224;104;120
19.08.2020 16:15;209;101;108
19.08.2020 16:30;260;111;149
19.08.2020 16:45;222;111;111
19.08.2020 17:00;261;122;139
19.08.2020 17:15;244;129;115
19.08.2020 17:30;259;123;136
19.08.2020 17:45;261;113;148
19.08.2020 18:00;231;89;142
19.08.2020 18:15;243;101;142
19.08.2020 18:30;225;93;132
19.08.2020 18:45;244;92;152
19.08.2020 19:00;209;84;125
19.08.2020 19:15;183;94;89
19.08.2020 19:30;152;65;87
19.08.2020 19:45;170;86;84
19.08.2020 20:00;159;68;91
19.08.2020 20:15;153;59;94
19.08.2020 20:30;135;68;67
19.08.2020 20:45;130;60;70
19.08.2020 21:00;94;38;56
19.08.2020 21:15;93;46;47
19.08.2020 21:30;100;31;69
19.08.2020 21:45;74;25;49
19.08.2020 22:00;80;35;45
19.08.2020 22:15;61;20;41
19.08.2020 22:30;58;23;35
19.08.2020 22:45;71;27;44
19.08.2020 23:00;83;39;44
19.08.2020 23:15;59;22;37
19.08.2020 23:30;43;14;29
19.08.2020 23:45;53;21;32
20.08.2020 00:00;44;12;32
20.08.2020 00:15;27;11;16
20.08.2020 00:30;22;5;17
20.08.2020 00:45;17;7;10
20.08.2020 01:00;16;7;9
20.08.2020 01:15;11;2;9
20.08.2020 01:30;13;4;9
20.08.2020 01:45;7;1;6
20.08.2020 02:00;4;3;1
20.08.2020 02:15;9;1;8
20.08.2020 02:30;9;2;7
20.08.2020 02:45;4;3;1
20.08.2020 03:00;1;1;0
20.08.2020 03:15;2;1;1
20.08.2020 03:30;3;1;2
20.08.2020 03:45;6;1;5
20.08.2020 04:00;7;3;4
20.08.2020 04:15;10;7;3
20.08.2020 04:30;7;5;2
20.08.2020 04:45;3;1;2
20.08.2020 05:00;4;2;2
20.08.2020 05:15;10;4;6
20.08.2020 05:30;12;5;7
20.08.2020 05:45;26;18;8
20.08.2020 06:00;18;12;6
20.08.2020 06:15;33;19;14
20.08.2020 06:30;58;35;23
20.08.2020 06:45;46;32;14
20.08.2020 07:00;67;42;25
20.08.2020 07:15;83;49;34
20.08.2020 07:30;74;43;31
20.08.2020 07:45;118;66;52
20.08.2020 08:00;111;58;53
20.08.2020 08:15;123;66;57
20.08.2020 08:30;133;72;61
20.08.2020 08:45;156;93;63
20.08.2020 09:00;142;102;40
20.08.2020 09:15;149;92;57
20.08.2020 09:30;139;87;52
20.08.2020 09:45;133;77;56
20.08.2020 10:00;155;88;67
20.08.2020 10:15;140;65;75
20.08.2020 10:30;182;90;92
20.08.2020 10:45;187;97;90
20.08.2020 11:00;186;99;87
20.08.2020 11:15;179;87;92
20.08.2020 11:30;165;73;92
20.08.2020 11:45;158;81;77
20.08.2020 12:00;198;95;103
20.08.2020 12:15;187;86;101
20.08.2020 12:30;174;88;86
20.08.2020 12:45;191;87;104
20.08.2020 13:00;180;86;94
20.08.2020 13:15;169;81;88
20.08.2020 13:30;202;103;99
20.08.2020 13:45;194;83;111
20.08.2020 14:00;161;75;86
20.08.2020 14:15;163;88;75
20.08.2020 14:30;190;82;108
20.08.2020 14:45;207;92;115
20.08.2020 15:00;182;85;97
20.08.2020 15:15;178;82;96
20.08.2020 15:30;192;80;112
20.08.2020 15:45;216;107;109
20.08.2020 16:00;216;106;110
20.08.2020 16:15;247;117;130
20.08.2020 16:30;224;108;116
20.08.2020 16:45;246;103;143
20.08.2020 17:00;229;111;118
20.08.2020 17:15;223;104;119
20.08.2020 17:30;260;106;154
20.08.2020 17:45;242;107;135
20.08.2020 18:00;250;109;141
20.08.2020 18:15;249;114;135
20.08.2020 18:30;233;108;125
20.08.2020 18:45;214;95;119
20.08.2020 19:00;189;81;108
20.08.2020 19:15;197;99;98
20.08.2020 19:30;216;91;125
20.08.2020 19:45;201;97;104
20.08.2020 20:00;164;74;90
20.08.2020 20:15;170;63;107
20.08.2020 20:30;135;56;79
20.08.2020 20:45;141;71;70
20.08.2020 21:00;115;52;63
20.08.2020 21:15;119;50;69
20.08.2020 21:30;108;36;72
20.08.2020 21:45;119;48;71
20.08.2020 22:00;95;30;65
20.08.2020 22:15;92;34;58
20.08.2020 22:30;56;22;34
20.08.2020 22:45;67;24;43
20.08.2020 23:00;67;31;36
20.08.2020 23:15;45;18;27
20.08.2020 23:30;38;12;26
20.08.2020 23:45;38;11;27
21.08.2020 00:00;36;8;28
21.08.2020 00:15;33;8;25
21.08.2020 00:30;20;10;10
21.08.2020 00:45;23;6;17
21.08.2020 01:00;21;5;16
21.08.2020 01:15;13;8;5
21.08.2020 01:30;21;6;15
21.08.2020 01:45;10;3;7
21.08.2020 02:00;14;1;13
21.08.2020 02:15;10;6;4
21.08.2020 02:30;6;5;1
21.08.2020 02:45;5;0;5
21.08.2020 03:00;2;1;1
21.08.2020 03:15;5;1;4
21.08.2020 03:30;4;3;1
21.08.2020 03:45;3;1;2
21.08.2020 04:00;6;5;1
21.08.2020 04:15;3;3;0
21.08.2020 04:30;12;6;6
21.08.2020 04:45;8;4;4
21.08.2020 05:00;4;4;0
21.08.2020 05:15;5;3;2
21.08.2020 05:30;17;8;9
21.08.2020 05:45;27;16;11
21.08.2020 06:00;27;21;6
21.08.2020 06:15;37;27;10
21.08.2020 06:30;42;27;15
21.08.2020 06:45;44;25;19
21.08.2020 07:00;69;39;30
21.08.2020 07:15;71;36;35
21.08.2020 07:30;105;63;42
21.08.2020 07:45;131;68;63
21.08.2020 08:00;97;58;39
21.08.2020 08:15;139;88;51
21.08.2020 08:30;156;91;65
21.08.2020 08:45;150;95;55
21.08.2020 09:00;109;63;46
21.08.2020 09:15;178;123;55
21.08.2020 09:30;147;90;57
21.08.2020 09:45;187;118;69
21.08.2020 10:00;183;98;85
21.08.2020 10:15;170;93;77
21.08.2020 10:30;166;102;64
21.08.2020 10:45;168;95;73
21.08.2020 11:00;180;89;91
21.08.2020 11:15;161;73;88
21.08.2020 11:30;185;81;104
21.08.2020 11:45;186;92;94
21.08.2020 12:00;177;92;85
21.08.2020 12:15;199;77;122
21.08.2020 12:30;185;86;99
21.08.2020 12:45;164;85;79
21.08.2020 13:00;182;77;105
21.08.2020 13:15;187;79;108
21.08.2020 13:30;186;75;111
21.08.2020 13:45;181;78;103
21.08.2020 14:00;202;104;98
21.08.2020 14:15;174;88;86
21.08.2020 14:30;169;78;91
21.08.2020 14:45;153;64;89
21.08.2020 15:00;186;95;91
21.08.2020 15:15;157;59;98
21.08.2020 15:30;176;90;86
21.08.2020 15:45;192;88;104
21.08.2020 16:00;181;85;96
21.08.2020 16:15;185;81;104
21.08.2020 16:30;150;77;73
21.08.2020 16:45;190;98;92
21.08.2020 17:00;150;69;81
21.08.2020 17:15;192;95;97
21.08.2020 17:30;176;79;97
21.08.2020 17:45;198;96;102
21.08.2020 18:00;196;94;102
21.08.2020 18:15;192;81;111
21.08.2020 18:30;193;85;108
21.08.2020 18:45;189;97;92
21.08.2020 19:00;184;88;96
21.08.2020 19:15;193;80;113
21.08.2020 19:30;151;78;73
21.08.2020 19:45;199;95;104
21.08.2020 20:00;148;64;84
21.08.2020 20:15;169;66;103
21.08.2020 20:30;143;59;84
21.08.2020 20:45;136;73;63
21.08.2020 21:00;118;59;59
21.08.2020 21:15;97;36;61
21.08.2020 21:30;103;46;57
21.08.2020 21:45;87;35;52
21.08.2020 22:00;86;34;52
21.08.2020 22:15;95;27;68
21.08.2020 22:30;89;32;57
21.08.2020 22:45;59;12;47
21.08.2020 23:00;80;41;39
21.08.2020 23:15;63;22;41
21.08.2020 23:30;78;29;49
21.08.2020 23:45;76;35;41
22.08.2020 00:00;54;22;32
22.08.2020 00:15;53;23;30
22.08.2020 00:30;51;37;14
22.08.2020 00:45;34;11;23
22.08.2020 01:00;39;16;23
22.08.2020 01:15;38;25;13
22.08.2020 01:30;38;10;28
22.08.2020 01:45;31;11;20
22.08.2020 02:00;26;6;20
22.08.2020 02:15;24;8;16
22.08.2020 02:30;11;3;8
22.08.2020 02:45;18;9;9
22.08.2020 03:00;12;2;10
22.08.2020 03:15;12;3;9
22.08.2020 03:30;7;4;3
22.08.2020 03:45;21;5;16
22.08.2020 04:00;5;2;3
22.08.2020 04:15;4;2;2
22.08.2020 04:30;7;6;1
22.08.2020 04:45;8;3;5
22.08.2020 05:00;5;2;3
22.08.2020 05:15;6;2;4
22.08.2020 05:30;9;4;5
22.08.2020 05:45;15;12;3
22.08.2020 06:00;12;9;3
22.08.2020 06:15;10;6;4
22.08.2020 06:30;12;5;7
22.08.2020 06:45;24;15;9
22.08.2020 07:00;10;5;5
22.08.2020 07:15;26;13;13
22.08.2020 07:30;26;12;14
22.08.2020 07:45;39;14;25
22.08.2020 08:00;26;11;15
22.08.2020 08:15;48;21;27
22.08.2020 08:30;44;27;17
22.08.2020 08:45;74;44;30
22.08.2020 09:00;86;42;44
22.08.2020 09:15;77;41;36
22.08.2020 09:30;95;64;31
22.08.2020 09:45;101;75;26
22.08.2020 10:00;72;40;32
22.08.2020 10:15;81;47;34
22.08.2020 10:30;77;45;32
22.08.2020 10:45;81;45;36
22.08.2020 11:00;65;38;27
22.08.2020 11:15;91;44;47
22.08.2020 11:30;119;69;50
22.08.2020 11:45;135;75;60
22.08.2020 12:00;135;82;53
22.08.2020 12:15;109;51;58
22.08.2020 12:30;94;58;36
22.08.2020 12:45;87;52;35
22.08.2020 13:00;74;33;41
22.08.2020 13:15;110;57;53
22.08.2020 13:30;81;47;34
22.08.2020 13:45;52;27;25
22.08.2020 14:00;97;49;48
22.08.2020 14:15;132;63;69
22.08.2020 14:30;114;57;57
22.08.2020 14:45;103;41;62
22.08.2020 15:00;111;61;50
22.08.2020 15:15;116;59;57
22.08.2020 15:30;133;68;65
22.08.2020 15:45;137;84;53
22.08.2020 16:00;121;65;56
22.08.2020 16:15;137;90;47
22.08.2020 16:30;138;74;64
22.08.2020 16:45;140;78;62
22.08.2020 17:00;141;69;72
22.08.2020 17:15;161;84;77
22.08.2020 17:30;139;72;67
22.08.2020 17:45;163;79;84
22.08.2020 18:00;167;81;86
22.08.2020 18:15;162;73;89
22.08.2020 18:30;147;70;77
22.08.2020 18:45;175;86;89
22.08.2020 19:00;118;38;80
22.08.2020 19:15;120;65;55
22.08.2020 19:30;110;58;52
22.08.2020 19:45;136;75;61
22.08.2020 20:00;136;63;73
22.08.2020 20:15;109;54;55
22.08.2020 20:30;81;29;52
22.08.2020 20:45;85;37;48
22.08.2020 21:00;77;27;50
22.08.2020 21:15;70;30;40
22.08.2020 21:30;48;14;34
22.08.2020 21:45;53;24;29
22.08.2020 22:00;64;27;37
22.08.2020 22:15;58;25;33
22.08.2020 22:30;48;12;36
22.08.2020 22:45;42;18;24
22.08.2020 23:00;44;22;22
22.08.2020 23:15;51;18;33
22.08.2020 23:30;60;17;43
22.08.2020 23:45;37;6;31
23.08.2020 00:00;46;20;26
23.08.2020 00:15;39;12;27
23.08.2020 00:30;35;22;13
23.08.2020 00:45;33;13;20
23.08.2020 01:00;31;9;22
23.08.2020 01:15;20;7;13
23.08.2020 01:30;10;4;6
23.08.2020 01:45;24;14;10
23.08.2020 02:00;18;6;12
23.08.2020 02:15;16;3;13
23.08.2020 02:30;24;11;13
23.08.2020 02:45;9;4;5
23.08.2020 03:00;9;3;6
23.08.2020 03:15;15;9;6
23.08.2020 03:30;6;5;1
23.08.2020 03:45;20;9;11
23.08.2020 04:00;16;4;12
23.08.2020 04:15;11;4;7
23.08.2020 04:30;9;4;5
23.08.2020 04:45;8;2;6
23.08.2020 05:00;8;5;3
23.08.2020 05:15;6;3;3
23.08.2020 05:30;6;2;4
23.08.2020 05:45;11;8;3
23.08.2020 06:00;9;6;3
23.08.2020 06:15;10;7;3
23.08.2020 06:30;5;1;4
23.08.2020 06:45;7;3;4
23.08.2020 07:00;4;4;0
23.08.2020 07:15;13;7;6
23.08.2020 07:30;17;13;4
23.08.2020 07:45;17;9;8
23.08.2020 08:00;30;14;16
23.08.2020 08:15;25;13;12
23.08.2020 08:30;29;19;10
23.08.2020 08:45;41;20;21
23.08.2020 09:00;39;24;15
23.08.2020 09:15;48;25;23
23.08.2020 09:30;48;30;18
23.08.2020 09:45;68;37;31
23.08.2020 10:00;84;56;28
23.08.2020 10:15;87;47;40
23.08.2020 10:30;65;25;40
23.08.2020 10:45;83;43;40
23.08.2020 11:00;119;72;47
23.08.2020 11:15;101;60;41
23.08.2020 11:30;93;58;35
23.08.2020 11:45;133;61;72
23.08.2020 12:00;151;67;84
23.08.2020 12:15;82;38;44
23.08.2020 12:30;116;51;65
23.08.2020 12:45;161;78;83
23.08.2020 13:00;86;39;47
23.08.2020 13:15;106;45;61
23.08.2020 13:30;127;62;65
23.08.2020 13:45;119;64;55
23.08.2020 14:00;142;72;70
23.08.2020 14:15;127;65;62
23.08.2020 14:30;158;95;63
23.08.2020 14:45;140;71;69
23.08.2020 15:00;140;54;86
23.08.2020 15:15;156;91;65
23.08.2020 15:30;133;71;62
23.08.2020 15:45;136;76;60
23.08.2020 16:00;132;60;72
23.08.2020 16:15;153;70;83
23.08.2020 16:30;120;63;57
23.08.2020 16:45;146;71;75
23.08.2020 17:00;122;47;75
23.08.2020 17:15;138;70;68
23.08.2020 17:30;119;58;61
23.08.2020 17:45;177;100;77
23.08.2020 18:00;148;70;78
23.08.2020 18:15;143;72;71
23.08.2020 18:30;135;70;65
23.08.2020 18:45;162;81;81
23.08.2020 19:00;147;71;76
23.08.2020 19:15;163;78;85
23.08.2020 19:30;120;60;60
23.08.2020 19:45;153;80;73
23.08.2020 20:00;109;50;59
23.08.2020 20:15;98;37;61
23.08.2020 20:30;113;41;72
23.08.2020 20:45;87;34;53
23.08.2020 21:00;58;27;31
23.08.2020 21:15;51;22;29
23.08.2020 21:30;33;11;22
23.08.2020 21:45;45;19;26
23.08.2020 22:00;42;17;25
23.08.2020 22:15;44;17;27
23.08.2020 22:30;25;12;13
23.08.2020 22:45;22;6;16
23.08.2020 23:00;53;29;24
23.08.2020 23:15;74;36;38
23.08.2020 23:30;80;38;42
23.08.2020 23:45;27;11;16
24.08.2020 00:00;23;12;11
24.08.2020 00:15;25;9;16
24.08.2020 00:30;17;7;10
24.08.2020 00:45;13;7;6
24.08.2020 01:00;13;4;9
24.08.2020 01:15;6;3;3
24.08.2020 01:30;3;3;0
24.08.2020 01:45;7;0;7
24.08.2020 02:00;9;3;6
24.08.2020 02:15;3;1;2
24.08.2020 02:30;5;2;3
24.08.2020 02:45;1;0;1
24.08.2020 03:00;0;0;0
24.08.2020 03:15;3;2;1
24.08.2020 03:30;2;1;1
24.08.2020 03:45;3;3;0
24.08.2020 04:00;1;1;0
24.08.2020 04:15;1;0;1
24.08.2020 04:30;4;4;0
24.08.2020 04:45;4;4;0
24.08.2020 05:00;3;3;0
24.08.2020 05:15;1;0;1
24.08.2020 05:30;12;5;7
24.08.2020 05:45;23;16;7
24.08.2020 06:00;27;17;10
24.08.2020 06:15;43;27;16
24.08.2020 06:30;50;31;19
24.08.2020 06:45;52;28;24
24.08.2020 07:00;62;35;27
24.08.2020 07:15;76;41;35
24.08.2020 07:30;85;44;41
24.08.2020 07:45;148;67;81
24.08.2020 08:00;107;56;51
24.08.2020 08:15;120;62;58
24.08.2020 08:30;102;50;52
24.08.2020 08:45;161;100;61
24.08.2020 09:00;109;59;50
24.08.2020 09:15;115;71;44
24.08.2020 09:30;122;76;46
24.08.2020 09:45;129;81;48
24.08.2020 10:00;147;95;52
24.08.2020 10:15;132;86;46
24.08.2020 10:30;136;74;62
24.08.2020 10:45;169;112;57
24.08.2020 11:00;166;93;73
24.08.2020 11:15;172;90;82
24.08.2020 11:30;163;78;85
24.08.2020 11:45;151;82;69
24.08.2020 12:00;175;80;95
24.08.2020 12:15;185;85;100
24.08.2020 12:30;171;73;98
24.08.2020 12:45;153;79;74
24.08.2020 13:00;150;66;84
24.08.2020 13:15;156;81;75
24.08.2020 13:30;144;82;62
24.08.2020 13:45;165;91;74
24.08.2020 14:00;136;78;58
24.08.2020 14:15;176;87;89
24.08.2020 14:30;212;113;99
24.08.2020 14:45;216;81;135
24.08.2020 15:00;211;121;90
24.08.2020 15:15;195;93;102
24.08.2020 15:30;196;99;97
24.08.2020 15:45;226;109;117
24.08.2020 16:00;188;94;94
24.08.2020 16:15;237;111;126
24.08.2020 16:30;217;102;115
24.08.2020 16:45;221;98;123
24.08.2020 17:00;229;104;125
24.08.2020 17:15;229;93;136
24.08.2020 17:30;253;122;131
24.08.2020 17:45;272;115;157
24.08.2020 18:00;224;87;137
24.08.2020 18:15;204;90;114
24.08.2020 18:30;200;93;107
24.08.2020 18:45;203;83;120
24.08.2020 19:00;140;67;73
24.08.2020 19:15;177;73;104
24.08.2020 19:30;141;57;84
24.08.2020 19:45;160;65;95
24.08.2020 20:00;160;74;86
24.08.2020 20:15;130;52;78
24.08.2020 20:30;110;44;66
24.08.2020 20:45;83;35;48
24.08.2020 21:00;121;60;61
24.08.2020 21:15;79;31;48
24.08.2020 21:30;53;27;26
24.08.2020 21:45;65;33;32
24.08.2020 22:00;54;31;23
24.08.2020 22:15;61;20;41
24.08.2020 22:30;64;21;43
24.08.2020 22:45;42;11;31
24.08.2020 23:00;41;13;28
24.08.2020 23:15;36;11;25
24.08.2020 23:30;41;12;29
24.08.2020 23:45;20;4;16
25.08.2020 00:00;14;6;8
25.08.2020 00:15;26;10;16
25.08.2020 00:30;17;5;12
25.08.2020 00:45;5;4;1
25.08.2020 01:00;8;4;4
25.08.2020 01:15;13;4;9
25.08.2020 01:30;4;0;4
25.08.2020 01:45;8;8;0
25.08.2020 02:00;5;4;1
25.08.2020 02:15;3;0;3
25.08.2020 02:30;3;1;2
25.08.2020 02:45;9;4;5
25.08.2020 03:00;3;3;0
25.08.2020 03:15;1;0;1
25.08.2020 03:30;2;1;1
25.08.2020 03:45;4;3;1
25.08.2020 04:00;3;1;2
25.08.2020 04:15;4;4;0
25.08.2020 04:30;5;4;1
25.08.2020 04:45;3;2;1
25.08.2020 05:00;4;4;0
25.08.2020 05:15;5;3;2
25.08.2020 05:30;16;10;6
25.08.2020 05:45;24;16;8
25.08.2020 06:00;24;10;14
25.08.2020 06:15;37;24;13
25.08.2020 06:30;50;30;20
25.08.2020 06:45;58;32;26
25.08.2020 07:00;69;39;30
25.08.2020 07:15;86;45;41
25.08.2020 07:30;112;67;45
25.08.2020 07:45;155;80;75
25.08.2020 08:00;112;58;54
25.08.2020 08:15;125;76;49
25.08.2020 08:30;155;93;62
25.08.2020 08:45;192;112;80
25.08.2020 09:00;153;79;74
25.08.2020 09:15;157;87;70
25.08.2020 09:30;175;98;77
25.08.2020 09:45;174;114;60
25.08.2020 10:00;164;93;71
25.08.2020 10:15;153;75;78
25.08.2020 10:30;156;84;72
25.08.2020 10:45;169;85;84
25.08.2020 11:00;142;77;65
25.08.2020 11:15;155;84;71
25.08.2020 11:30;195;95;100
25.08.2020 11:45;181;101;80
25.08.2020 12:00;203;91;112
25.08.2020 12:15;199;90;109
25.08.2020 12:30;181;84;97
25.08.2020 12:45;191;86;105
25.08.2020 13:00;179;85;94
25.08.2020 13:15;171;88;83
25.08.2020 13:30;211;112;99
25.08.2020 13:45;159;91;68
25.08.2020 14:00;219;131;88
25.08.2020 14:15;225;103;122
25.08.2020 14:30;196;104;92
25.08.2020 14:45;224;99;125
25.08.2020 15:00;185;81;104
25.08.2020 15:15;186;87;99
25.08.2020 15:30;196;102;94
25.08.2020 15:45;205;97;108
25.08.2020 16:00;235;110;125
25.08.2020 16:15;228;106;122
25.08.2020 16:30;245;109;136
25.08.2020 16:45;221;103;118
25.08.2020 17:00;252;114;138
25.08.2020 17:15;233;120;113
25.08.2020 17:30;239;104;135
25.08.2020 17:45;241;124;117
25.08.2020 18:00;238;98;140
25.08.2020 18:15;263;112;151
25.08.2020 18:30;195;70;125
25.08.2020 18:45;205;95;110
25.08.2020 19:00;184;74;110
25.08.2020 19:15;178;81;97
25.08.2020 19:30;154;56;98
25.08.2020 19:45;162;83;79
25.08.2020 20:00;124;52;72
25.08.2020 20:15;148;70;78
25.08.2020 20:30;145;57;88
25.08.2020 20:45;97;34;63
25.08.2020 21:00;86;34;52
25.08.2020 21:15;95;37;58
25.08.2020 21:30;105;59;46
25.08.2020 21:45;80;26;54
25.08.2020 22:00;61;22;39
25.08.2020 22:15;53;23;30
25.08.2020 22:30;31;9;22
25.08.2020 22:45;40;12;28
25.08.2020 23:00;29;9;20
25.08.2020 23:15;39;17;22
25.08.2020 23:30;30;12;18
25.08.2020 23:45;34;16;18
26.08.2020 00:00;23;4;19
26.08.2020 00:15;22;6;16
26.08.2020 00:30;23;5;18
26.08.2020 00:45;24;6;18
26.08.2020 01:00;16;5;11
26.08.2020 01:15;7;0;7
26.08.2020 01:30;14;3;11
26.08.2020 01:45;5;2;3
26.08.2020 02:00;4;0;4
26.08.2020 02:15;6;3;3
26.08.2020 02:30;0;0;0
26.08.2020 02:45;9;4;5
26.08.2020 03:00;0;0;0
26.08.2020 03:15;6;1;5
26.08.2020 03:30;4;0;4
26.08.2020 03:45;3;3;0
26.08.2020 04:00;6;2;4
26.08.2020 04:15;3;1;2
26.08.2020 04:30;2;2;0
26.08.2020 04:45;3;1;2
26.08.2020 05:00;3;3;0
26.08.2020 05:15;4;2;2
26.08.2020 05:30;14;8;6
26.08.2020 05:45;25;15;10
26.08.2020 06:00;19;12;7
26.08.2020 06:15;38;22;16
26.08.2020 06:30;50;31;19
26.08.2020 06:45;60;35;25
26.08.2020 07:00;58;34;24
26.08.2020 07:15;80;46;34
26.08.2020 07:30;99;56;43
26.08.2020 07:45;142;82;60
26.08.2020 08:00;117;62;55
26.08.2020 08:15;133;78;55
26.08.2020 08:30;120;72;48
26.08.2020 08:45;161;88;73
26.08.2020 09:00;136;68;68
26.08.2020 09:15;133;76;57
26.08.2020 09:30;120;80;40
26.08.2020 09:45;182;117;65
26.08.2020 10:00;141;97;44
26.08.2020 10:15;125;77;48
26.08.2020 10:30;188;104;84
26.08.2020 10:45;136;59;77
26.08.2020 11:00;175;84;91
26.08.2020 11:15;161;84;77
26.08.2020 11:30;175;69;106
26.08.2020 11:45;174;88;86
26.08.2020 12:00;179;90;89
26.08.2020 12:15;192;81;111
26.08.2020 12:30;145;66;79
26.08.2020 12:45;150;71;79
26.08.2020 13:00;178;91;87
26.08.2020 13:15;182;89;93
26.08.2020 13:30;179;84;95
26.08.2020 13:45;165;74;91
26.08.2020 14:00;186;86;100
26.08.2020 14:15;167;86;81
26.08.2020 14:30;211;115;96
26.08.2020 14:45;167;81;86
26.08.2020 15:00;242;128;114
26.08.2020 15:15;178;90;88
26.08.2020 15:30;178;102;76
26.08.2020 15:45;223;138;85
26.08.2020 16:00;182;74;108
26.08.2020 16:15;213;112;101
26.08.2020 16:30;231;114;117
26.08.2020 16:45;246;128;118
26.08.2020 17:00;210;90;120
26.08.2020 17:15;260;134;126
26.08.2020 17:30;276;120;156
26.08.2020 17:45;237;96;141
26.08.2020 18:00;243;101;142
26.08.2020 18:15;228;95;133
26.08.2020 18:30;211;102;109
26.08.2020 18:45;202;95;107
26.08.2020 19:00;194;82;112
26.08.2020 19:15;171;81;90
26.08.2020 19:30;145;77;68
26.08.2020 19:45;134;61;73
26.08.2020 20:00;151;67;84
26.08.2020 20:15;145;62;83
26.08.2020 20:30;125;60;65
26.08.2020 20:45;121;35;86
26.08.2020 21:00;109;46;63
26.08.2020 21:15;78;30;48
26.08.2020 21:30;96;29;67
26.08.2020 21:45;69;23;46
26.08.2020 22:00;74;24;50
26.08.2020 22:15;64;26;38
26.08.2020 22:30;79;26;53
26.08.2020 22:45;60;21;39
26.08.2020 23:00;62;20;42
26.08.2020 23:15;54;29;25
26.08.2020 23:30;41;16;25
26.08.2020 23:45;34;10;24
27.08.2020 00:00;29;17;12
27.08.2020 00:15;21;7;14
27.08.2020 00:30;23;5;18
27.08.2020 00:45;18;6;12
27.08.2020 01:00;34;8;26
27.08.2020 01:15;21;7;14
27.08.2020 01:30;14;2;12
27.08.2020 01:45;15;5;10
27.08.2020 02:00;8;8;0
27.08.2020 02:15;9;1;8
27.08.2020 02:30;4;1;3
27.08.2020 02:45;2;1;1
27.08.2020 03:00;1;0;1
27.08.2020 03:15;10;4;6
27.08.2020 03:30;4;3;1
27.08.2020 03:45;7;3;4
27.08.2020 04:00;5;3;2
27.08.2020 04:15;2;1;1
27.08.2020 04:30;3;2;1
27.08.2020 04:45;2;1;1
27.08.2020 05:00;3;1;2
27.08.2020 05:15;5;2;3
27.08.2020 05:30;13;8;5
27.08.2020 05:45;27;17;10
27.08.2020 06:00;20;11;9
27.08.2020 06:15;42;27;15
27.08.2020 06:30;50;29;21
27.08.2020 06:45;56;38;18
27.08.2020 07:00;55;28;27
27.08.2020 07:15;65;36;29
27.08.2020 07:30;95;56;39
27.08.2020 07:45;147;74;73
27.08.2020 08:00;97;44;53
27.08.2020 08:15;125;72;53
27.08.2020 08:30;144;99;45
27.08.2020 08:45;149;89;60
27.08.2020 09:00;115;59;56
27.08.2020 09:15;146;89;57
27.08.2020 09:30;129;74;55
27.08.2020 09:45;171;104;67
27.08.2020 10:00;129;75;54
27.08.2020 10:15;128;63;65
27.08.2020 10:30;131;76;55
27.08.2020 10:45;162;79;83
27.08.2020 11:00;150;79;71
27.08.2020 11:15;185;101;84
27.08.2020 11:30;187;105;82
27.08.2020 11:45;172;86;86
27.08.2020 12:00;153;75;78
27.08.2020 12:15;140;63;77
27.08.2020 12:30;167;82;85
27.08.2020 12:45;193;92;101
27.08.2020 13:00;154;62;92
27.08.2020 13:15;157;84;73
27.08.2020 13:30;176;87;89
27.08.2020 13:45;185;87;98
27.08.2020 14:00;205;117;88
27.08.2020 14:15;203;94;109
27.08.2020 14:30;203;111;92
27.08.2020 14:45;171;99;72
27.08.2020 15:00;192;93;99
27.08.2020 15:15;181;96;85
27.08.2020 15:30;242;117;125
27.08.2020 15:45;266;145;121
27.08.2020 16:00;228;107;121
27.08.2020 16:15;229;117;112
27.08.2020 16:30;220;113;107
27.08.2020 16:45;256;127;129
27.08.2020 17:00;232;98;134
27.08.2020 17:15;260;98;162
27.08.2020 17:30;250;115;135
27.08.2020 17:45;220;107;113
27.08.2020 18:00;233;104;129
27.08.2020 18:15;212;105;107
27.08.2020 18:30;184;78;106
27.08.2020 18:45;226;115;111
27.08.2020 19:00;183;63;120
27.08.2020 19:15;177;72;105
27.08.2020 19:30;158;84;74
27.08.2020 19:45;176;87;89
27.08.2020 20:00;136;60;76
27.08.2020 20:15;133;68;65
27.08.2020 20:30;126;55;71
27.08.2020 20:45;112;51;61
27.08.2020 21:00;114;39;75
27.08.2020 21:15;86;35;51
27.08.2020 21:30;80;35;45
27.08.2020 21:45;73;24;49
27.08.2020 22:00;70;28;42
27.08.2020 22:15;83;31;52
27.08.2020 22:30;47;16;31
27.08.2020 22:45;58;14;44
27.08.2020 23:00;44;16;28
27.08.2020 23:15;43;14;29
27.08.2020 23:30;45;16;29
27.08.2020 23:45;41;17;24
28.08.2020 00:00;34;11;23
28.08.2020 00:15;21;6;15
28.08.2020 00:30;22;6;16
28.08.2020 00:45;15;3;12
28.08.2020 01:00;26;8;18
28.08.2020 01:15;12;5;7
28.08.2020 01:30;17;4;13
28.08.2020 01:45;7;2;5
28.08.2020 02:00;10;4;6
28.08.2020 02:15;13;7;6
28.08.2020 02:30;12;7;5
28.08.2020 02:45;3;1;2
28.08.2020 03:00;8;0;8
28.08.2020 03:15;3;2;1
28.08.2020 03:30;3;2;1
28.08.2020 03:45;9;5;4
28.08.2020 04:00;3;1;2
28.08.2020 04:15;1;1;0
28.08.2020 04:30;3;3;0
28.08.2020 04:45;5;3;2
28.08.2020 05:00;8;4;4
28.08.2020 05:15;5;1;4
28.08.2020 05:30;15;8;7
28.08.2020 05:45;16;10;6
28.08.2020 06:00;17;11;6
28.08.2020 06:15;38;26;12
28.08.2020 06:30;44;27;17
28.08.2020 06:45;39;21;18
28.08.2020 07:00;56;27;29
28.08.2020 07:15;65;30;35
28.08.2020 07:30;84;45;39
28.08.2020 07:45;100;46;54
28.08.2020 08:00;107;52;55
28.08.2020 08:15;123;70;53
28.08.2020 08:30;114;62;52
28.08.2020 08:45;164;96;68
28.08.2020 09:00;147;73;74
28.08.2020 09:15;109;71;38
28.08.2020 09:30;145;84;61
28.08.2020 09:45;165;94;71
28.08.2020 10:00;183;103;80
28.08.2020 10:15;163;100;63
28.08.2020 10:30;177;101;76
28.08.2020 10:45;172;109;63
28.08.2020 11:00;149;87;62
28.08.2020 11:15;185;107;78
28.08.2020 11:30;173;80;93
28.08.2020 11:45;161;82;79
28.08.2020 12:00;191;97;94
28.08.2020 12:15;189;101;88
28.08.2020 12:30;165;72;93
28.08.2020 12:45;186;95;91
28.08.2020 13:00;195;88;107
28.08.2020 13:15;176;92;84
28.08.2020 13:30;167;82;85
28.08.2020 13:45;160;85;75
28.08.2020 14:00;208;105;103
28.08.2020 14:15;169;70;99
28.08.2020 14:30;155;68;87
28.08.2020 14:45;180;90;90
28.08.2020 15:00;180;82;98
28.08.2020 15:15;168;78;90
28.08.2020 15:30;133;64;69
28.08.2020 15:45;164;85;79
28.08.2020 16:00;132;59;73
28.08.2020 16:15;134;58;76
28.08.2020 16:30;117;42;75
28.08.2020 16:45;134;73;61
28.08.2020 17:00;116;54;62
28.08.2020 17:15;126;52;74
28.08.2020 17:30;105;46;59
28.08.2020 17:45;121;55;66
28.08.2020 18:00;99;49;50
28.08.2020 18:15;78;29;49
28.08.2020 18:30;109;43;66
28.08.2020 18:45;98;46;52
28.08.2020 19:00;87;30;57
28.08.2020 19:15;65;29;36
28.08.2020 19:30;54;24;30
28.08.2020 19:45;60;23;37
28.08.2020 20:00;50;21;29
28.08.2020 20:15;51;30;21
28.08.2020 20:30;39;16;23
28.08.2020 20:45;53;22;31
28.08.2020 21:00;34;17;17
28.08.2020 21:15;25;16;9
28.08.2020 21:30;26;9;17
28.08.2020 21:45;34;15;19
28.08.2020 22:00;30;15;15
28.08.2020 22:15;32;15;17
28.08.2020 22:30;20;7;13
28.08.2020 22:45;20;5;15
28.08.2020 23:00;16;8;8
28.08.2020 23:15;25;5;20
28.08.2020 23:30;32;6;26
28.08.2020 23:45;20;9;11
29.08.2020 00:00;29;9;20
29.08.2020 00:15;19;6;13
29.08.2020 00:30;16;6;10
29.08.2020 00:45;12;6;6
29.08.2020 01:00;24;8;16
29.08.2020 01:15;35;7;28
29.08.2020 01:30;23;8;15
29.08.2020 01:45;11;7;4
29.08.2020 02:00;10;4;6
29.08.2020 02:15;5;3;2
29.08.2020 02:30;6;0;6
29.08.2020 02:45;16;10;6
29.08.2020 03:00;8;1;7
29.08.2020 03:15;10;0;10
29.08.2020 03:30;6;5;1
29.08.2020 03:45;8;1;7
29.08.2020 04:00;4;0;4
29.08.2020 04:15;0;0;0
29.08.2020 04:30;3;2;1
29.08.2020 04:45;4;1;3
29.08.2020 05:00;4;2;2
29.08.2020 05:15;7;3;4
29.08.2020 05:30;5;2;3
29.08.2020 05:45;11;7;4
29.08.2020 06:00;3;1;2
29.08.2020 06:15;11;9;2
29.08.2020 06:30;14;11;3
29.08.2020 06:45;15;6;9
29.08.2020 07:00;21;14;7
29.08.2020 07:15;16;5;11
29.08.2020 07:30;15;10;5
29.08.2020 07:45;24;11;13
29.08.2020 08:00;18;11;7
29.08.2020 08:15;34;17;17
29.08.2020 08:30;40;23;17
29.08.2020 08:45;44;28;16
29.08.2020 09:00;69;32;37
29.08.2020 09:15;58;45;13
29.08.2020 09:30;83;47;36
29.08.2020 09:45;93;66;27
29.08.2020 10:00;99;52;47
29.08.2020 10:15;101;64;37
29.08.2020 10:30;108;70;38
29.08.2020 10:45;107;56;51
29.08.2020 11:00;92;36;56
29.08.2020 11:15;107;51;56
29.08.2020 11:30;110;61;49
29.08.2020 11:45;105;50;55
29.08.2020 12:00;106;53;53
29.08.2020 12:15;77;37;40
29.08.2020 12:30;65;28;37
29.08.2020 12:45;55;38;17
29.08.2020 13:00;80;41;39
29.08.2020 13:15;62;26;36
29.08.2020 13:30;56;27;29
29.08.2020 13:45;64;30;34
29.08.2020 14:00;63;29;34
29.08.2020 14:15;57;26;31
29.08.2020 14:30;66;26;40
29.08.2020 14:45;49;25;24
29.08.2020 15:00;64;36;28
29.08.2020 15:15;58;22;36
29.08.2020 15:30;58;18;40
29.08.2020 15:45;55;19;36
29.08.2020 16:00;54;20;34
29.08.2020 16:15;65;27;38
29.08.2020 16:30;37;16;21
29.08.2020 16:45;52;18;34
29.08.2020 17:00;32;8;24
29.08.2020 17:15;45;26;19
29.08.2020 17:30;57;32;25
29.08.2020 17:45;61;27;34
29.08.2020 18:00;50;19;31
29.08.2020 18:15;64;31;33
29.08.2020 18:30;51;25;26
29.08.2020 18:45;54;34;20
29.08.2020 19:00;47;24;23
29.08.2020 19:15;43;16;27
29.08.2020 19:30;30;16;14
29.08.2020 19:45;41;23;18
29.08.2020 20:00;39;12;27
29.08.2020 20:15;41;18;23
29.08.2020 20:30;20;4;16
29.08.2020 20:45;29;16;13
29.08.2020 21:00;33;20;13
29.08.2020 21:15;19;11;8
29.08.2020 21:30;20;14;6
29.08.2020 21:45;24;13;11
29.08.2020 22:00;19;8;11
29.08.2020 22:15;26;14;12
29.08.2020 22:30;25;8;17
29.08.2020 22:45;12;4;8
29.08.2020 23:00;22;8;14
29.08.2020 23:15;14;8;6
29.08.2020 23:30;25;10;15
29.08.2020 23:45;25;16;9
30.08.2020 00:00;24;10;14
30.08.2020 00:15;16;4;12
30.08.2020 00:30;23;6;17
30.08.2020 00:45;11;6;5
30.08.2020 01:00;14;7;7
30.08.2020 01:15;20;7;13
30.08.2020 01:30;9;6;3
30.08.2020 01:45;9;3;6
30.08.2020 02:00;7;3;4
30.08.2020 02:15;10;3;7
30.08.2020 02:30;5;4;1
30.08.2020 02:45;7;2;5
30.08.2020 03:00;5;2;3
30.08.2020 03:15;13;1;12
30.08.2020 03:30;5;5;0
30.08.2020 03:45;3;2;1
30.08.2020 04:00;3;2;1
30.08.2020 04:15;3;1;2
30.08.2020 04:30;4;2;2
30.08.2020 04:45;0;0;0
30.08.2020 05:00;2;2;0
30.08.2020 05:15;1;1;0
30.08.2020 05:30;8;3;5
30.08.2020 05:45;4;2;2
30.08.2020 06:00;2;2;0
30.08.2020 06:15;3;3;0
30.08.2020 06:30;8;5;3
30.08.2020 06:45;5;3;2
30.08.2020 07:00;4;3;1
30.08.2020 07:15;4;4;0
30.08.2020 07:30;5;2;3
30.08.2020 07:45;2;2;0
30.08.2020 08:00;5;2;3
30.08.2020 08:15;4;3;1
30.08.2020 08:30;8;2;6
30.08.2020 08:45;4;1;3
30.08.2020 09:00;11;0;11
30.08.2020 09:15;16;13;3
30.08.2020 09:30;11;3;8
30.08.2020 09:45;13;9;4
30.08.2020 10:00;11;6;5
30.08.2020 10:15;23;6;17
30.08.2020 10:30;12;8;4
30.08.2020 10:45;10;4;6
30.08.2020 11:00;14;4;10
30.08.2020 11:15;22;11;11
30.08.2020 11:30;10;4;6
30.08.2020 11:45;11;7;4
30.08.2020 12:00;15;5;10
30.08.2020 12:15;18;11;7
30.08.2020 12:30;9;4;5
30.08.2020 12:45;17;10;7
30.08.2020 13:00;19;3;16
30.08.2020 13:15;15;8;7
30.08.2020 13:30;17;5;12
30.08.2020 13:45;18;7;11
30.08.2020 14:00;38;14;24
30.08.2020 14:15;16;10;6
30.08.2020 14:30;42;18;24
30.08.2020 14:45;31;19;12
30.08.2020 15:00;31;14;17
30.08.2020 15:15;31;14;17
30.08.2020 15:30;23;14;9
30.08.2020 15:45;34;19;15
30.08.2020 16:00;32;14;18
30.08.2020 16:15;28;9;19
30.08.2020 16:30;21;19;2
30.08.2020 16:45;25;16;9
30.08.2020 17:00;23;8;15
30.08.2020 17:15;17;10;7
30.08.2020 17:30;20;10;10
30.08.2020 17:45;25;16;9
30.08.2020 18:00;25;13;12
30.08.2020 18:15;26;19;7
30.08.2020 18:30;22;11;11
30.08.2020 18:45;23;10;13
30.08.2020 19:00;36;16;20
30.08.2020 19:15;28;14;14
30.08.2020 19:30;27;9;18
30.08.2020 19:45;29;13;16
30.08.2020 20:00;22;11;11
30.08.2020 20:15;35;16;19
30.08.2020 20:30;16;6;10
30.08.2020 20:45;24;7;17
30.08.2020 21:00;28;10;18
30.08.2020 21:15;23;10;13
30.08.2020 21:30;15;12;3
30.08.2020 21:45;6;3;3
30.08.2020 22:00;15;7;8
30.08.2020 22:15;15;7;8
30.08.2020 22:30;13;4;9
30.08.2020 22:45;5;2;3
30.08.2020 23:00;13;9;4
30.08.2020 23:15;12;5;7
30.08.2020 23:30;7;2;5
30.08.2020 23:45;9;5;4
31.08.2020 00:00;7;2;5
31.08.2020 00:15;11;5;6
31.08.2020 00:30;3;2;1
31.08.2020 00:45;5;2;3
31.08.2020 01:00;9;6;3
31.08.2020 01:15;5;3;2
31.08.2020 01:30;1;1;0
31.08.2020 01:45;1;1;0
31.08.2020 02:00;4;4;0
31.08.2020 02:15;2;2;0
31.08.2020 02:30;3;3;0
31.08.2020 02:45;2;0;2
31.08.2020 03:00;0;0;0
31.08.2020 03:15;0;0;0
31.08.2020 03:30;0;0;0
31.08.2020 03:45;3;2;1
31.08.2020 04:00;0;0;0
31.08.2020 04:15;0;0;0
31.08.2020 04:30;1;0;1
31.08.2020 04:45;2;1;1
31.08.2020 05:00;2;1;1
31.08.2020 05:15;1;1;0
31.08.2020 05:30;14;6;8
31.08.2020 05:45;19;14;5
31.08.2020 06:00;19;8;11
31.08.2020 06:15;42;26;16
31.08.2020 06:30;34;23;11
31.08.2020 06:45;65;38;27
31.08.2020 07:00;52;24;28
31.08.2020 07:15;81;45;36
31.08.2020 07:30;74;42;32
31.08.2020 07:45;107;52;55
31.08.2020 08:00;115;61;54
31.08.2020 08:15;109;63;46
31.08.2020 08:30;120;67;53
31.08.2020 08:45;151;91;60
31.08.2020 09:00;96;60;36
31.08.2020 09:15;95;54;41
31.08.2020 09:30;94;54;40
31.08.2020 09:45;133;88;45
31.08.2020 10:00;89;44;45
31.08.2020 10:15;129;71;58
31.08.2020 10:30;173;120;53
31.08.2020 10:45;111;63;48
31.08.2020 11:00;133;80;53
31.08.2020 11:15;117;58;59
31.08.2020 11:30;122;69;53
31.08.2020 11:45;133;73;60
31.08.2020 12:00;147;64;83
31.08.2020 12:15;148;74;74
31.08.2020 12:30;150;76;74
31.08.2020 12:45;144;72;72
31.08.2020 13:00;186;93;93
31.08.2020 13:15;128;67;61
31.08.2020 13:30;148;75;73
31.08.2020 13:45;138;57;81
31.08.2020 14:00;148;71;77
31.08.2020 14:15;154;80;74
31.08.2020 14:30;172;99;73
31.08.2020 14:45;198;126;72
31.08.2020 15:00;163;82;81
31.08.2020 15:15;165;85;80
31.08.2020 15:30;199;120;79
31.08.2020 15:45;199;101;98
31.08.2020 16:00;186;82;104
31.08.2020 16:15;195;108;87
31.08.2020 16:30;190;92;98
31.08.2020 16:45;183;91;92
31.08.2020 17:00;178;71;107
31.08.2020 17:15;227;102;125
31.08.2020 17:30;207;98;109
31.08.2020 17:45;224;94;130
31.08.2020 18:00;165;75;90
31.08.2020 18:15;216;95;121
31.08.2020 18:30;190;93;97
31.08.2020 18:45;164;90;74
31.08.2020 19:00;143;70;73
31.08.2020 19:15;102;38;64
31.08.2020 19:30;132;53;79
31.08.2020 19:45;96;44;52
31.08.2020 20:00;106;47;59
31.08.2020 20:15;97;38;59
31.08.2020 20:30;67;38;29
31.08.2020 20:45;42;16;26
31.08.2020 21:00;66;37;29
31.08.2020 21:15;59;18;41
31.08.2020 21:30;45;18;27
31.08.2020 21:45;38;19;19
31.08.2020 22:00;44;23;21
31.08.2020 22:15;33;16;17
31.08.2020 22:30;40;13;27
31.08.2020 22:45;34;14;20
31.08.2020 23:00;27;14;13
31.08.2020 23:15;20;13;7
31.08.2020 23:30;19;8;11
31.08.2020 23:45;15;4;11
;14;5;9
;13;5;8
;5;2;3
;4;0;4
;14;4;10
;9;3;6
;9;4;5
;5;2;3
;7;5;2
;4;2;2
;4;2;2
;4;3;1
;6;6;0
;0;0;0
;1;0;1
;2;1;1
;0;0;0
;3;0;3
;3;2;1
;4;3;1
;4;2;2
;2;1;1
;12;5;7
;24;18;6
;18;11;7
;25;14;11
;55;40;15
;58;37;21
;59;25;34
;80;41;39
;104;59;45
;133;73;60
;107;50;57
;141;84;57
;171;102;69
;176;108;68
;94;51;43
;116;71;45
;129;76;53
;138;83;55
;122;67;55
;133;72;61
;129;76;53
;137;77;60
;111;63;48
;112;55;57
;129;78;51
;164;78;86
;156;69;87
;165;83;82
;147;72;75
;143;56;87
;170;85;85
;135;68;67
;125;67;58
;139;79;60
;130;70;60
;127;71;56
;150;81;69
;119;66;53
;99;48;51
;169;75;94
;142;62;80
;184;95;89
;172;78;94
;156;84;72
;192;92;100
;169;79;90
;185;86;99
;188;97;91
;155;76;79
;174;77;97
;154;74;80
;170;71;99
;141;63;78
;160;61;99
;138;52;86
;112;46;66
;104;59;45
;125;55;70
;100;48;52
;89;34;55
;81;32;49
;79;31;48
;66;26;40
;47;25;22
;64;30;34
;57;21;36
;51;26;25
;47;14;33
;30;13;17
;24;11;13
;29;12;17
;31;7;24
;25;8;17
;26;7;19
;29;8;21
;15;5;10
;15;1;14
;8;4;4
;5;1;4
;11;4;7
;9;5;4
;6;5;1
;3;2;1
;8;7;1
;3;3;0
;2;2;0
;2;1;1
;5;3;2
;3;2;1
;4;0;4
;2;1;1
;3;1;2
;6;2;4
;5;2;3
;1;1;0
;3;2;1
;16;6;10
;17;13;4
;25;12;13
;26;16;10
;55;35;20
;45;31;14
;56;34;22
;82;37;45
;94;51;43
;119;58;61
;118;57;61
;122;74;48
;145;88;57
;180;115;65
;120;59;61
;116;66;50
;116;76;40
;143;93;50
;134;73;61
;137;78;59
;122;65;57
;162;107;55
;150;83;67
;155;84;71
;130;76;54
;148;75;73
;156;73;83
;147;87;60
;166;69;97
;180;97;83
;194;111;83
;192;107;85
;192;95;97
;182;94;88
;180;102;78
;203;112;91
;190;106;84
;251;124;127
;180;96;84
;190;102;88
;222;111;111
;198;99;99
;212;98;114
;205;101;104
;219;108;111
;216;99;117
;273;121;152
;250;133;117
;291;129;162
;249;106;143
;218;78;140
;233;99;134
;196;82;114
;238;126;112
;168;81;87
;162;76;86
;148;84;64
;134;73;61
;122;55;67
;157;59;98
;91;32;59
;76;35;41
;81;21;60
;76;23;53
;72;18;54
;82;32;50
;69;29;40
;71;22;49
;68;25;43
;31;11;20
;46;21;25
;39;11;28
;47;25;22
;37;8;29
;11;5;6
;11;4;7
;18;7;11
;13;6;7
;14;2;12
;18;10;8
;6;1;5
;14;5;9
;11;4;7
;2;1;1
;6;4;2
;6;1;5
;1;0;1
;4;3;1
;1;0;1
;3;2;1
;1;0;1
;3;1;2
;7;5;2
;2;0;2
;3;2;1
;6;4;2
;22;9;13
;20;13;7
;24;13;11
;30;23;7
;49;31;18
;45;30;15
;71;33;38
;89;42;47
;99;52;47
;142;73;69
;103;44;59
;157;91;66
;153;88;65
;177;93;84
;135;94;41
;146;95;51
;134;74;60
;138;86;52
;123;76;47
;159;74;85
;168;93;75
;162;88;74
;159;80;79
;149;93;56
;163;89;74
;172;83;89
;141;68;73
;164;85;79
;196;95;101
;215;105;110
;185;96;89
;187;97;90
;234;112;122
;160;96;64
;167;98;69
;232;118;114
;223;100;123
;209;108;101
;225;121;104
;196;94;102
;224;111;113
;222;114;108
;240;115;125
;235;136;99
;194;112;82
;253;140;113
;247;107;140
;272;148;124
;253;126;127
;275;126;149
;240;113;127
;260;111;149
;223;95;128
;248;122;126
;199;96;103
;196;108;88
;153;91;62
;155;73;82
;135;41;94
;148;64;84
;121;40;81
;99;37;62
;76;32;44
;73;30;43
;77;27;50
;89;39;50
;75;20;55
;67;18;49
;50;18;32
;49;20;29
;80;23;57
;37;15;22
;49;13;36
;32;6;26
;20;5;15
;19;4;15
;6;3;3
;24;9;15
;11;3;8
;14;6;8
;5;1;4
;15;3;12
;7;4;3
;1;1;0
;4;0;4
;4;0;4
;1;1;0
;7;0;7
;1;0;1
;2;2;0
;2;1;1
;3;3;0
;2;2;0
;6;4;2
;3;2;1
;4;2;2
;13;7;6
;25;17;8
;24;13;11
;41;29;12
;45;30;15
;54;34;20
;66;34;32
;90;53;37
;95;55;40
;146;78;68
;109;57;52
;167;89;78
;142;83;59
;180;111;69
;121;83;38
;143;83;60
;137;78;59
;148;99;49
;146;86;60
;174;110;64
;186;103;83
;172;104;68
;157;80;77
;196;112;84
;192;112;80
;168;85;83
;199;87;112
;188;89;99
;219;81;138
;212;90;122
;213;108;105
;196;92;104
;188;96;92
;205;95;110
;214;104;110
;188;97;91
;225;113;112
;195;100;95
;226;104;122
;249;137;112
;228;129;99
;235;115;120
;230;95;135
;207;99;108
;223;89;134
;211;117;94
;249;131;118
;242;113;129
;227;118;109
;230;97;133
;209;106;103
;253;111;142
;226;108;118
;217;94;123
;185;78;107
;153;84;69
;149;65;84
;170;95;75
;183;83;100
;117;53;64
;106;50;56
;108;47;61
;102;28;74
;74;31;43
;93;32;61
;66;25;41
;81;38;43
;59;19;40
;66;22;44
;60;8;52
;70;34;36
;69;19;50
;46;13;33
;31;14;17
;42;17;25
;47;19;28
;37;10;27
;42;9;33
;37;26;11
;14;1;13
;26;9;17
;27;10;17
;7;5;2
;29;9;20
;16;5;11
;12;5;7
;12;2;10
;14;2;12
;12;1;11
;13;3;10
;8;2;6
;5;5;0
;7;3;4
;9;4;5
;6;3;3
;7;3;4
;9;4;5
;12;9;3
;8;3;5
;10;8;2
;12;8;4
;15;11;4
;14;6;8
;21;9;12
;32;19;13
;30;12;18
;30;10;20
;44;26;18
;63;39;24
;83;47;36
;67;37;30
;94;53;41
;118;65;53
;152;84;68
;165;101;64
;172;96;76
;180;113;67
;175;104;71
;186;101;85
;139;69;70
;151;76;75
;183;103;80
;173;78;95
;206;99;107
;191;106;85
;170;93;77
;174;76;98
;161;76;85
;174;97;77
;197;92;105
;191;84;107
;159;84;75
;185;88;97
;174;77;97
;187;80;107
;207;124;83
;178;84;94
;208;96;112
;176;82;94
;170;79;91
;208;102;106
;176;104;72
;147;69;78
;168;78;90
;152;62;90
;181;88;93
;151;75;76
;194;93;101
;153;69;84
;178;71;107
;139;62;77
;166;93;73
;142;80;62
;127;56;71
;102;48;54
;108;37;71
;86;33;53
;75;43;32
;69;24;45
;70;29;41
;65;32;33
;65;28;37
;58;14;44
;67;37;30
;72;17;55
;66;18;48
;59;30;29
;38;10;28
;57;15;42
;26;6;20
;38;12;26
;28;12;16
;32;6;26
;28;7;21
;21;7;14
;30;9;21
;20;5;15
;18;5;13
;16;6;10
;20;5;15
;18;5;13
;16;6;10
;13;6;7
;8;5;3
;4;2;2
;6;2;4
;5;1;4
;5;0;5
;4;2;2
;5;1;4
;3;1;2
;1;0;1
;5;1;4
;5;3;2
;7;5;2
;12;8;4
;9;7;2
;6;5;1
;6;3;3
;10;6;4
;28;19;9
;22;9;13
;20;12;8
;17;9;8
;25;13;12
;33;20;13
;51;34;17
;61;24;37
;57;25;32
;56;36;20
;44;25;19
;59;33;26
;61;40;21
;60;24;36
;89;55;34
;66;36;30
;70;41;29
;91;43;48
;86;45;41
;65;28;37
;61;37;24
;74;37;37
;80;52;28
;100;63;37
;122;64;58
;79;38;41
;120;65;55
;109;58;51
;88;42;46
;109;53;56
;89;38;51
;104;64;40
;89;52;37
;100;58;42
;91;46;45
;81;41;40
;95;33;62
;102;49;53
;71;38;33
;99;47;52
;84;40;44
;82;41;41
;73;36;37
;76;44;32
;75;30;45
;55;30;25
;39;20;19
;54;29;25
;34;12;22
;37;18;19
;40;20;20
;19;11;8
;30;9;21
;30;8;22
;20;3;17
;31;21;10
;14;4;10
;17;2;15
;24;7;17
;14;8;6
;26;6;20
;23;5;18
;15;6;9
;12;3;9
;13;2;11
;18;13;5
;9;6;3
;5;1;4
;9;3;6
;9;7;2
;4;3;1
;6;1;5
;2;1;1
;1;1;0
;1;0;1
;3;0;3
;0;0;0
;5;4;1
;0;0;0
;0;0;0
;0;0;0
;1;0;1
;1;0;1
;0;0;0
;3;0;3
;3;3;0
;8;4;4
;4;2;2
;10;3;7
;22;15;7
;24;11;13
;37;23;14
;55;40;15
;64;39;25
;67;32;35
;95;56;39
;112;71;41
;146;88;58
;123;62;61
;173;100;73
;167;94;73
;191;122;69
;133;79;54
;126;80;46
;125;67;58
;142;70;72
;105;63;42
;107;67;40
;126;63;63
;127;67;60
;134;65;69
;139;95;44
;160;84;76
;142;77;65
;129;72;57
;202;113;89
;177;96;81
;175;95;80
;203;99;104
;203;114;89
;180;97;83
;187;114;73
;199;109;90
;181;92;89
;202;93;109
;198;101;97
;194;90;104
;238;112;126
;231;119;112
;194;102;92
;242;101;141
;213;95;118
;252;112;140
;207;99;108
;252;109;143
;244;101;143
;200;91;109
;241;102;139
;226;77;149
;222;111;111
;175;84;91
;192;91;101
;165;67;98
;138;59;79
;148;52;96
;108;43;65
;104;43;61
;121;48;73
;95;37;58
;78;42;36
;82;38;44
;58;24;34
;49;22;27
;42;13;29
;57;20;37
;40;16;24
;27;15;12
;39;10;29
;18;6;12
;27;9;18
;27;8;19
;22;8;14
;13;3;10
;11;2;9
;13;2;11
;7;4;3
;14;5;9
;6;1;5
;2;1;1
;5;1;4
;3;1;2
;5;4;1
;2;2;0
;1;0;1
;3;0;3
;5;3;2
;1;0;1
;1;0;1
;4;1;3
;2;1;1
;8;1;7
;5;4;1
;5;3;2
;5;2;3
;15;8;7
;24;16;8
;31;15;16
;37;26;11
;67;39;28
;79;48;31
;68;38;30
;114;72;42
;131;88;43
;183;116;67
;135;68;67
;184;109;75
;191;107;84
;222;134;88
;140;82;58
;173;103;70
;173;91;82
;140;80;60
;147;89;58
;154;83;71
;149;89;60
;177;109;68
;162;85;77
;205;105;100
;189;98;91
;216;114;102
;195;76;119
;201;92;109
;202;87;115
;182;104;78
;233;108;125
;186;99;87
;231;96;135
;211;116;95
;199;117;82
;227;127;100
;246;147;99
;254;154;100
;213;96;117
;294;154;140
;265;121;144
;268;117;151
;236;120;116
;279;149;130
;260;121;139
;313;149;164
;253;114;139
;265;121;144
;273;135;138
;256;95;161
;269;107;162
;261;104;157
;234;118;116
;277;117;160
;239;92;147
;173;78;95
;170;78;92
;163;80;83
;158;75;83
;150;65;85
;135;64;71
;119;42;77
;90;43;47
;91;31;60
;68;33;35
;91;37;54
;82;38;44
;66;21;45
;37;10;27
;39;6;33
;38;19;19
;36;9;27
;34;8;26
;35;9;26
;30;12;18
;26;5;21
;12;2;10
;11;5;6
;13;0;13
;8;2;6
;7;2;5
;3;0;3
;6;5;1
;4;3;1
;2;1;1
;4;0;4
;4;4;0
;5;0;5
;1;0;1
;3;2;1
;2;1;1
;3;3;0
;1;1;0
;4;2;2
;12;7;5
;7;6;1
;13;6;7
;24;15;9
;23;8;15
;32;20;12
;67;39;28
;70;42;28
;84;44;40
;107;62;45
;126;77;49
;148;77;71
;140;64;76
;152;89;63
;204;114;90
;242;155;87
;154;96;58
;144;85;59
;122;66;56
;184;100;84
;156;76;80
;149;83;66
;139;80;59
;145;81;64
;166;77;89
;157;86;71
;157;86;71
;179;78;101
;185;90;95
;213;99;114
;211;109;102
;191;98;93
;227;97;130
;193;93;100
;191;74;117
;224;109;115
;200;105;95
;201;112;89
;183;93;90
;253;136;117
;234;124;110
;207;102;105
;219;129;90
;236;124;112
;236;131;105
;270;114;156
;238;127;111
;285;127;158
;291;142;149
;281;129;152
;293;141;152
;300;128;172
;250;106;144
;266;118;148
;189;79;110
;235;98;137
;197;102;95
;154;73;81
;182;76;106
;158;67;91
;173;76;97
;179;62;117
;116;41;75
;94;35;59
;101;33;68
;93;39;54
;68;23;45
;92;39;53
;80;33;47
;90;36;54
;78;42;36
;64;30;34
;55;19;36
;40;21;19
;27;12;15
;30;9;21
;29;18;11
;31;12;19
;16;6;10
;29;10;19
;18;3;15
;16;7;9
;7;2;5
;11;0;11
;5;3;2
;6;2;4
;14;0;14
;3;1;2
;0;0;0
;5;3;2
;0;0;0
;3;2;1
;6;2;4
;5;5;0
;2;2;0
;7;3;4
;6;6;0
;7;3;4
;10;5;5
;30;18;12
;28;11;17
;42;28;14
;62;37;25
;62;37;25
;66;28;38
;105;66;39
;134;82;52
;190;110;80
;155;82;73
;152;87;65
;210;108;102
;256;140;116
;145;78;67
;166;108;58
;126;69;57
;186;119;67
;134;47;87
;149;88;61
;141;78;63
;169;89;80
;157;84;73
;181;95;86
;157;77;80
;200;101;99
;162;73;89
;209;105;104
;163;70;93
;237;119;118
;208;100;108
;185;77;108
;194;104;90
;182;104;78
;217;124;93
;225;104;121
;184;92;92
;230;118;112
;230;102;128
;231;116;115
;200;88;112
;241;100;141
;237;113;124
;242;122;120
;262;132;130
;260;144;116
;266;127;139
;254;125;129
;258;121;137
;316;160;156
;278;116;162
;258;132;126
;206;97;109
;211;82;129
;194;92;102
;203;103;100
;202;90;112
;170;71;99
;164;78;86
;153;67;86
;118;40;78
;119;48;71
;101;35;66
;101;37;64
;105;46;59
;94;35;59
;86;35;51
;68;29;39
;67;16;51
;59;20;39
;43;15;28
;49;5;44
;48;15;33
;30;10;20
;31;12;19
;23;5;18
;21;9;12
;14;4;10
;13;3;10
;12;1;11
;11;6;5
;10;3;7
;4;1;3
;4;0;4
;4;3;1
;11;4;7
;3;0;3
;4;1;3
;2;0;2
;4;2;2
;5;3;2
;7;3;4
;7;6;1
;3;0;3
;5;4;1
;2;0;2
;14;7;7
;21;14;7
;21;11;10
;45;27;18
;54;33;21
;50;30;20
;59;37;22
;78;39;39
;117;66;51
;168;105;63
;155;83;72
;160;93;67
;171;100;71
;233;130;103
;128;67;61
;185;129;56
;166;88;78
;157;96;61
;182;98;84
;184;108;76
;147;91;56
;156;82;74
;186;107;79
;180;104;76
;191;118;73
;215;118;97
;203;89;114
;221;108;113
;208;83;125
;211;109;102
;212;90;122
;183;96;87
;203;102;101
;202;76;126
;220;107;113
;230;112;118
;243;117;126
;275;146;129
;265;120;145
;236;140;96
;230;110;120
;214;116;98
;244;132;112
;208;113;95
;184;91;93
;244;111;133
;238;108;130
;202;94;108
;246;118;128
;234;95;139
;224;94;130
;231;108;123
;218;84;134
;209;111;98
;165;83;82
;183;87;96
;181;79;102
;140;76;64
;159;67;92
;120;51;69
;124;54;70
;125;56;69
;86;32;54
;61;28;33
;64;30;34
;63;31;32
;74;35;39
;68;20;48
;64;24;40
;67;23;44
;60;30;30
;49;18;31
;51;22;29
;41;22;19
;38;11;27
;45;24;21
;31;11;20
;35;14;21
;43;24;19
;35;8;27
;33;13;20
;22;9;13
;14;4;10
;12;2;10
;19;9;10
;13;3;10
;7;1;6
;27;9;18
;5;0;5
;12;2;10
;12;4;8
;7;2;5
;0;0;0
;5;1;4
;4;4;0
;2;2;0
;12;9;3
;13;6;7
;8;3;5
;12;7;5
;10;6;4
;17;12;5
;19;8;11
;25;13;12
;32;17;15
;22;13;9
;37;17;20
;43;29;14
;71;38;33
;80;41;39
;71;34;37
;87;53;34
;166;111;55
;188;112;76
;162;78;84
;181;99;82
;180;98;82
;226;132;94
;199;97;102
;225;93;132
;203;122;81
;213;104;109
;174;97;77
;190;98;92
;154;80;74
;165;81;84
;201;100;101
;181;100;81
;214;108;106
;189;78;111
;212;98;114
;257;135;122
;208;118;90
;252;131;121
;218;116;102
;229;120;109
;172;85;87
;176;88;88
;206;77;129
;183;90;93
;164;84;80
;174;69;105
;193;66;127
;189;86;103
;176;75;101
;212;91;121
;203;72;131
;196;90;106
;166;63;103
;176;74;102
;184;92;92
;146;70;76
;176;74;102
;146;66;80
;129;65;64
;107;53;54
;105;50;55
;82;37;45
;88;46;42
;89;38;51
;75;32;43
;83;35;48
;56;26;30
;66;32;34
;48;19;29
;62;18;44
;60;23;37
;59;22;37
;56;21;35
;36;12;24
;36;14;22
;56;20;36
;42;14;28
;30;13;17
;31;7;24
;48;18;30
;37;14;23
;21;4;17
;21;9;12
;11;3;8
;24;10;14
;12;3;9
;18;11;7
;18;12;6
;10;2;8
;11;7;4
;10;4;6
;8;4;4
;8;3;5
;8;4;4
;6;4;2
;6;4;2
;4;1;3
;11;8;3
;8;6;2
;5;5;0
;10;3;7
;11;8;3
;14;8;6
;18;8;10
;19;8;11
;13;9;4
;22;12;10
;23;8;15
;35;24;11
;54;26;28
;47;23;24
;53;35;18
;119;53;66
;93;53;40
;92;51;41
;74;43;31
;91;54;37
;128;53;75
;145;67;78
;105;45;60
;139;85;54
;110;60;50
;107;53;54
;131;59;72
;121;59;62
;150;73;77
;140;79;61
;149;75;74
;142;75;67
;165;89;76
;155;73;82
;156;81;75
;149;69;80
;173;95;78
;174;101;73
;185;93;92
;156;84;72
;129;64;65
;145;70;75
;156;78;78
;170;81;89
;137;63;74
;145;95;50
;161;62;99
;153;81;72
;168;71;97
;180;77;103
;181;112;69
;191;103;88
;188;85;103
;125;63;62
;113;54;59
;129;59;70
;147;62;85
;113;43;70
;84;32;52
;67;25;42
;64;31;33
;64;22;42
;39;13;26
;42;23;19
;41;15;26
;46;23;23
;26;12;14
;22;8;14
;22;9;13
;16;4;12
;21;6;15
;18;6;12
;9;2;7
;13;6;7
;9;4;5
;12;3;9
;7;3;4
;6;3;3
;4;1;3
;5;3;2
;5;3;2
;0;0;0
;1;1;0
;3;2;1
;2;0;2
;0;0;0
;1;1;0
;0;0;0
;2;2;0
;0;0;0
;0;0;0
;1;1;0
;4;4;0
;2;2;0
;3;1;2
;15;5;10
;35;23;12
;24;15;9
;37;25;12
;69;42;27
;67;43;24
;90;43;47
;129;80;49
;164;82;82
;255;136;119
;215;79;136
;251;124;127
;174;102;72
;266;151;115
;279;214;65
;423;340;83
;163;87;76
;167;97;70
;140;68;72
;170;96;74
;179;106;73
;156;95;61
;176;81;95
;191;105;86
;196;124;72
;199;113;86
;205;119;86
;215;122;93
;258;156;102
;257;123;134
;548;115;433
;227;91;136
;266;124;142
;319;154;165
;264;136;128
;277;127;150
;282;148;134
;298;123;175
;274;135;139
;280;124;156
;281;126;155
;290;112;178
;332;144;188
;309;136;173
;307;122;185
;326;153;173
;337;130;207
;338;144;194
;259;100;159
;305;134;171
;316;129;187
;315;140;175
;272;125;147
;258;93;165
;227;109;118
;231;101;130
;210;86;124
;196;81;115
;149;61;88
;174;73;101
;118;50;68
;80;23;57
;77;31;46
;92;42;50
;78;37;41
;94;44;50
;70;28;42
;60;20;40
;54;20;34
;43;16;27
;39;24;15
;23;8;15
;29;7;22
;16;8;8
;25;8;17
;18;4;14
;12;3;9
;11;2;9
;8;0;8
;5;1;4
;2;0;2
;3;2;1
;3;2;1
;3;1;2
;0;0;0
;7;0;7
;0;0;0
;1;1;0
;0;0;0
;2;1;1
;2;0;2
;1;1;0
;2;1;1
;5;4;1
;6;4;2
;8;3;5
;24;10;14
;34;24;10
;24;19;5
;45;29;16
;52;26;26
;96;59;37
;105;45;60
;270;193;77
;540;360;180
;271;167;104
;206;123;83
;286;148;138
;218;109;109
;243;140;103
;211;118;93
;225;127;98
;202;119;83
;186;107;79
;162;83;79
;184;105;79
;170;71;99
;228;128;100
;235;107;128
;255;135;120
;236;108;128
;225;115;110
;255;112;143
;262;131;131
;215;95;120
;252;116;136
;486;201;285
;298;138;160
;265;126;139
;265;150;115
;282;111;171
;295;139;156
;286;140;146
;298;124;174
;299;144;155
;378;177;201
;400;162;238
;325;157;168
;304;144;160
;354;174;180
;336;133;203
;377;159;218
;344;145;199
;417;163;254
;301;132;169
;408;170;238
;379;137;242
;320;112;208
;324;131;193
;269;114;155
;308;125;183
;229;116;113
;218;92;126
;201;88;113
;194;82;112
;162;68;94
;152;60;92
;116;55;61
;117;49;68
;92;37;55
;86;35;51
;74;31;43
;75;23;52
;86;33;53
;73;10;63
;62;19;43
;52;21;31
;39;16;23
;43;18;25
;22;7;15
;31;6;25
;13;2;11
;16;2;14
;16;6;10
;9;2;7
;9;5;4
;3;2;1
;13;4;9
;16;7;9
;6;0;6
;6;3;3
;2;0;2
;2;0;2
;2;0;2
;3;0;3
;2;2;0
;2;2;0
;1;1;0
;3;1;2
;1;1;0
;5;5;0
;8;7;1
;19;9;10
;40;26;14
;33;23;10
;37;20;17
;48;23;25
;94;59;35
;110;63;47
;314;221;93
;544;377;167
;239;133;106
;189;99;90
;247;139;108
;221;133;88
;266;157;109
;186;106;80
;234;146;88
;227;131;96
;210;114;96
;186;86;100
;224;123;101
;209;113;96
;193;115;78
;205;93;112
;224;125;99
;221;109;112
;258;136;122
;232;116;116
;277;129;148
;282;146;136
;249;119;130
;519;187;332
;302;148;154
;248;118;130
;264;131;133
;274;122;152
;274;125;149
;295;117;178
;259;115;144
;253;103;150
;314;128;186
;426;120;306
;371;186;185
;337;142;195
;298;121;177
;326;147;179
;332;133;199
;359;152;207
;398;165;233
;372;192;180
;349;160;189
;336;122;214
;267;116;151
;282;105;177
;301;119;182
;238;93;145
;239;109;130
;204;83;121
;201;74;127
;171;60;111
;163;67;96
;152;53;99
;97;34;63
;121;48;73
;99;41;58
;100;38;62
;66;25;41
;70;27;43
;70;30;40
;50;19;31
;48;18;30
;48;18;30
;32;14;18
;31;14;17
;20;5;15
;34;9;25
;28;14;14
;19;5;14
;14;3;11
;9;3;6
;8;5;3
;9;5;4
;1;0;1
;4;2;2
;3;2;1
;5;0;5
;6;1;5
;1;1;0
;1;1;0
;2;0;2
;1;0;1
;2;1;1
;0;0;0
;3;1;2
;2;0;2
;7;5;2
;4;4;0
;24;14;10
;42;31;11
;32;22;10
;46;28;18
;57;26;31
;77;49;28
;113;67;46
;304;212;92
;533;351;182
;297;178;119
;211;117;94
;204;131;73
;236;145;91
;272;167;105
;191;110;81
;275;170;105
;203;101;102
;190;101;89
;194;104;90
;180;94;86
;144;81;63
;203;103;100
;199;93;106
;238;122;116
;172;96;76
;220;117;103
;202;98;104
;238;96;142
;239;105;134
;252;141;111
;506;186;320
;323;180;143
;282;130;152
;294;140;154
;297;114;183
;288;131;157
;248;117;131
;329;158;171
;296;133;163
;297;141;156
;415;157;258
;335;177;158
;326;134;192
;356;166;190
;346;146;200
;353;165;188
;352;155;197
;419;175;244
;370;153;217
;359;162;197
;318;120;198
;299;110;189
;252;91;161
;295;128;167
;252;97;155
;256;115;141
;253;102;151
;192;86;106
;191;92;99
;184;82;102
;122;57;65
;127;49;78
;114;44;70
;88;26;62
;89;42;47
;87;40;47
;96;32;64
;76;22;54
;64;20;44
;57;10;47
;63;22;41
;39;13;26
;36;14;22
;35;12;23
;25;13;12
;22;7;15
;25;9;16
;13;8;5
;11;3;8
;16;11;5
;7;3;4
;13;7;6
;11;4;7
;2;0;2
;7;3;4
;9;1;8
;3;2;1
;7;5;2
;2;0;2
;3;1;2
;1;1;0
;0;0;0
;5;2;3
;3;2;1
;1;1;0
;6;5;1
;17;9;8
;25;18;7
;28;17;11
;37;25;12
;41;17;24
;68;43;25
;89;46;43
;258;186;72
;557;395;162
;244;150;94
;180;96;84
;236;125;111
;234;137;97
;212;125;87
;171;111;60
;246;151;95
;203;121;82
;184;117;67
;186;103;83
;225;125;100
;204;119;85
;204;114;90
;231;119;112
;272;141;131
;218;107;111
;216;108;108
;257;106;151
;321;161;160
;300;163;137
;292;128;164
;449;136;313
;324;120;204
;252;110;142
;262;134;128
;333;152;181
;254;125;129
;263;123;140
;300;147;153
;273;144;129
;300;151;149
;284;126;158
;296;100;196
;277;145;132
;257;114;143
;243;118;125
;252;112;140
;288;137;151
;271;113;158
;296;142;154
;318;157;161
;284;119;165
;270;126;144
;235;106;129
;223;112;111
;220;89;131
;216;99;117
;177;87;90
;193;91;102
;145;61;84
;120;46;74
;101;42;59
;89;41;48
;107;41;66
;82;34;48
;101;46;55
;82;32;50
;83;20;63
;77;29;48
;80;23;57
;74;16;58
;54;21;33
;44;13;31
;55;23;32
;64;24;40
;50;18;32
;50;21;29
;26;5;21
;38;11;27
;30;14;16
;27;12;15
;26;13;13
;24;3;21
;25;8;17
;12;2;10
;14;2;12
;18;2;16
;7;1;6
;23;6;17
;7;1;6
;5;2;3
;6;2;4
;6;2;4
;7;4;3
;3;2;1
;11;3;8
;12;5;7
;3;1;2
;15;12;3
;9;7;2
;19;18;1
;11;7;4
;22;11;11
;19;8;11
;16;9;7
;32;12;20
;32;18;14
;34;13;21
;50;29;21
;69;23;46
;96;62;34
;89;54;35
;121;65;56
;136;86;50
;160;90;70
;151;77;74
;159;87;72
;168;86;82
;189;115;74
;178;108;70
;152;71;81
;187;100;87
;216;129;87
;187;92;95
;293;206;87
;202;102;100
;230;138;92
;192;93;99
;234;115;119
;196;100;96
;211;96;115
;217;89;128
;195;95;100
;219;99;120
;266;134;132
;228;110;118
;243;125;118
;249;122;127
;232;103;129
;237;121;116
;197;83;114
;262;113;149
;240;100;140
;250;107;143
;191;78;113
;227;87;140
;221;105;116
;252;123;129
;213;81;132
;195;90;105
;146;68;78
;170;82;88
;177;62;115
;118;53;65
;142;56;86
;131;63;68
;123;63;60
;102;44;58
;82;38;44
;84;45;39
;78;30;48
;66;28;38
;50;23;27
;58;26;32
;64;31;33
;61;25;36
;45;16;29
;53;27;26
;42;21;21
;32;9;23
;78;26;52
;49;29;20
;35;14;21
;40;19;21
;34;8;26
;50;22;28
;27;6;21
;18;6;12
;30;5;25
;32;14;18
;23;8;15
;20;9;11
;21;10;11
;26;14;12
;16;6;10
;17;4;13
;9;4;5
;18;7;11
;14;1;13
;6;2;4
;5;2;3
;3;1;2
;4;0;4
;7;2;5
;9;3;6
;8;8;0
;10;8;2
;7;3;4
;15;11;4
;9;5;4
;15;11;4
;15;7;8
;22;13;9
;16;7;9
;19;9;10
;41;19;22
;51;27;24
;78;46;32
;66;34;32
;78;42;36
;85;47;38
;67;40;27
;104;64;40
;93;58;35
;90;40;50
;114;56;58
;92;49;43
;137;71;66
;129;69;60
;143;65;78
;171;91;80
;133;72;61
;150;80;70
;141;68;73
;146;81;65
;184;67;117
;188;111;77
;183;86;97
;188;93;95
;193;103;90
;189;70;119
;219;93;126
;222;91;131
;178;94;84
;203;101;102
;181;90;91
;188;86;102
;185;91;94
;195;98;97
;191;101;90
;204;85;119
;212;100;112
;178;91;87
;177;79;98
;178;85;93
;200;97;103
;157;78;79
;147;68;79
;121;54;67
;124;50;74
;98;50;48
;126;43;83
;93;41;52
;58;28;30
;53;15;38
;56;22;34
;45;19;26
;65;27;38
;34;12;22
;49;22;27
;40;19;21
;48;11;37
;33;14;19
;22;13;9
;23;14;9
;20;8;12
;16;3;13
;7;2;5
;8;4;4
;8;3;5
;5;4;1
;8;4;4
;2;1;1
;0;0;0
;7;5;2
;3;2;1
;1;0;1
;1;0;1
;1;1;0
;0;0;0
;2;2;0
;0;0;0
;4;1;3
;0;0;0
;2;2;0
;3;3;0
;3;2;1
;5;4;1
;7;4;3
;15;7;8
;33;21;12
;29;22;7
;46;30;16
;51;33;18
;72;43;29
;120;61;59
;265;179;86
;548;372;176
;264;155;109
;178;105;73
;237;138;99
;228;125;103
;232;138;94
;179;93;86
;282;175;107
;182;100;82
;190;108;82
;150;81;69
;198;110;88
;168;96;72
;197;115;82
;256;100;156
;229;127;102
;229;127;102
;200;98;102
;235;97;138
;218;105;113
;241;103;138
;266;125;141
;447;122;325
;278;144;134
;279;151;128
;288;156;132
;310;125;185
;291;146;145
;266;131;135
;287;145;142
;288;150;138
;304;131;173
;492;213;279
;362;167;195
;367;173;194
;331;151;180
;350;168;182
;295;153;142
;362;137;225
;401;174;227
;342;151;191
;339;152;187
;330;127;203
;275;134;141
;260;93;167
;253;97;156
;199;96;103
;212;81;131
;200;79;121
;183;71;112
;134;64;70
;148;64;84
;109;45;64
;113;56;57
;98;40;58
;80;32;48
;79;34;45
;63;28;35
;53;23;30
;57;17;40
;53;14;39
;42;21;21
;40;10;30
;30;4;26
;20;6;14
;17;6;11
;17;4;13
;11;4;7
;12;4;8
;15;4;11
;10;3;7
;13;3;10
;3;2;1
;0;0;0
;4;1;3
;3;0;3
;1;0;1
;3;1;2
;3;1;2
;3;1;2
;3;1;2
;3;3;0
;1;0;1
;2;1;1
;4;3;1
;2;2;0
;5;3;2
;7;2;5
;24;15;9
;35;20;15
;25;17;8
;35;21;14
;76;42;34
;80;48;32
;96;51;45
;265;187;78
;573;403;170
;283;163;120
;172;101;71
;264;148;116
;244;150;94
;260;151;109
;170;97;73
;238;139;99
;208;119;89
;192;118;74
;157;87;70
;154;74;80
;171;84;87
;248;147;101
;241;132;109
;215;107;108
;220;101;119
;184;83;101
;205;104;101
;232;104;128
;263;124;139
;255;107;148
;440;114;326
;281;147;134
;239;118;121
;289;154;135
;297;128;169
;259;140;119
;269;124;145
;302;130;172
;248;111;137
;286;144;142
;402;193;209
;327;151;176
;299;140;159
;283;147;136
;359;181;178
;351;154;197
;393;163;230
;330;134;196
;327;159;168
;349;165;184
;266;114;152
;289;117;172
;289;118;171
;303;136;167
;208;87;121
;245;97;148
;195;89;106
;176;82;94
;169;62;107
;175;67;108
;116;51;65
;89;43;46
;81;30;51
;97;37;60
;95;30;65
;90;35;55
;69;23;46
;72;31;41
;42;10;32
;35;15;20
;50;14;36
;21;5;16
;31;18;13
;18;9;9
;15;6;9
;12;6;6
;19;9;10
;21;6;15
;7;2;5
;8;3;5
;6;5;1
;4;3;1
;14;11;3
;3;1;2
;3;2;1
;4;1;3
;6;4;2
;3;3;0
;5;1;4
;2;2;0
;1;1;0
;2;1;1
;1;1;0
;4;4;0
;4;4;0
;5;2;3
;21;12;9
;28;21;7
;26;16;10
;46;26;20
;61;38;23
;78;51;27
;107;62;45
;299;200;99
;526;349;177
;271;157;114
;149;83;66
;231;132;99
;218;143;75
;224;128;96
;156;79;77
;216;140;76
;155;92;63
;176;119;57
;160;89;71
;153;80;73
;166;105;61
;158;89;69
;196;99;97
;199;108;91
;127;60;67
;150;69;81
;162;76;86
;211;92;119
;179;97;82
;191;92;99
;447;162;285
;272;105;167
;207;115;92
;250;141;109
;192;90;102
;221;101;120
;182;94;88
;255;131;124
;228;120;108
;261;99;162
;386;124;262
;319;140;179
;289;149;140
;298;143;155
;324;148;176
;297;131;166
;325;155;170
;319;166;153
;294;129;165
;303;149;154
;288;134;154
;266;121;145
;261;100;161
;232;109;123
;229;88;141
;193;117;76
;169;72;97
;152;67;85
;145;49;96
;127;53;74
;131;46;85
;71;39;32
;71;34;37
;95;37;58
;66;30;36
;67;29;38
;71;28;43
;66;22;44
;51;22;29
;52;25;27
;36;7;29
;49;15;34
;34;14;20
;39;13;26
;28;10;18
;18;8;10
;14;4;10
;13;4;9
;12;3;9
;9;0;9
;5;3;2
;3;1;2
;4;3;1
;7;5;2
;6;4;2
;1;0;1
;3;1;2
;2;0;2
;2;1;1
;2;2;0
;2;1;1
;7;4;3
;2;1;1
;3;3;0
;4;4;0
;5;4;1
;21;13;8
;24;16;8
;23;13;10
;37;28;9
;44;24;20
;52;33;19
;86;46;40
;250;163;87
;409;261;148
;208;121;87
;154;85;69
;185;100;85
;227;128;99
;222;126;96
;156;88;68
;221;120;101
;157;79;78
;160;98;62
;145;76;69
;130;71;59
;141;79;62
;161;97;64
;162;83;79
;152;74;78
;165;102;63
;164;87;77
;167;76;91
;188;87;101
;190;80;110
;198;96;102
;305;91;214
;211;104;107
;187;90;97
;247;126;121
;239;104;135
;289;140;149
;213;104;109
;216;110;106
;216;95;121
;287;141;146
;381;189;192
;295;138;157
;294;137;157
;266;132;134
;283;138;145
;283;140;143
;284;118;166
;305;136;169
;245;144;101
;239;105;134
;271;102;169
;241;114;127
;231;100;131
;223;83;140
;228;90;138
;159;66;93
;104;41;63
;117;42;75
;118;53;65
;98;41;57
;70;30;40
;57;24;33
;39;13;26
;56;26;30
;46;14;32
;60;22;38
;56;18;38
;45;15;30
;35;12;23
;44;16;28
;37;15;22
;15;3;12
;11;8;3
;21;4;17
;17;7;10
;16;4;12
;11;2;9
;19;10;9
;13;3;10
;3;0;3
;1;0;1
;2;2;0
;4;1;3
;1;0;1
;3;1;2
;1;1;0
;2;0;2
;2;1;1
;2;1;1
;3;3;0
;4;1;3
;2;1;1
;5;4;1
;4;3;1
;6;6;0
;4;1;3
;17;12;5
;27;21;6
;21;13;8
;37;25;12
;38;24;14
;67;35;32
;66;32;34
;201;139;62
;412;288;124
;181;104;77
;134;71;63
;169;83;86
;137;86;51
;166;101;65
;120;83;37
;132;96;36
;129;70;59
;101;54;47
;100;55;45
;116;68;48
;95;53;42
;117;67;50
;145;64;81
;191;119;72
;190;105;85
;120;51;69
;158;71;87
;131;41;90
;108;45;63
;203;97;106
;386;105;281
;205;93;112
;165;70;95
;157;72;85
;255;95;160
;152;77;75
;114;47;67
;133;49;84
;115;38;77
;123;58;65
;133;51;82
;159;66;93
;128;61;67
;119;58;61
;133;70;63
;155;72;83
;124;61;63
;173;81;92
;160;85;75
;159;67;92
;150;62;88
;124;49;75
;145;64;81
;160;67;93
;128;60;68
;109;51;58
;93;42;51
;111;62;49
;89;33;56
;85;41;44
;73;30;43
;54;27;27
;66;25;41
;36;14;22
;46;24;22
;43;22;21
;40;22;18
;36;16;20
;38;12;26
;29;6;23
;31;9;22
;35;9;26
;26;16;10
;38;14;24
;20;10;10
;37;11;26
;25;6;19
;20;4;16
;29;5;24
;22;8;14
;27;9;18
;14;1;13
;11;2;9
;8;2;6
;7;4;3
;20;7;13
;14;6;8
;10;2;8
;7;3;4
;7;1;6
;8;5;3
;2;2;0
;4;2;2
;3;2;1
;2;1;1
;4;1;3
;6;3;3
;16;11;5
;9;7;2
;10;9;1
;15;10;5
;12;7;5
;11;8;3
;19;7;12
;19;13;6
;26;16;10
;20;13;7
;34;21;13
;58;30;28
;74;50;24
;44;29;15
;56;36;20
;71;48;23
;106;64;42
;74;38;36
;111;57;54
;104;64;40
;130;73;57
;90;54;36
;92;57;35
;100;55;45
;117;59;58
;99;39;60
;96;42;54
;103;36;67
;95;50;45
;91;45;46
;99;48;51
;110;51;59
;96;57;39
;94;47;47
;102;38;64
;97;48;49
;123;54;69
;104;43;61
;96;36;60
;96;53;43
;87;41;46
;73;37;36
;89;36;53
;86;38;48
;78;34;44
;92;42;50
;86;38;48
;89;37;52
;82;39;43
;101;49;52
;117;58;59
;71;30;41
;91;47;44
;70;22;48
;55;21;34
;57;29;28
;62;41;21
;63;30;33
;65;28;37
;51;26;25
;65;31;34
;43;17;26
;40;21;19
;25;12;13
;34;17;17
;33;19;14
;24;8;16
;21;8;13
;37;17;20
;26;8;18
;29;11;18
;25;10;15
;30;14;16
;41;14;27
;32;14;18
;19;5;14
;11;2;9
;20;3;17
;18;2;16
;13;7;6
;11;1;10
;20;10;10
;9;1;8
;3;0;3
;17;7;10
;18;5;13
;7;4;3
;9;3;6
;9;3;6
;5;1;4
;6;1;5
;10;0;10
;8;6;2
;0;0;0
;1;0;1
;7;1;6
;6;1;5
;7;7;0
;9;8;1
;8;6;2
;15;8;7
;8;6;2
;13;8;5
;11;3;8
;10;5;5
;19;6;13
;17;11;6
;27;16;11
;29;17;12
;30;11;19
;39;24;15
;53;35;18
;78;43;35
;72;32;40
;58;29;29
;89;63;26
;81;40;41
;89;52;37
;83;35;48
;114;57;57
;77;43;34
;92;64;28
;103;44;59
;108;54;54
;93;45;48
;110;61;49
;101;53;48
;96;45;51
;136;66;70
;129;65;64
;120;65;55
;136;81;55
;134;59;75
;102;50;52
;108;56;52
;135;62;73
;142;69;73
;151;76;75
;152;83;69
;131;62;69
;144;68;76
;151;68;83
;146;60;86
;139;64;75
;129;64;65
;122;54;68
;125;69;56
;75;30;45
;133;65;68
;78;34;44
;64;22;42
;71;43;28
;51;20;31
;71;26;45
;53;14;39
;43;15;28
;41;13;28
;41;10;31
;31;9;22
;53;26;27
;35;10;25
;20;3;17
;26;11;15
;27;11;16
;16;5;11
;22;3;19
;17;6;11
;14;3;11
;6;0;6
;13;6;7
;8;1;7
;10;2;8
;4;2;2
;4;0;4
;1;0;1
;3;0;3
;7;7;0
;1;1;0
;0;0;0
;1;1;0
;2;0;2
;2;0;2
;0;0;0
;2;0;2
;0;0;0
;0;0;0
;1;1;0
;3;3;0
;5;5;0
;3;3;0
;5;2;3
;9;5;4
;28;19;9
;22;12;10
;42;31;11
;54;34;20
;69;40;29
;100;52;48
;217;139;78
;548;392;156
;225;142;83
;180;95;85
;225;124;101
;208;119;89
;196;127;69
;155;74;81
;206;129;77
;140;65;75
;162;87;75
;137;75;62
;142;70;72
;141;70;71
;139;79;60
;177;83;94
;180;93;87
;144;76;68
;176;94;82
;179;92;87
;186;92;94
;170;68;102
;193;94;99
;424;137;287
;217;87;130
;220;105;115
;226;122;104
;256;133;123
;211;105;106
;228;118;110
;237;103;134
;244;123;121
;260;122;138
;399;166;233
;293;141;152
;264;108;156
;337;165;172
;271;118;153
;275;121;154
;300;127;173
;318;145;173
;278;107;171
;306;126;180
;253;97;156
;258;109;149
;201;73;128
;214;93;121
;188;81;107
;147;81;66
;135;53;82
;112;43;69
;110;47;63
;120;47;73
;83;39;44
;57;25;32
;60;23;37
;72;27;45
;66;30;36
;50;23;27
;54;27;27
;66;24;42
;42;15;27
;38;14;24
;19;6;13
;13;2;11
;24;15;9
;8;2;6
;18;4;14
;10;2;8
;9;3;6
;6;3;3
;14;8;6
;6;0;6
;5;1;4
;8;2;6
;0;0;0
;3;3;0
;0;0;0
;0;0;0
;4;1;3
;5;0;5
;1;0;1
;0;0;0
;0;0;0
;2;1;1
;4;4;0
;7;5;2
;2;2;0
;3;1;2
;10;5;5
;33;27;6
;24;17;7
;41;29;12
;52;30;22
;69;37;32
;109;68;41
;216;132;84
;493;335;158
;259;153;106
;189;101;88
;228;138;90
;212;122;90
;208;135;73
;188;98;90
;210;124;86
;152;83;69
;153;106;47
;111;62;49
;99;57;42
;118;73;45
;136;81;55
;130;56;74
;165;79;86
;137;72;65
;133;62;71
;146;57;89
;168;64;104
;145;73;72
;162;77;85
;315;75;240
;219;105;114
;165;75;90
;195;103;92
;195;64;131
;149;85;64
;153;79;74
;235;114;121
;172;79;93
;219;106;113
;323;146;177
;286;144;142
;224;129;95
;238;107;131
;268;133;135
;239;124;115
;287;126;161
;295;106;189
;243;102;141
;287;109;178
;232;89;143
;251;114;137
;194;78;116
;197;74;123
;202;80;122
;175;76;99
;133;45;88
;124;74;50
;115;50;65
;130;44;86
;86;43;43
;77;45;32
;73;34;39
;74;29;45
;75;25;50
;70;34;36
;58;21;37
;64;23;41
;46;16;30
;27;9;18
;42;13;29
;27;7;20
;29;5;24
;21;10;11
;25;9;16
;18;5;13
;23;4;19
;12;1;11
;18;9;9
;8;4;4
;5;3;2
;4;0;4
;4;2;2
;7;5;2
;2;1;1
;3;0;3
;2;1;1
;2;0;2
;4;0;4
;1;1;0
;1;1;0
;0;0;0
;2;2;0
;7;5;2
;7;7;0
;5;0;5
;21;15;6
;30;20;10
;29;23;6
;35;22;13
;60;31;29
;66;41;25
;92;47;45
;264;180;84
;493;333;160
;254;160;94
;180;97;83
;246;129;117
;242;154;88
;242;157;85
;145;91;54
;218;159;59
;148;90;58
;177;118;59
;154;90;64
;173;94;79
;125;70;55
;144;83;61
;185;95;90
;206;99;107
;189;107;82
;173;84;89
;193;87;106
;223;94;129
;231;110;121
;236;99;137
;491;189;302
;248;130;118
;207;85;122
;251;130;121
;281;115;166
;218;113;105
;225;108;117
;299;134;165
;305;148;157
;278;126;152
;393;162;231
;330;126;204
;289;133;156
;308;146;162
;279;131;148
;386;178;208
;298;137;161
;372;186;186
;304;141;163
;336;140;196
;341;152;189
;251;118;133
;262;97;165
;251;95;156
;202;78;124
;184;82;102
;184;92;92
;160;75;85
;169;79;90
;129;55;74
;120;51;69
;99;43;56
;103;46;57
;82;32;50
;72;20;52
;62;32;30
;52;22;30
;67;25;42
;75;35;40
;51;18;33
;52;12;40
;40;19;21
;37;7;30
;23;10;13
01.10.2020 00:00;24;7;17
01.10.2020 00:15;25;9;16
01.10.2020 00:30;16;10;6
01.10.2020 00:45;10;3;7
01.10.2020 01:00;12;7;5
01.10.2020 01:15;9;4;5
01.10.2020 01:30;1;1;0
01.10.2020 01:45;7;4;3
01.10.2020 02:00;3;1;2
01.10.2020 02:15;6;2;4
01.10.2020 02:30;5;2;3
01.10.2020 02:45;1;1;0
01.10.2020 03:00;1;0;1
01.10.2020 03:15;0;0;0
01.10.2020 03:30;3;1;2
01.10.2020 03:45;2;0;2
01.10.2020 04:00;0;0;0
01.10.2020 04:15;1;1;0
01.10.2020 04:30;1;1;0
01.10.2020 04:45;2;1;1
01.10.2020 05:00;3;3;0
01.10.2020 05:15;7;5;2
01.10.2020 05:30;18;10;8
01.10.2020 05:45;33;22;11
01.10.2020 06:00;26;15;11
01.10.2020 06:15;35;23;12
01.10.2020 06:30;54;29;25
01.10.2020 06:45;77;42;35
01.10.2020 07:00;90;38;52
01.10.2020 07:15;273;201;72
01.10.2020 07:30;473;316;157
01.10.2020 07:45;256;159;97
01.10.2020 08:00;203;107;96
01.10.2020 08:15;209;106;103
01.10.2020 08:30;233;151;82
01.10.2020 08:45;240;156;84
01.10.2020 09:00;151;86;65
01.10.2020 09:15;231;138;93
01.10.2020 09:30;176;99;77
01.10.2020 09:45;157;82;75
01.10.2020 10:00;131;67;64
01.10.2020 10:15;116;69;47
01.10.2020 10:30;147;69;78
01.10.2020 10:45;181;102;79
01.10.2020 11:00;200;85;115
01.10.2020 11:15;177;88;89
01.10.2020 11:30;164;84;80
01.10.2020 11:45;186;98;88
01.10.2020 12:00;177;86;91
01.10.2020 12:15;189;89;100
01.10.2020 12:30;199;88;111
01.10.2020 12:45;206;95;111
01.10.2020 13:00;341;106;235
01.10.2020 13:15;236;93;143
01.10.2020 13:30;212;103;109
01.10.2020 13:45;277;160;117
01.10.2020 14:00;293;87;206
01.10.2020 14:15;226;115;111
01.10.2020 14:30;229;112;117
01.10.2020 14:45;226;103;123
01.10.2020 15:00;210;98;112
01.10.2020 15:15;228;101;127
01.10.2020 15:30;399;202;197
01.10.2020 15:45;300;137;163
01.10.2020 16:00;278;129;149
01.10.2020 16:15;289;153;136
01.10.2020 16:30;318;158;160
01.10.2020 16:45;263;125;138
01.10.2020 17:00;323;121;202
01.10.2020 17:15;338;133;205
01.10.2020 17:30;275;142;133
01.10.2020 17:45;281;122;159
01.10.2020 18:00;267;114;153
01.10.2020 18:15;238;102;136
01.10.2020 18:30;229;87;142
01.10.2020 18:45;255;120;135
01.10.2020 19:00;208;81;127
01.10.2020 19:15;169;65;104
01.10.2020 19:30;135;60;75
01.10.2020 19:45;173;64;109
01.10.2020 20:00;130;66;64
01.10.2020 20:15;138;59;79
01.10.2020 20:30;92;34;58
01.10.2020 20:45;82;38;44
01.10.2020 21:00;62;24;38
01.10.2020 21:15;61;25;36
01.10.2020 21:30;58;24;34
01.10.2020 21:45;69;21;48
01.10.2020 22:00;75;30;45
01.10.2020 22:15;80;27;53
01.10.2020 22:30;71;22;49
01.10.2020 22:45;46;12;34
01.10.2020 23:00;40;17;23
01.10.2020 23:15;26;9;17
01.10.2020 23:30;23;9;14
01.10.2020 23:45;21;5;16
02.10.2020 00:00;19;6;13
02.10.2020 00:15;27;12;15
02.10.2020 00:30;8;3;5
02.10.2020 00:45;15;5;10
02.10.2020 01:00;17;7;10
02.10.2020 01:15;6;1;5
02.10.2020 01:30;8;3;5
02.10.2020 01:45;8;1;7
02.10.2020 02:00;7;1;6
02.10.2020 02:15;3;2;1
02.10.2020 02:30;2;2;0
02.10.2020 02:45;1;1;0
02.10.2020 03:00;3;0;3
02.10.2020 03:15;4;0;4
02.10.2020 03:30;1;0;1
02.10.2020 03:45;5;1;4
02.10.2020 04:00;2;1;1
02.10.2020 04:15;1;0;1
02.10.2020 04:30;1;1;0
02.10.2020 04:45;3;3;0
02.10.2020 05:00;10;7;3
02.10.2020 05:15;5;2;3
02.10.2020 05:30;11;3;8
02.10.2020 05:45;22;16;6
02.10.2020 06:00;21;14;7
02.10.2020 06:15;32;24;8
02.10.2020 06:30;44;27;17
02.10.2020 06:45;85;43;42
02.10.2020 07:00;74;40;34
02.10.2020 07:15;228;162;66
02.10.2020 07:30;417;290;127
02.10.2020 07:45;260;164;96
02.10.2020 08:00;179;107;72
02.10.2020 08:15;225;130;95
02.10.2020 08:30;210;123;87
02.10.2020 08:45;254;133;121
02.10.2020 09:00;163;93;70
02.10.2020 09:15;215;140;75
02.10.2020 09:30;154;81;73
02.10.2020 09:45;171;101;70
02.10.2020 10:00;175;100;75
02.10.2020 10:15;187;107;80
02.10.2020 10:30;188;117;71
02.10.2020 10:45;165;89;76
02.10.2020 11:00;216;109;107
02.10.2020 11:15;231;126;105
02.10.2020 11:30;194;108;86
02.10.2020 11:45;230;92;138
02.10.2020 12:00;234;90;144
02.10.2020 12:15;254;113;141
02.10.2020 12:30;256;122;134
02.10.2020 12:45;256;129;127
02.10.2020 13:00;452;154;298
02.10.2020 13:15;300;123;177
02.10.2020 13:30;216;108;108
02.10.2020 13:45;203;99;104
02.10.2020 14:00;275;94;181
02.10.2020 14:15;251;136;115
02.10.2020 14:30;210;115;95
02.10.2020 14:45;250;136;114
02.10.2020 15:00;231;121;110
02.10.2020 15:15;223;139;84
02.10.2020 15:30;254;117;137
02.10.2020 15:45;276;110;166
02.10.2020 16:00;244;104;140
02.10.2020 16:15;238;111;127
02.10.2020 16:30;224;107;117
02.10.2020 16:45;245;130;115
02.10.2020 17:00;234;109;125
02.10.2020 17:15;271;116;155
02.10.2020 17:30;243;105;138
02.10.2020 17:45;276;143;133
02.10.2020 18:00;197;71;126
02.10.2020 18:15;214;110;104
02.10.2020 18:30;209;103;106
02.10.2020 18:45;210;105;105
02.10.2020 19:00;227;105;122
02.10.2020 19:15;158;83;75
02.10.2020 19:30;127;67;60
02.10.2020 19:45;150;68;82
02.10.2020 20:00;123;53;70
02.10.2020 20:15;118;47;71
02.10.2020 20:30;99;57;42
02.10.2020 20:45;110;47;63
02.10.2020 21:00;65;32;33
02.10.2020 21:15;78;42;36
02.10.2020 21:30;83;23;60
02.10.2020 21:45;65;25;40
02.10.2020 22:00;83;42;41
02.10.2020 22:15;64;24;40
02.10.2020 22:30;63;31;32
02.10.2020 22:45;44;15;29
02.10.2020 23:00;56;19;37
02.10.2020 23:15;55;8;47
02.10.2020 23:30;36;13;23
02.10.2020 23:45;44;12;32
03.10.2020 00:00;39;15;24
03.10.2020 00:15;53;18;35
03.10.2020 00:30;41;22;19
03.10.2020 00:45;37;14;23
03.10.2020 01:00;32;11;21
03.10.2020 01:15;20;8;12
03.10.2020 01:30;26;9;17
03.10.2020 01:45;35;18;17
03.10.2020 02:00;19;6;13
03.10.2020 02:15;30;7;23
03.10.2020 02:30;20;8;12
03.10.2020 02:45;15;5;10
03.10.2020 03:00;24;8;16
03.10.2020 03:15;26;6;20
03.10.2020 03:30;9;3;6
03.10.2020 03:45;12;3;9
03.10.2020 04:00;12;5;7
03.10.2020 04:15;13;1;12
03.10.2020 04:30;9;3;6
03.10.2020 04:45;2;2;0
03.10.2020 05:00;5;2;3
03.10.2020 05:15;6;3;3
03.10.2020 05:30;8;4;4
03.10.2020 05:45;11;4;7
03.10.2020 06:00;6;5;1
03.10.2020 06:15;13;9;4
03.10.2020 06:30;7;3;4
03.10.2020 06:45;23;13;10
03.10.2020 07:00;5;2;3
03.10.2020 07:15;12;7;5
03.10.2020 07:30;13;7;6
03.10.2020 07:45;34;20;14
03.10.2020 08:00;15;7;8
03.10.2020 08:15;21;14;7
03.10.2020 08:30;24;14;10
03.10.2020 08:45;25;9;16
03.10.2020 09:00;29;16;13
03.10.2020 09:15;23;17;6
03.10.2020 09:30;23;13;10
03.10.2020 09:45;36;20;16
03.10.2020 10:00;30;18;12
03.10.2020 10:15;30;20;10
03.10.2020 10:30;27;16;11
03.10.2020 10:45;28;15;13
03.10.2020 11:00;28;12;16
03.10.2020 11:15;29;17;12
03.10.2020 11:30;30;14;16
03.10.2020 11:45;44;27;17
03.10.2020 12:00;46;15;31
03.10.2020 12:15;34;18;16
03.10.2020 12:30;40;24;16
03.10.2020 12:45;52;24;28
03.10.2020 13:00;59;32;27
03.10.2020 13:15;70;36;34
03.10.2020 13:30;100;64;36
03.10.2020 13:45;92;55;37
03.10.2020 14:00;99;64;35
03.10.2020 14:15;117;60;57
03.10.2020 14:30;128;64;64
03.10.2020 14:45;134;87;47
03.10.2020 15:00;162;77;85
03.10.2020 15:15;185;105;80
03.10.2020 15:30;172;106;66
03.10.2020 15:45;151;80;71
03.10.2020 16:00;138;85;53
03.10.2020 16:15;154;81;73
03.10.2020 16:30;168;79;89
03.10.2020 16:45;141;77;64
03.10.2020 17:00;156;57;99
03.10.2020 17:15;179;77;102
03.10.2020 17:30;165;68;97
03.10.2020 17:45;155;63;92
03.10.2020 18:00;162;74;88
03.10.2020 18:15;146;65;81
03.10.2020 18:30;131;51;80
03.10.2020 18:45;164;70;94
03.10.2020 19:00;160;74;86
03.10.2020 19:15;142;46;96
03.10.2020 19:30;110;39;71
03.10.2020 19:45;89;43;46
03.10.2020 20:00;91;46;45
03.10.2020 20:15;79;37;42
03.10.2020 20:30;42;22;20
03.10.2020 20:45;61;39;22
03.10.2020 21:00;68;37;31
03.10.2020 21:15;37;17;20
03.10.2020 21:30;43;25;18
03.10.2020 21:45;41;21;20
03.10.2020 22:00;43;19;24
03.10.2020 22:15;37;18;19
03.10.2020 22:30;55;12;43
03.10.2020 22:45;65;22;43
03.10.2020 23:00;36;19;17
03.10.2020 23:15;65;24;41
03.10.2020 23:30;40;18;22
03.10.2020 23:45;30;12;18
04.10.2020 00:00;51;19;32
04.10.2020 00:15;30;7;23
04.10.2020 00:30;36;9;27
04.10.2020 00:45;23;10;13
04.10.2020 01:00;27;12;15
04.10.2020 01:15;17;7;10
04.10.2020 01:30;37;17;20
04.10.2020 01:45;4;1;3
04.10.2020 02:00;11;5;6
04.10.2020 02:15;17;2;15
04.10.2020 02:30;31;7;24
04.10.2020 02:45;14;3;11
04.10.2020 03:00;14;3;11
04.10.2020 03:15;19;6;13
04.10.2020 03:30;10;2;8
04.10.2020 03:45;12;4;8
04.10.2020 04:00;1;0;1
04.10.2020 04:15;7;3;4
04.10.2020 04:30;5;4;1
04.10.2020 04:45;9;2;7
04.10.2020 05:00;5;0;5
04.10.2020 05:15;1;0;1
04.10.2020 05:30;9;6;3
04.10.2020 05:45;8;6;2
04.10.2020 06:00;7;4;3
04.10.2020 06:15;8;4;4
04.10.2020 06:30;6;3;3
04.10.2020 06:45;15;4;11
04.10.2020 07:00;6;3;3
04.10.2020 07:15;10;4;6
04.10.2020 07:30;13;9;4
04.10.2020 07:45;27;15;12
04.10.2020 08:00;22;5;17
04.10.2020 08:15;29;18;11
04.10.2020 08:30;20;11;9
04.10.2020 08:45;18;15;3
04.10.2020 09:00;24;13;11
04.10.2020 09:15;28;13;15
04.10.2020 09:30;44;23;21
04.10.2020 09:45;63;40;23
04.10.2020 10:00;49;29;20
04.10.2020 10:15;41;29;12
04.10.2020 10:30;69;38;31
04.10.2020 10:45;97;55;42
04.10.2020 11:00;77;41;36
04.10.2020 11:15;90;45;45
04.10.2020 11:30;116;59;57
04.10.2020 11:45;121;66;55
04.10.2020 12:00;125;55;70
04.10.2020 12:15;114;65;49
04.10.2020 12:30;113;70;43
04.10.2020 12:45;128;71;57
04.10.2020 13:00;159;76;83
04.10.2020 13:15;154;89;65
04.10.2020 13:30;135;63;72
04.10.2020 13:45;178;97;81
04.10.2020 14:00;184;77;107
04.10.2020 14:15;174;93;81
04.10.2020 14:30;194;95;99
04.10.2020 14:45;182;115;67
04.10.2020 15:00;159;96;63
04.10.2020 15:15;215;125;90
04.10.2020 15:30;176;77;99
04.10.2020 15:45;179;95;84
04.10.2020 16:00;176;85;91
04.10.2020 16:15;138;70;68
04.10.2020 16:30;188;86;102
04.10.2020 16:45;178;66;112
04.10.2020 17:00;165;68;97
04.10.2020 17:15;184;72;112
04.10.2020 17:30;153;96;57
04.10.2020 17:45;161;72;89
04.10.2020 18:00;160;64;96
04.10.2020 18:15;138;53;85
04.10.2020 18:30;118;54;64
04.10.2020 18:45;125;70;55
04.10.2020 19:00;100;39;61
04.10.2020 19:15;124;69;55
04.10.2020 19:30;93;37;56
04.10.2020 19:45;84;26;58
04.10.2020 20:00;96;42;54
04.10.2020 20:15;70;22;48
04.10.2020 20:30;66;17;49
04.10.2020 20:45;49;22;27
04.10.2020 21:00;55;25;30
04.10.2020 21:15;39;12;27
04.10.2020 21:30;40;12;28
04.10.2020 21:45;30;12;18
04.10.2020 22:00;36;7;29
04.10.2020 22:15;28;11;17
04.10.2020 22:30;37;13;24
04.10.2020 22:45;19;9;10
04.10.2020 23:00;19;5;14
04.10.2020 23:15;14;10;4
04.10.2020 23:30;15;8;7
04.10.2020 23:45;15;8;7
05.10.2020 00:00;9;6;3
05.10.2020 00:15;8;3;5
05.10.2020 00:30;20;7;13
05.10.2020 00:45;9;4;5
05.10.2020 01:00;2;0;2
05.10.2020 01:15;5;3;2
05.10.2020 01:30;5;2;3
05.10.2020 01:45;0;0;0
05.10.2020 02:00;2;1;1
05.10.2020 02:15;4;2;2
05.10.2020 02:30;2;2;0
05.10.2020 02:45;2;2;0
05.10.2020 03:00;0;0;0
05.10.2020 03:15;0;0;0
05.10.2020 03:30;0;0;0
05.10.2020 03:45;3;0;3
05.10.2020 04:00;2;0;2
05.10.2020 04:15;0;0;0
05.10.2020 04:30;4;4;0
05.10.2020 04:45;5;3;2
05.10.2020 05:00;5;5;0
05.10.2020 05:15;3;1;2
05.10.2020 05:30;17;7;10
05.10.2020 05:45;30;23;7
05.10.2020 06:00;25;19;6
05.10.2020 06:15;38;25;13
05.10.2020 06:30;65;36;29
05.10.2020 06:45;78;41;37
05.10.2020 07:00;86;44;42
05.10.2020 07:15;247;185;62
05.10.2020 07:30;458;302;156
05.10.2020 07:45;235;140;95
05.10.2020 08:00;183;99;84
05.10.2020 08:15;201;117;84
05.10.2020 08:30;205;109;96
05.10.2020 08:45;240;147;93
05.10.2020 09:00;168;85;83
05.10.2020 09:15;198;123;75
05.10.2020 09:30;161;86;75
05.10.2020 09:45;155;88;67
05.10.2020 10:00;136;80;56
05.10.2020 10:15;148;72;76
05.10.2020 10:30;139;83;56
05.10.2020 10:45;130;74;56
05.10.2020 11:00;157;67;90
05.10.2020 11:15;169;70;99
05.10.2020 11:30;148;71;77
05.10.2020 11:45;167;89;78
05.10.2020 12:00;174;74;100
05.10.2020 12:15;176;69;107
05.10.2020 12:30;172;69;103
05.10.2020 12:45;211;107;104
05.10.2020 13:00;401;141;260
05.10.2020 13:15;218;98;120
05.10.2020 13:30;225;101;124
05.10.2020 13:45;211;125;86
05.10.2020 14:00;231;80;151
05.10.2020 14:15;244;117;127
05.10.2020 14:30;186;84;102
05.10.2020 14:45;196;83;113
05.10.2020 15:00;244;117;127
05.10.2020 15:15;252;128;124
05.10.2020 15:30;339;148;191
05.10.2020 15:45;266;130;136
05.10.2020 16:00;272;130;142
05.10.2020 16:15;256;130;126
05.10.2020 16:30;229;97;132
05.10.2020 16:45;271;125;146
05.10.2020 17:00;313;131;182
05.10.2020 17:15;327;146;181
05.10.2020 17:30;247;98;149
05.10.2020 17:45;246;100;146
05.10.2020 18:00;234;91;143
05.10.2020 18:15;231;90;141
05.10.2020 18:30;170;70;100
05.10.2020 18:45;229;93;136
05.10.2020 19:00;191;75;116
05.10.2020 19:15;145;50;95
05.10.2020 19:30;117;60;57
05.10.2020 19:45;148;75;73
05.10.2020 20:00;113;42;71
05.10.2020 20:15;115;65;50
05.10.2020 20:30;69;33;36
05.10.2020 20:45;56;20;36
05.10.2020 21:00;75;33;42
05.10.2020 21:15;75;31;44
05.10.2020 21:30;70;34;36
05.10.2020 21:45;48;14;34
05.10.2020 22:00;40;16;24
05.10.2020 22:15;41;25;16
05.10.2020 22:30;45;20;25
05.10.2020 22:45;21;10;11
05.10.2020 23:00;25;4;21
05.10.2020 23:15;18;7;11
05.10.2020 23:30;16;6;10
05.10.2020 23:45;10;4;6
06.10.2020 00:00;14;7;7
06.10.2020 00:15;21;6;15
06.10.2020 00:30;7;1;6
06.10.2020 00:45;10;1;9
06.10.2020 01:00;8;3;5
06.10.2020 01:15;8;4;4
06.10.2020 01:30;3;1;2
06.10.2020 01:45;4;2;2
06.10.2020 02:00;2;0;2
06.10.2020 02:15;2;0;2
06.10.2020 02:30;6;3;3
06.10.2020 02:45;3;1;2
06.10.2020 03:00;1;0;1
06.10.2020 03:15;2;2;0
06.10.2020 03:30;11;6;5
06.10.2020 03:45;2;2;0
06.10.2020 04:00;3;1;2
06.10.2020 04:15;0;0;0
06.10.2020 04:30;1;1;0
06.10.2020 04:45;4;2;2
06.10.2020 05:00;5;5;0
06.10.2020 05:15;6;3;3
06.10.2020 05:30;20;12;8
06.10.2020 05:45;31;27;4
06.10.2020 06:00;21;15;6
06.10.2020 06:15;36;25;11
06.10.2020 06:30;48;26;22
06.10.2020 06:45;76;42;34
06.10.2020 07:00;90;45;45
06.10.2020 07:15;195;134;61
06.10.2020 07:30;494;329;165
06.10.2020 07:45;239;129;110
06.10.2020 08:00;183;104;79
06.10.2020 08:15;225;142;83
06.10.2020 08:30;237;135;102
06.10.2020 08:45;241;143;98
06.10.2020 09:00;170;115;55
06.10.2020 09:15;216;128;88
06.10.2020 09:30;161;84;77
06.10.2020 09:45;152;95;57
06.10.2020 10:00;133;76;57
06.10.2020 10:15;147;94;53
06.10.2020 10:30;132;75;57
06.10.2020 10:45;122;66;56
06.10.2020 11:00;176;76;100
06.10.2020 11:15;190;115;75
06.10.2020 11:30;177;95;82
06.10.2020 11:45;165;74;91
06.10.2020 12:00;152;54;98
06.10.2020 12:15;145;64;81
06.10.2020 12:30;147;40;107
06.10.2020 12:45;171;74;97
06.10.2020 13:00;320;85;235
06.10.2020 13:15;190;75;115
06.10.2020 13:30;154;79;75
06.10.2020 13:45;186;94;92
06.10.2020 14:00;204;80;124
06.10.2020 14:15;187;96;91
06.10.2020 14:30;141;63;78
06.10.2020 14:45;181;90;91
06.10.2020 15:00;155;85;70
06.10.2020 15:15;212;118;94
06.10.2020 15:30;300;162;138
06.10.2020 15:45;238;97;141
06.10.2020 16:00;232;107;125
06.10.2020 16:15;222;99;123
06.10.2020 16:30;250;123;127
06.10.2020 16:45;245;106;139
06.10.2020 17:00;265;117;148
06.10.2020 17:15;326;141;185
06.10.2020 17:30;233;103;130
06.10.2020 17:45;253;139;114
06.10.2020 18:00;202;86;116
06.10.2020 18:15;214;103;111
06.10.2020 18:30;222;95;127
06.10.2020 18:45;250;114;136
06.10.2020 19:00;170;69;101
06.10.2020 19:15;154;63;91
06.10.2020 19:30;126;51;75
06.10.2020 19:45;121;53;68
06.10.2020 20:00;118;49;69
06.10.2020 20:15;98;44;54
06.10.2020 20:30;76;41;35
06.10.2020 20:45;63;35;28
06.10.2020 21:00;40;21;19
06.10.2020 21:15;80;39;41
06.10.2020 21:30;77;23;54
06.10.2020 21:45;50;34;16
06.10.2020 22:00;54;19;35
06.10.2020 22:15;49;20;29
06.10.2020 22:30;27;11;16
06.10.2020 22:45;35;16;19
06.10.2020 23:00;33;11;22
06.10.2020 23:15;31;13;18
06.10.2020 23:30;9;4;5
06.10.2020 23:45;19;9;10
07.10.2020 00:00;25;7;18
07.10.2020 00:15;8;2;6
07.10.2020 00:30;18;10;8
07.10.2020 00:45;13;3;10
07.10.2020 01:00;11;2;9
07.10.2020 01:15;9;1;8
07.10.2020 01:30;3;0;3
07.10.2020 01:45;4;1;3
07.10.2020 02:00;4;2;2
07.10.2020 02:15;5;0;5
07.10.2020 02:30;0;0;0
07.10.2020 02:45;3;1;2
07.10.2020 03:00;2;0;2
07.10.2020 03:15;1;1;0
07.10.2020 03:30;5;4;1
07.10.2020 03:45;0;0;0
07.10.2020 04:00;3;1;2
07.10.2020 04:15;1;1;0
07.10.2020 04:30;2;0;2
07.10.2020 04:45;2;0;2
07.10.2020 05:00;5;4;1
07.10.2020 05:15;2;0;2
07.10.2020 05:30;11;6;5
07.10.2020 05:45;33;21;12
07.10.2020 06:00;24;19;5
07.10.2020 06:15;33;25;8
07.10.2020 06:30;41;23;18
07.10.2020 06:45;62;30;32
07.10.2020 07:00;83;44;39
07.10.2020 07:15;203;139;64
07.10.2020 07:30;474;306;168
07.10.2020 07:45;243;143;100
07.10.2020 08:00;174;108;66
07.10.2020 08:15;199;114;85
07.10.2020 08:30;220;121;99
07.10.2020 08:45;210;127;83
07.10.2020 09:00;160;89;71
07.10.2020 09:15;205;144;61
07.10.2020 09:30;145;91;54
07.10.2020 09:45;126;81;45
07.10.2020 10:00;131;68;63
07.10.2020 10:15;113;52;61
07.10.2020 10:30;115;56;59
07.10.2020 10:45;143;78;65
07.10.2020 11:00;136;56;80
07.10.2020 11:15;123;69;54
07.10.2020 11:30;146;71;75
07.10.2020 11:45;171;89;82
07.10.2020 12:00;169;83;86
07.10.2020 12:15;204;87;117
07.10.2020 12:30;194;79;115
07.10.2020 12:45;191;93;98
07.10.2020 13:00;371;119;252
07.10.2020 13:15;195;104;91
07.10.2020 13:30;165;89;76
07.10.2020 13:45;216;110;106
07.10.2020 14:00;197;94;103
07.10.2020 14:15;171;89;82
07.10.2020 14:30;193;90;103
07.10.2020 14:45;175;82;93
07.10.2020 15:00;167;77;90
07.10.2020 15:15;229;110;119
07.10.2020 15:30;320;123;197
07.10.2020 15:45;223;99;124
07.10.2020 16:00;228;111;117
07.10.2020 16:15;216;103;113
07.10.2020 16:30;213;104;109
07.10.2020 16:45;261;125;136
07.10.2020 17:00;262;119;143
07.10.2020 17:15;251;104;147
07.10.2020 17:30;249;129;120
07.10.2020 17:45;264;118;146
07.10.2020 18:00;229;99;130
07.10.2020 18:15;242;106;136
07.10.2020 18:30;236;104;132
07.10.2020 18:45;219;97;122
07.10.2020 19:00;219;90;129
07.10.2020 19:15;170;83;87
07.10.2020 19:30;152;73;79
07.10.2020 19:45;153;75;78
07.10.2020 20:00;129;61;68
07.10.2020 20:15;104;44;60
07.10.2020 20:30;100;48;52
07.10.2020 20:45;90;42;48
07.10.2020 21:00;89;33;56
07.10.2020 21:15;69;27;42
07.10.2020 21:30;101;40;61
07.10.2020 21:45;64;30;34
07.10.2020 22:00;53;24;29
07.10.2020 22:15;78;28;50
07.10.2020 22:30;67;21;46
07.10.2020 22:45;56;18;38
07.10.2020 23:00;28;9;19
07.10.2020 23:15;57;17;40
07.10.2020 23:30;33;17;16
07.10.2020 23:45;35;11;24
08.10.2020 00:00;20;8;12
08.10.2020 00:15;9;4;5
08.10.2020 00:30;17;3;14
08.10.2020 00:45;24;4;20
08.10.2020 01:00;6;2;4
08.10.2020 01:15;12;5;7
08.10.2020 01:30;15;3;12
08.10.2020 01:45;7;3;4
08.10.2020 02:00;1;0;1
08.10.2020 02:15;7;2;5
08.10.2020 02:30;12;6;6
08.10.2020 02:45;6;2;4
08.10.2020 03:00;6;0;6
08.10.2020 03:15;3;0;3
08.10.2020 03:30;4;0;4
08.10.2020 03:45;1;1;0
08.10.2020 04:00;1;1;0
08.10.2020 04:15;2;2;0
08.10.2020 04:30;2;2;0
08.10.2020 04:45;4;2;2
08.10.2020 05:00;5;4;1
08.10.2020 05:15;4;3;1
08.10.2020 05:30;16;8;8
08.10.2020 05:45;35;26;9
08.10.2020 06:00;25;17;8
08.10.2020 06:15;44;32;12
08.10.2020 06:30;45;24;21
08.10.2020 06:45;73;40;33
08.10.2020 07:00;91;46;45
08.10.2020 07:15;262;189;73
08.10.2020 07:30;474;323;151
08.10.2020 07:45;240;127;113
08.10.2020 08:00;178;93;85
08.10.2020 08:15;225;122;103
08.10.2020 08:30;236;142;94
08.10.2020 08:45;260;151;109
08.10.2020 09:00;141;75;66
08.10.2020 09:15;231;158;73
08.10.2020 09:30;155;94;61
08.10.2020 09:45;143;86;57
08.10.2020 10:00;128;65;63
08.10.2020 10:15;121;66;55
08.10.2020 10:30;128;69;59
08.10.2020 10:45;125;66;59
08.10.2020 11:00;182;93;89
08.10.2020 11:15;219;109;110
08.10.2020 11:30;150;73;77
08.10.2020 11:45;170;75;95
08.10.2020 12:00;185;91;94
08.10.2020 12:15;212;110;102
08.10.2020 12:30;203;89;114
08.10.2020 12:45;257;128;129
08.10.2020 13:00;366;110;256
08.10.2020 13:15;229;107;122
08.10.2020 13:30;217;111;106
08.10.2020 13:45;283;143;140
08.10.2020 14:00;290;146;144
08.10.2020 14:15;238;129;109
08.10.2020 14:30;259;141;118
08.10.2020 14:45;253;120;133
08.10.2020 15:00;295;138;157
08.10.2020 15:15;259;127;132
08.10.2020 15:30;382;158;224
08.10.2020 15:45;288;157;131
08.10.2020 16:00;283;121;162
08.10.2020 16:15;311;142;169
08.10.2020 16:30;303;159;144
08.10.2020 16:45;335;167;168
08.10.2020 17:00;305;125;180
08.10.2020 17:15;352;160;192
08.10.2020 17:30;306;125;181
08.10.2020 17:45;354;167;187
08.10.2020 18:00;291;128;163
08.10.2020 18:15;291;126;165
08.10.2020 18:30;287;127;160
08.10.2020 18:45;252;113;139
08.10.2020 19:00;237;94;143
08.10.2020 19:15;214;110;104
08.10.2020 19:30;194;76;118
08.10.2020 19:45;173;84;89
08.10.2020 20:00;136;60;76
08.10.2020 20:15;116;45;71
08.10.2020 20:30;109;60;49
08.10.2020 20:45;68;34;34
08.10.2020 21:00;102;42;60
08.10.2020 21:15;77;33;44
08.10.2020 21:30;80;22;58
08.10.2020 21:45;95;30;65
08.10.2020 22:00;78;22;56
08.10.2020 22:15;69;29;40
08.10.2020 22:30;55;28;27
08.10.2020 22:45;79;23;56
08.10.2020 23:00;49;15;34
08.10.2020 23:15;40;19;21
08.10.2020 23:30;40;12;28
08.10.2020 23:45;30;9;21
09.10.2020 00:00;17;10;7
09.10.2020 00:15;21;8;13
09.10.2020 00:30;27;10;17
09.10.2020 00:45;17;5;12
09.10.2020 01:00;17;1;16
09.10.2020 01:15;14;6;8
09.10.2020 01:30;17;4;13
09.10.2020 01:45;9;4;5
09.10.2020 02:00;7;4;3
09.10.2020 02:15;1;0;1
09.10.2020 02:30;3;0;3
09.10.2020 02:45;1;1;0
09.10.2020 03:00;1;0;1
09.10.2020 03:15;5;3;2
09.10.2020 03:30;2;2;0
09.10.2020 03:45;4;3;1
09.10.2020 04:00;6;4;2
09.10.2020 04:15;4;2;2
09.10.2020 04:30;0;0;0
09.10.2020 04:45;6;4;2
09.10.2020 05:00;4;3;1
09.10.2020 05:15;6;2;4
09.10.2020 05:30;17;10;7
09.10.2020 05:45;28;20;8
09.10.2020 06:00;24;16;8
09.10.2020 06:15;30;21;9
09.10.2020 06:30;51;29;22
09.10.2020 06:45;62;38;24
09.10.2020 07:00;62;28;34
09.10.2020 07:15;237;180;57
09.10.2020 07:30;401;277;124
09.10.2020 07:45;251;139;112
09.10.2020 08:00;183;98;85
09.10.2020 08:15;205;105;100
09.10.2020 08:30;234;124;110
09.10.2020 08:45;241;147;94
09.10.2020 09:00;198;138;60
09.10.2020 09:15;194;115;79
09.10.2020 09:30;189;121;68
09.10.2020 09:45;179;107;72
09.10.2020 10:00;135;76;59
09.10.2020 10:15;167;107;60
09.10.2020 10:30;211;123;88
09.10.2020 10:45;198;104;94
09.10.2020 11:00;226;102;124
09.10.2020 11:15;240;111;129
09.10.2020 11:30;203;98;105
09.10.2020 11:45;214;100;114
09.10.2020 12:00;226;88;138
09.10.2020 12:15;283;113;170
09.10.2020 12:30;260;128;132
09.10.2020 12:45;290;131;159
09.10.2020 13:00;485;170;315
09.10.2020 13:15;278;129;149
09.10.2020 13:30;232;126;106
09.10.2020 13:45;250;129;121
09.10.2020 14:00;304;141;163
09.10.2020 14:15;250;107;143
09.10.2020 14:30;237;101;136
09.10.2020 14:45;281;154;127
09.10.2020 15:00;248;126;122
09.10.2020 15:15;266;138;128
09.10.2020 15:30;324;161;163
09.10.2020 15:45;297;136;161
09.10.2020 16:00;260;128;132
09.10.2020 16:15;270;125;145
09.10.2020 16:30;288;128;160
09.10.2020 16:45;277;117;160
09.10.2020 17:00;260;93;167
09.10.2020 17:15;284;123;161
09.10.2020 17:30;255;148;107
09.10.2020 17:45;291;124;167
09.10.2020 18:00;241;90;151
09.10.2020 18:15;224;94;130
09.10.2020 18:30;208;93;115
09.10.2020 18:45;234;122;112
09.10.2020 19:00;226;104;122
09.10.2020 19:15;181;78;103
09.10.2020 19:30;143;72;71
09.10.2020 19:45;172;87;85
09.10.2020 20:00;133;55;78
09.10.2020 20:15;132;57;75
09.10.2020 20:30;92;38;54
09.10.2020 20:45;101;31;70
09.10.2020 21:00;89;32;57
09.10.2020 21:15;62;30;32
09.10.2020 21:30;83;35;48
09.10.2020 21:45;87;38;49
09.10.2020 22:00;84;40;44
09.10.2020 22:15;68;32;36
09.10.2020 22:30;51;20;31
09.10.2020 22:45;57;29;28
09.10.2020 23:00;86;34;52
09.10.2020 23:15;49;12;37
09.10.2020 23:30;57;27;30
09.10.2020 23:45;45;13;32
10.10.2020 00:00;45;17;28
10.10.2020 00:15;45;16;29
10.10.2020 00:30;58;19;39
10.10.2020 00:45;29;14;15
10.10.2020 01:00;27;4;23
10.10.2020 01:15;24;6;18
10.10.2020 01:30;38;10;28
10.10.2020 01:45;26;12;14
10.10.2020 02:00;19;2;17
10.10.2020 02:15;19;6;13
10.10.2020 02:30;11;2;9
10.10.2020 02:45;16;5;11
10.10.2020 03:00;13;2;11
10.10.2020 03:15;13;4;9
10.10.2020 03:30;6;2;4
10.10.2020 03:45;9;5;4
10.10.2020 04:00;12;5;7
10.10.2020 04:15;2;2;0
10.10.2020 04:30;8;3;5
10.10.2020 04:45;8;2;6
10.10.2020 05:00;2;0;2
10.10.2020 05:15;6;2;4
10.10.2020 05:30;8;6;2
10.10.2020 05:45;14;7;7
10.10.2020 06:00;8;3;5
10.10.2020 06:15;10;6;4
10.10.2020 06:30;17;9;8
10.10.2020 06:45;15;10;5
10.10.2020 07:00;5;2;3
10.10.2020 07:15;13;8;5
10.10.2020 07:30;22;14;8
10.10.2020 07:45;18;8;10
10.10.2020 08:00;19;12;7
10.10.2020 08:15;34;24;10
10.10.2020 08:30;37;23;14
10.10.2020 08:45;44;24;20
10.10.2020 09:00;33;18;15
10.10.2020 09:15;33;19;14
10.10.2020 09:30;62;42;20
10.10.2020 09:45;76;56;20
10.10.2020 10:00;45;25;20
10.10.2020 10:15;46;26;20
10.10.2020 10:30;54;32;22
10.10.2020 10:45;65;40;25
10.10.2020 11:00;60;31;29
10.10.2020 11:15;41;16;25
10.10.2020 11:30;61;41;20
10.10.2020 11:45;70;44;26
10.10.2020 12:00;73;39;34
10.10.2020 12:15;76;25;51
10.10.2020 12:30;68;35;33
10.10.2020 12:45;79;44;35
10.10.2020 13:00;62;35;27
10.10.2020 13:15;53;21;32
10.10.2020 13:30;59;29;30
10.10.2020 13:45;67;30;37
10.10.2020 14:00;61;23;38
10.10.2020 14:15;51;23;28
10.10.2020 14:30;57;31;26
10.10.2020 14:45;72;40;32
10.10.2020 15:00;69;33;36
10.10.2020 15:15;82;35;47
10.10.2020 15:30;78;45;33
10.10.2020 15:45;83;43;40
10.10.2020 16:00;103;46;57
10.10.2020 16:15;96;50;46
10.10.2020 16:30;77;41;36
10.10.2020 16:45;94;45;49
10.10.2020 17:00;89;44;45
10.10.2020 17:15;109;63;46
10.10.2020 17:30;102;39;63
10.10.2020 17:45;95;38;57
10.10.2020 18:00;103;51;52
10.10.2020 18:15;104;37;67
10.10.2020 18:30;82;38;44
10.10.2020 18:45;111;50;61
10.10.2020 19:00;86;40;46
10.10.2020 19:15;88;38;50
10.10.2020 19:30;76;43;33
10.10.2020 19:45;71;32;39
10.10.2020 20:00;61;26;35
10.10.2020 20:15;73;28;45
10.10.2020 20:30;75;44;31
10.10.2020 20:45;29;10;19
10.10.2020 21:00;39;20;19
10.10.2020 21:15;30;11;19
10.10.2020 21:30;51;17;34
10.10.2020 21:45;23;11;12
10.10.2020 22:00;25;12;13
10.10.2020 22:15;23;16;7
10.10.2020 22:30;22;7;15
10.10.2020 22:45;29;17;12
10.10.2020 23:00;43;12;31
10.10.2020 23:15;17;9;8
10.10.2020 23:30;46;17;29
10.10.2020 23:45;28;11;17
11.10.2020 00:00;35;18;17
11.10.2020 00:15;26;11;15
11.10.2020 00:30;24;13;11
11.10.2020 00:45;29;10;19
11.10.2020 01:00;28;9;19
11.10.2020 01:15;23;5;18
11.10.2020 01:30;23;7;16
11.10.2020 01:45;17;5;12
11.10.2020 02:00;28;8;20
11.10.2020 02:15;14;8;6
11.10.2020 02:30;11;2;9
11.10.2020 02:45;12;7;5
11.10.2020 03:00;14;1;13
11.10.2020 03:15;14;2;12
11.10.2020 03:30;8;4;4
11.10.2020 03:45;5;3;2
11.10.2020 04:00;6;2;4
11.10.2020 04:15;13;5;8
11.10.2020 04:30;5;1;4
11.10.2020 04:45;4;2;2
11.10.2020 05:00;3;0;3
11.10.2020 05:15;5;0;5
11.10.2020 05:30;4;1;3
11.10.2020 05:45;9;7;2
11.10.2020 06:00;4;4;0
11.10.2020 06:15;8;6;2
11.10.2020 06:30;6;5;1
11.10.2020 06:45;6;2;4
11.10.2020 07:00;8;5;3
11.10.2020 07:15;9;6;3
11.10.2020 07:30;7;5;2
11.10.2020 07:45;17;7;10
11.10.2020 08:00;20;12;8
11.10.2020 08:15;20;10;10
11.10.2020 08:30;18;11;7
11.10.2020 08:45;41;24;17
11.10.2020 09:00;31;17;14
11.10.2020 09:15;52;27;25
11.10.2020 09:30;50;25;25
11.10.2020 09:45;70;36;34
11.10.2020 10:00;59;29;30
11.10.2020 10:15;66;34;32
11.10.2020 10:30;80;41;39
11.10.2020 10:45;94;41;53
11.10.2020 11:00;104;64;40
11.10.2020 11:15;83;45;38
11.10.2020 11:30;99;53;46
11.10.2020 11:45;95;48;47
11.10.2020 12:00;82;32;50
11.10.2020 12:15;82;53;29
11.10.2020 12:30;91;54;37
11.10.2020 12:45;122;57;65
11.10.2020 13:00;86;48;38
11.10.2020 13:15;101;50;51
11.10.2020 13:30;128;62;66
11.10.2020 13:45;164;98;66
11.10.2020 14:00;133;64;69
11.10.2020 14:15;140;67;73
11.10.2020 14:30;190;83;107
11.10.2020 14:45;154;73;81
11.10.2020 15:00;150;66;84
11.10.2020 15:15;132;66;66
11.10.2020 15:30;131;63;68
11.10.2020 15:45;129;57;72
11.10.2020 16:00;133;57;76
11.10.2020 16:15;128;57;71
11.10.2020 16:30;154;64;90
11.10.2020 16:45;128;55;73
11.10.2020 17:00;135;59;76
11.10.2020 17:15;119;52;67
11.10.2020 17:30;113;56;57
11.10.2020 17:45;179;74;105
11.10.2020 18:00;130;56;74
11.10.2020 18:15;77;33;44
11.10.2020 18:30;64;31;33
11.10.2020 18:45;94;39;55
11.10.2020 19:00;78;37;41
11.10.2020 19:15;55;35;20
11.10.2020 19:30;49;17;32
11.10.2020 19:45;52;27;25
11.10.2020 20:00;60;20;40
11.10.2020 20:15;45;28;17
11.10.2020 20:30;36;14;22
11.10.2020 20:45;26;14;12
11.10.2020 21:00;21;5;16
11.10.2020 21:15;30;11;19
11.10.2020 21:30;34;10;24
11.10.2020 21:45;33;14;19
11.10.2020 22:00;36;17;19
11.10.2020 22:15;30;10;20
11.10.2020 22:30;28;12;16
11.10.2020 22:45;19;6;13
11.10.2020 23:00;26;11;15
11.10.2020 23:15;11;5;6
11.10.2020 23:30;18;9;9
11.10.2020 23:45;12;5;7
12.10.2020 00:00;10;7;3
12.10.2020 00:15;8;3;5
12.10.2020 00:30;7;4;3
12.10.2020 00:45;6;3;3
12.10.2020 01:00;3;3;0
12.10.2020 01:15;1;0;1
12.10.2020 01:30;0;0;0
12.10.2020 01:45;1;1;0
12.10.2020 02:00;1;1;0
12.10.2020 02:15;4;3;1
12.10.2020 02:30;0;0;0
12.10.2020 02:45;2;0;2
12.10.2020 03:00;0;0;0
12.10.2020 03:15;0;0;0
12.10.2020 03:30;0;0;0
12.10.2020 03:45;1;1;0
12.10.2020 04:00;0;0;0
12.10.2020 04:15;1;0;1
12.10.2020 04:30;1;1;0
12.10.2020 04:45;3;1;2
12.10.2020 05:00;4;4;0
12.10.2020 05:15;5;0;5
12.10.2020 05:30;12;9;3
12.10.2020 05:45;24;15;9
12.10.2020 06:00;19;14;5
12.10.2020 06:15;35;20;15
12.10.2020 06:30;45;27;18
12.10.2020 06:45;65;40;25
12.10.2020 07:00;85;49;36
12.10.2020 07:15;199;128;71
12.10.2020 07:30;508;367;141
12.10.2020 07:45;217;133;84
12.10.2020 08:00;173;91;82
12.10.2020 08:15;212;127;85
12.10.2020 08:30;207;109;98
12.10.2020 08:45;206;118;88
12.10.2020 09:00;158;103;55
12.10.2020 09:15;160;102;58
12.10.2020 09:30;152;74;78
12.10.2020 09:45;144;77;67
12.10.2020 10:00;101;47;54
12.10.2020 10:15;112;69;43
12.10.2020 10:30;140;73;67
12.10.2020 10:45;139;71;68
12.10.2020 11:00;142;56;86
12.10.2020 11:15;118;66;52
12.10.2020 11:30;152;62;90
12.10.2020 11:45;144;58;86
12.10.2020 12:00;143;63;80
12.10.2020 12:15;152;59;93
12.10.2020 12:30;166;76;90
12.10.2020 12:45;182;78;104
12.10.2020 13:00;335;129;206
12.10.2020 13:15;191;90;101
12.10.2020 13:30;157;71;86
12.10.2020 13:45;199;116;83
12.10.2020 14:00;205;67;138
12.10.2020 14:15;177;98;79
12.10.2020 14:30;146;76;70
12.10.2020 14:45;190;95;95
12.10.2020 15:00;208;113;95
12.10.2020 15:15;200;97;103
12.10.2020 15:30;301;128;173
12.10.2020 15:45;269;127;142
12.10.2020 16:00;214;90;124
12.10.2020 16:15;230;114;116
12.10.2020 16:30;215;94;121
12.10.2020 16:45;240;118;122
12.10.2020 17:00;247;97;150
12.10.2020 17:15;282;115;167
12.10.2020 17:30;239;83;156
12.10.2020 17:45;227;97;130
12.10.2020 18:00;218;104;114
12.10.2020 18:15;188;96;92
12.10.2020 18:30;213;96;117
12.10.2020 18:45;208;110;98
12.10.2020 19:00;184;73;111
12.10.2020 19:15;130;62;68
12.10.2020 19:30;127;60;67
12.10.2020 19:45;139;54;85
12.10.2020 20:00;120;57;63
12.10.2020 20:15;101;48;53
12.10.2020 20:30;100;37;63
12.10.2020 20:45;66;24;42
12.10.2020 21:00;59;22;37
12.10.2020 21:15;82;32;50
12.10.2020 21:30;62;24;38
12.10.2020 21:45;62;31;31
12.10.2020 22:00;45;18;27
12.10.2020 22:15;53;21;32
12.10.2020 22:30;47;23;24
12.10.2020 22:45;37;19;18
12.10.2020 23:00;36;11;25
12.10.2020 23:15;25;8;17
12.10.2020 23:30;30;14;16
12.10.2020 23:45;25;8;17
13.10.2020 00:00;19;9;10
13.10.2020 00:15;12;4;8
13.10.2020 00:30;14;3;11
13.10.2020 00:45;15;6;9
13.10.2020 01:00;12;1;11
13.10.2020 01:15;12;3;9
13.10.2020 01:30;7;4;3
13.10.2020 01:45;5;2;3
13.10.2020 02:00;6;4;2
13.10.2020 02:15;6;1;5
13.10.2020 02:30;2;1;1
13.10.2020 02:45;2;1;1
13.10.2020 03:00;1;0;1
13.10.2020 03:15;0;0;0
13.10.2020 03:30;1;0;1
13.10.2020 03:45;0;0;0
13.10.2020 04:00;0;0;0
13.10.2020 04:15;4;3;1
13.10.2020 04:30;1;1;0
13.10.2020 04:45;8;7;1
13.10.2020 05:00;3;3;0
13.10.2020 05:15;4;2;2
13.10.2020 05:30;10;4;6
13.10.2020 05:45;31;24;7
13.10.2020 06:00;38;25;13
13.10.2020 06:15;30;16;14
13.10.2020 06:30;55;33;22
13.10.2020 06:45;66;31;35
13.10.2020 07:00;84;45;39
13.10.2020 07:15;193;129;64
13.10.2020 07:30;475;311;164
13.10.2020 07:45;268;158;110
13.10.2020 08:00;189;109;80
13.10.2020 08:15;234;142;92
13.10.2020 08:30;221;125;96
13.10.2020 08:45;244;140;104
13.10.2020 09:00;140;78;62
13.10.2020 09:15;219;139;80
13.10.2020 09:30;152;81;71
13.10.2020 09:45;144;74;70
13.10.2020 10:00;130;74;56
13.10.2020 10:15;158;89;69
13.10.2020 10:30;123;67;56
13.10.2020 10:45;145;86;59
13.10.2020 11:00;167;83;84
13.10.2020 11:15;198;106;92
13.10.2020 11:30;150;68;82
13.10.2020 11:45;189;94;95
13.10.2020 12:00;199;96;103
13.10.2020 12:15;208;97;111
13.10.2020 12:30;172;70;102
13.10.2020 12:45;207;89;118
13.10.2020 13:00;360;108;252
13.10.2020 13:15;257;120;137
13.10.2020 13:30;206;107;99
13.10.2020 13:45;261;142;119
13.10.2020 14:00;246;96;150
13.10.2020 14:15;242;126;116
13.10.2020 14:30;227;107;120
13.10.2020 14:45;205;78;127
13.10.2020 15:00;244;111;133
13.10.2020 15:15;247;124;123
13.10.2020 15:30;379;204;175
13.10.2020 15:45;285;130;155
13.10.2020 16:00;265;136;129
13.10.2020 16:15;282;147;135
13.10.2020 16:30;279;129;150
13.10.2020 16:45;340;162;178
13.10.2020 17:00;304;133;171
13.10.2020 17:15;359;170;189
13.10.2020 17:30;266;120;146
13.10.2020 17:45;283;120;163
13.10.2020 18:00;293;118;175
13.10.2020 18:15;289;137;152
13.10.2020 18:30;230;94;136
13.10.2020 18:45;302;122;180
13.10.2020 19:00;194;69;125
13.10.2020 19:15;204;91;113
13.10.2020 19:30;151;59;92
13.10.2020 19:45;136;66;70
13.10.2020 20:00;142;60;82
13.10.2020 20:15;130;58;72
13.10.2020 20:30;107;47;60
13.10.2020 20:45;79;38;41
13.10.2020 21:00;84;41;43
13.10.2020 21:15;79;32;47
13.10.2020 21:30;54;23;31
13.10.2020 21:45;65;32;33
13.10.2020 22:00;80;28;52
13.10.2020 22:15;58;18;40
13.10.2020 22:30;58;25;33
13.10.2020 22:45;41;11;30
13.10.2020 23:00;31;14;17
13.10.2020 23:15;36;13;23
13.10.2020 23:30;31;15;16
13.10.2020 23:45;32;9;23
14.10.2020 00:00;13;4;9
14.10.2020 00:15;13;4;9
14.10.2020 00:30;19;4;15
14.10.2020 00:45;17;6;11
14.10.2020 01:00;12;4;8
14.10.2020 01:15;19;4;15
14.10.2020 01:30;13;0;13
14.10.2020 01:45;4;2;2
14.10.2020 02:00;9;4;5
14.10.2020 02:15;10;5;5
14.10.2020 02:30;4;3;1
14.10.2020 02:45;6;1;5
14.10.2020 03:00;2;1;1
14.10.2020 03:15;2;0;2
14.10.2020 03:30;6;1;5
14.10.2020 03:45;1;0;1
14.10.2020 04:00;3;3;0
14.10.2020 04:15;1;0;1
14.10.2020 04:30;6;3;3
14.10.2020 04:45;5;5;0
14.10.2020 05:00;3;2;1
14.10.2020 05:15;5;2;3
14.10.2020 05:30;18;8;10
14.10.2020 05:45;27;21;6
14.10.2020 06:00;30;17;13
14.10.2020 06:15;31;19;12
14.10.2020 06:30;46;21;25
14.10.2020 06:45;72;40;32
14.10.2020 07:00;93;53;40
14.10.2020 07:15;222;146;76
14.10.2020 07:30;435;288;147
14.10.2020 07:45;281;160;121
14.10.2020 08:00;176;95;81
14.10.2020 08:15;185;104;81
14.10.2020 08:30;235;138;97
14.10.2020 08:45;242;146;96
14.10.2020 09:00;160;101;59
14.10.2020 09:15;170;119;51
14.10.2020 09:30;180;113;67
14.10.2020 09:45;130;80;50
14.10.2020 10:00;132;76;56
14.10.2020 10:15;143;72;71
14.10.2020 10:30;135;78;57
14.10.2020 10:45;153;84;69
14.10.2020 11:00;157;75;82
14.10.2020 11:15;205;92;113
14.10.2020 11:30;213;106;107
14.10.2020 11:45;184;88;96
14.10.2020 12:00;195;97;98
14.10.2020 12:15;216;77;139
14.10.2020 12:30;215;97;118
14.10.2020 12:45;248;116;132
14.10.2020 13:00;445;176;269
14.10.2020 13:15;252;122;130
14.10.2020 13:30;207;108;99
14.10.2020 13:45;277;157;120
14.10.2020 14:00;242;94;148
14.10.2020 14:15;245;130;115
14.10.2020 14:30;236;123;113
14.10.2020 14:45;226;123;103
14.10.2020 15:00;236;124;112
14.10.2020 15:15;285;125;160
14.10.2020 15:30;323;114;209
14.10.2020 15:45;289;153;136
14.10.2020 16:00;291;131;160
14.10.2020 16:15;305;159;146
14.10.2020 16:30;242;106;136
14.10.2020 16:45;329;143;186
14.10.2020 17:00;262;99;163
14.10.2020 17:15;353;137;216
14.10.2020 17:30;279;143;136
14.10.2020 17:45;290;130;160
14.10.2020 18:00;263;99;164
14.10.2020 18:15;270;131;139
14.10.2020 18:30;222;63;159
14.10.2020 18:45;234;104;130
14.10.2020 19:00;197;85;112
14.10.2020 19:15;163;69;94
14.10.2020 19:30;156;72;84
14.10.2020 19:45;130;55;75
14.10.2020 20:00;162;60;102
14.10.2020 20:15;145;68;77
14.10.2020 20:30;93;33;60
14.10.2020 20:45;81;40;41
14.10.2020 21:00;76;31;45
14.10.2020 21:15;66;36;30
14.10.2020 21:30;69;31;38
14.10.2020 21:45;57;31;26
14.10.2020 22:00;63;27;36
14.10.2020 22:15;77;27;50
14.10.2020 22:30;53;21;32
14.10.2020 22:45;37;11;26
14.10.2020 23:00;70;19;51
14.10.2020 23:15;55;21;34
14.10.2020 23:30;32;10;22
14.10.2020 23:45;23;5;18
15.10.2020 00:00;27;4;23
15.10.2020 00:15;27;8;19
15.10.2020 00:30;16;8;8
15.10.2020 00:45;11;3;8
15.10.2020 01:00;16;3;13
15.10.2020 01:15;8;2;6
15.10.2020 01:30;12;4;8
15.10.2020 01:45;11;5;6
15.10.2020 02:00;10;5;5
15.10.2020 02:15;4;0;4
15.10.2020 02:30;3;2;1
15.10.2020 02:45;2;0;2
15.10.2020 03:00;5;2;3
15.10.2020 03:15;1;0;1
15.10.2020 03:30;1;1;0
15.10.2020 03:45;2;1;1
15.10.2020 04:00;1;0;1
15.10.2020 04:15;2;2;0
15.10.2020 04:30;2;2;0
15.10.2020 04:45;8;4;4
15.10.2020 05:00;7;5;2
15.10.2020 05:15;3;0;3
15.10.2020 05:30;12;6;6
15.10.2020 05:45;26;21;5
15.10.2020 06:00;31;22;9
15.10.2020 06:15;27;18;9
15.10.2020 06:30;46;30;16
15.10.2020 06:45;80;48;32
15.10.2020 07:00;93;53;40
15.10.2020 07:15;259;185;74
15.10.2020 07:30;452;284;168
15.10.2020 07:45;286;162;124
15.10.2020 08:00;151;75;76
15.10.2020 08:15;237;141;96
15.10.2020 08:30;240;143;97
15.10.2020 08:45;250;151;99
15.10.2020 09:00;145;77;68
15.10.2020 09:15;243;146;97
15.10.2020 09:30;172;102;70
15.10.2020 09:45;153;91;62
15.10.2020 10:00;119;64;55
15.10.2020 10:15;123;58;65
15.10.2020 10:30;155;94;61
15.10.2020 10:45;134;67;67
15.10.2020 11:00;163;89;74
15.10.2020 11:15;176;102;74
15.10.2020 11:30;140;73;67
15.10.2020 11:45;148;64;84
15.10.2020 12:00;162;71;91
15.10.2020 12:15;186;63;123
15.10.2020 12:30;162;76;86
15.10.2020 12:45;208;104;104
15.10.2020 13:00;311;77;234
15.10.2020 13:15;242;98;144
15.10.2020 13:30;171;80;91
15.10.2020 13:45;232;136;96
15.10.2020 14:00;211;69;142
15.10.2020 14:15;189;105;84
15.10.2020 14:30;212;98;114
15.10.2020 14:45;188;83;105
15.10.2020 15:00;191;97;94
15.10.2020 15:15;205;104;101
15.10.2020 15:30;314;155;159
15.10.2020 15:45;317;169;148
15.10.2020 16:00;212;91;121
15.10.2020 16:15;241;125;116
15.10.2020 16:30;252;135;117
15.10.2020 16:45;275;136;139
15.10.2020 17:00;249;114;135
15.10.2020 17:15;306;128;178
15.10.2020 17:30;216;85;131
15.10.2020 17:45;241;116;125
15.10.2020 18:00;225;88;137
15.10.2020 18:15;244;95;149
15.10.2020 18:30;206;80;126
15.10.2020 18:45;218;91;127
15.10.2020 19:00;193;82;111
15.10.2020 19:15;168;84;84
15.10.2020 19:30;107;40;67
15.10.2020 19:45;149;70;79
15.10.2020 20:00;140;56;84
15.10.2020 20:15;112;53;59
15.10.2020 20:30;71;31;40
15.10.2020 20:45;84;46;38
15.10.2020 21:00;74;31;43
15.10.2020 21:15;77;26;51
15.10.2020 21:30;64;26;38
15.10.2020 21:45;54;18;36
15.10.2020 22:00;67;27;40
15.10.2020 22:15;76;30;46
15.10.2020 22:30;63;19;44
15.10.2020 22:45;44;21;23
15.10.2020 23:00;36;5;31
15.10.2020 23:15;42;22;20
15.10.2020 23:30;29;9;20
15.10.2020 23:45;26;13;13
16.10.2020 00:00;41;14;27
16.10.2020 00:15;18;6;12
16.10.2020 00:30;15;4;11
16.10.2020 00:45;13;2;11
16.10.2020 01:00;18;5;13
16.10.2020 01:15;15;2;13
16.10.2020 01:30;16;2;14
16.10.2020 01:45;8;6;2
16.10.2020 02:00;10;7;3
16.10.2020 02:15;3;2;1
16.10.2020 02:30;4;2;2
16.10.2020 02:45;5;2;3
16.10.2020 03:00;3;0;3
16.10.2020 03:15;6;2;4
16.10.2020 03:30;9;4;5
16.10.2020 03:45;6;0;6
16.10.2020 04:00;3;0;3
16.10.2020 04:15;3;1;2
16.10.2020 04:30;2;1;1
16.10.2020 04:45;5;4;1
16.10.2020 05:00;1;1;0
16.10.2020 05:15;5;3;2
16.10.2020 05:30;15;6;9
16.10.2020 05:45;26;19;7
16.10.2020 06:00;27;18;9
16.10.2020 06:15;28;12;16
16.10.2020 06:30;40;25;15
16.10.2020 06:45;55;37;18
16.10.2020 07:00;58;27;31
16.10.2020 07:15;201;147;54
16.10.2020 07:30;359;219;140
16.10.2020 07:45;245;148;97
16.10.2020 08:00;164;77;87
16.10.2020 08:15;213;125;88
16.10.2020 08:30;185;102;83
16.10.2020 08:45;176;104;72
16.10.2020 09:00;125;73;52
16.10.2020 09:15;185;117;68
16.10.2020 09:30;121;75;46
16.10.2020 09:45;108;62;46
16.10.2020 10:00;100;59;41
16.10.2020 10:15;87;48;39
16.10.2020 10:30;92;51;41
16.10.2020 10:45;102;53;49
16.10.2020 11:00;108;52;56
16.10.2020 11:15;145;62;83
16.10.2020 11:30;121;64;57
16.10.2020 11:45;109;45;64
16.10.2020 12:00;120;39;81
16.10.2020 12:15;202;85;117
16.10.2020 12:30;156;73;83
16.10.2020 12:45;157;69;88
16.10.2020 13:00;340;111;229
16.10.2020 13:15;159;68;91
16.10.2020 13:30;113;57;56
16.10.2020 13:45;162;92;70
16.10.2020 14:00;180;45;135
16.10.2020 14:15;142;69;73
16.10.2020 14:30;144;83;61
16.10.2020 14:45;159;88;71
16.10.2020 15:00;178;86;92
16.10.2020 15:15;157;76;81
16.10.2020 15:30;145;69;76
16.10.2020 15:45;160;62;98
16.10.2020 16:00;142;67;75
16.10.2020 16:15;130;70;60
16.10.2020 16:30;113;63;50
16.10.2020 16:45;135;56;79
16.10.2020 17:00;130;55;75
16.10.2020 17:15;132;38;94
16.10.2020 17:30;106;46;60
16.10.2020 17:45;133;57;76
16.10.2020 18:00;117;48;69
16.10.2020 18:15;100;35;65
16.10.2020 18:30;98;50;48
16.10.2020 18:45;130;59;71
16.10.2020 19:00;122;58;64
16.10.2020 19:15;104;49;55
16.10.2020 19:30;85;53;32
16.10.2020 19:45;100;55;45
16.10.2020 20:00;79;32;47
16.10.2020 20:15;58;33;25
16.10.2020 20:30;60;28;32
16.10.2020 20:45;57;31;26
16.10.2020 21:00;43;20;23
16.10.2020 21:15;56;31;25
16.10.2020 21:30;56;23;33
16.10.2020 21:45;49;22;27
16.10.2020 22:00;57;36;21
16.10.2020 22:15;44;15;29
16.10.2020 22:30;38;18;20
16.10.2020 22:45;32;6;26
16.10.2020 23:00;32;6;26
16.10.2020 23:15;45;25;20
16.10.2020 23:30;43;20;23
16.10.2020 23:45;23;9;14
17.10.2020 00:00;42;20;22
17.10.2020 00:15;31;15;16
17.10.2020 00:30;22;8;14
17.10.2020 00:45;25;8;17
17.10.2020 01:00;20;6;14
17.10.2020 01:15;19;6;13
17.10.2020 01:30;20;9;11
17.10.2020 01:45;17;7;10
17.10.2020 02:00;13;11;2
17.10.2020 02:15;23;5;18
17.10.2020 02:30;8;3;5
17.10.2020 02:45;23;7;16
17.10.2020 03:00;12;0;12
17.10.2020 03:15;19;1;18
17.10.2020 03:30;16;5;11
17.10.2020 03:45;8;3;5
17.10.2020 04:00;12;4;8
17.10.2020 04:15;2;1;1
17.10.2020 04:30;3;3;0
17.10.2020 04:45;1;0;1
17.10.2020 05:00;3;0;3
17.10.2020 05:15;2;2;0
17.10.2020 05:30;11;5;6
17.10.2020 05:45;22;13;9
17.10.2020 06:00;6;5;1
17.10.2020 06:15;12;10;2
17.10.2020 06:30;10;6;4
17.10.2020 06:45;28;16;12
17.10.2020 07:00;10;4;6
17.10.2020 07:15;18;14;4
17.10.2020 07:30;20;12;8
17.10.2020 07:45;34;15;19
17.10.2020 08:00;30;20;10
17.10.2020 08:15;35;21;14
17.10.2020 08:30;44;29;15
17.10.2020 08:45;59;29;30
17.10.2020 09:00;45;25;20
17.10.2020 09:15;101;74;27
17.10.2020 09:30;101;67;34
17.10.2020 09:45;131;70;61
17.10.2020 10:00;106;60;46
17.10.2020 10:15;119;81;38
17.10.2020 10:30;126;84;42
17.10.2020 10:45;163;97;66
17.10.2020 11:00;144;83;61
17.10.2020 11:15;147;94;53
17.10.2020 11:30;156;72;84
17.10.2020 11:45;166;86;80
17.10.2020 12:00;178;85;93
17.10.2020 12:15;201;79;122
17.10.2020 12:30;211;96;115
17.10.2020 12:45;189;98;91
17.10.2020 13:00;166;81;85
17.10.2020 13:15;166;80;86
17.10.2020 13:30;177;79;98
17.10.2020 13:45;175;80;95
17.10.2020 14:00;164;71;93
17.10.2020 14:15;189;89;100
17.10.2020 14:30;185;95;90
17.10.2020 14:45;189;85;104
17.10.2020 15:00;178;82;96
17.10.2020 15:15;187;92;95
17.10.2020 15:30;143;64;79
17.10.2020 15:45;180;84;96
17.10.2020 16:00;151;71;80
17.10.2020 16:15;170;71;99
17.10.2020 16:30;156;62;94
17.10.2020 16:45;142;79;63
17.10.2020 17:00;164;49;115
17.10.2020 17:15;173;88;85
17.10.2020 17:30;145;67;78
17.10.2020 17:45;173;68;105
17.10.2020 18:00;160;56;104
17.10.2020 18:15;111;38;73
17.10.2020 18:30;137;76;61
17.10.2020 18:45;144;64;80
17.10.2020 19:00;130;60;70
17.10.2020 19:15;113;47;66
17.10.2020 19:30;90;56;34
17.10.2020 19:45;116;66;50
17.10.2020 20:00;101;44;57
17.10.2020 20:15;85;36;49
17.10.2020 20:30;70;27;43
17.10.2020 20:45;67;34;33
17.10.2020 21:00;54;36;18
17.10.2020 21:15;56;22;34
17.10.2020 21:30;50;20;30
17.10.2020 21:45;46;18;28
17.10.2020 22:00;39;17;22
17.10.2020 22:15;48;18;30
17.10.2020 22:30;33;15;18
17.10.2020 22:45;38;18;20
17.10.2020 23:00;45;10;35
17.10.2020 23:15;44;23;21
17.10.2020 23:30;51;21;30
17.10.2020 23:45;43;15;28
18.10.2020 00:00;35;13;22
18.10.2020 00:15;35;18;17
18.10.2020 00:30;47;16;31
18.10.2020 00:45;35;15;20
18.10.2020 01:00;35;10;25
18.10.2020 01:15;23;4;19
18.10.2020 01:30;26;14;12
18.10.2020 01:45;25;10;15
18.10.2020 02:00;20;10;10
18.10.2020 02:15;9;3;6
18.10.2020 02:30;15;6;9
18.10.2020 02:45;12;3;9
18.10.2020 03:00;23;7;16
18.10.2020 03:15;17;4;13
18.10.2020 03:30;16;5;11
18.10.2020 03:45;10;3;7
18.10.2020 04:00;4;0;4
18.10.2020 04:15;2;1;1
18.10.2020 04:30;5;3;2
18.10.2020 04:45;6;5;1
18.10.2020 05:00;3;0;3
18.10.2020 05:15;3;1;2
18.10.2020 05:30;9;4;5
18.10.2020 05:45;8;2;6
18.10.2020 06:00;8;5;3
18.10.2020 06:15;10;6;4
18.10.2020 06:30;8;4;4
18.10.2020 06:45;13;10;3
18.10.2020 07:00;9;5;4
18.10.2020 07:15;11;6;5
18.10.2020 07:30;8;3;5
18.10.2020 07:45;17;5;12
18.10.2020 08:00;17;8;9
18.10.2020 08:15;16;2;14
18.10.2020 08:30;11;5;6
18.10.2020 08:45;35;23;12
18.10.2020 09:00;26;15;11
18.10.2020 09:15;31;18;13
18.10.2020 09:30;60;38;22
18.10.2020 09:45;57;41;16
18.10.2020 10:00;50;29;21
18.10.2020 10:15;60;34;26
18.10.2020 10:30;74;46;28
18.10.2020 10:45;89;41;48
18.10.2020 11:00;69;33;36
18.10.2020 11:15;73;33;40
18.10.2020 11:30;81;46;35
18.10.2020 11:45;65;29;36
18.10.2020 12:00;79;39;40
18.10.2020 12:15;86;35;51
18.10.2020 12:30;100;57;43
18.10.2020 12:45;93;48;45
18.10.2020 13:00;114;53;61
18.10.2020 13:15;106;69;37
18.10.2020 13:30;102;39;63
18.10.2020 13:45;106;53;53
18.10.2020 14:00;111;48;63
18.10.2020 14:15;131;66;65
18.10.2020 14:30;137;78;59
18.10.2020 14:45;179;98;81
18.10.2020 15:00;159;85;74
18.10.2020 15:15;124;59;65
18.10.2020 15:30;157;84;73
18.10.2020 15:45;149;60;89
18.10.2020 16:00;117;56;61
18.10.2020 16:15;123;56;67
18.10.2020 16:30;111;51;60
18.10.2020 16:45;148;71;77
18.10.2020 17:00;132;64;68
18.10.2020 17:15;146;77;69
18.10.2020 17:30;149;78;71
18.10.2020 17:45;133;61;72
18.10.2020 18:00;101;42;59
18.10.2020 18:15;87;44;43
18.10.2020 18:30;89;46;43
18.10.2020 18:45;104;52;52
18.10.2020 19:00;92;33;59
18.10.2020 19:15;60;21;39
18.10.2020 19:30;53;29;24
18.10.2020 19:45;74;35;39
18.10.2020 20:00;68;20;48
18.10.2020 20:15;46;16;30
18.10.2020 20:30;54;24;30
18.10.2020 20:45;61;16;45
18.10.2020 21:00;33;17;16
18.10.2020 21:15;38;12;26
18.10.2020 21:30;25;9;16
18.10.2020 21:45;28;8;20
18.10.2020 22:00;26;11;15
18.10.2020 22:15;32;13;19
18.10.2020 22:30;26;11;15
18.10.2020 22:45;21;9;12
18.10.2020 23:00;20;9;11
18.10.2020 23:15;17;5;12
18.10.2020 23:30;23;6;17
18.10.2020 23:45;11;3;8
19.10.2020 00:00;1;0;1
19.10.2020 00:15;7;1;6
19.10.2020 00:30;6;4;2
19.10.2020 00:45;10;6;4
19.10.2020 01:00;3;2;1
19.10.2020 01:15;8;2;6
19.10.2020 01:30;5;2;3
19.10.2020 01:45;4;1;3
19.10.2020 02:00;0;0;0
19.10.2020 02:15;1;0;1
19.10.2020 02:30;1;1;0
19.10.2020 02:45;0;0;0
19.10.2020 03:00;4;4;0
19.10.2020 03:15;0;0;0
19.10.2020 03:30;1;0;1
19.10.2020 03:45;0;0;0
19.10.2020 04:00;0;0;0
19.10.2020 04:15;0;0;0
19.10.2020 04:30;3;2;1
19.10.2020 04:45;4;4;0
19.10.2020 05:00;2;2;0
19.10.2020 05:15;2;0;2
19.10.2020 05:30;10;6;4
19.10.2020 05:45;23;17;6
19.10.2020 06:00;23;18;5
19.10.2020 06:15;37;26;11
19.10.2020 06:30;62;36;26
19.10.2020 06:45;74;38;36
19.10.2020 07:00;101;55;46
19.10.2020 07:15;214;141;73
19.10.2020 07:30;502;336;166
19.10.2020 07:45;252;153;99
19.10.2020 08:00;152;75;77
19.10.2020 08:15;211;118;93
19.10.2020 08:30;233;142;91
19.10.2020 08:45;238;137;101
19.10.2020 09:00;164;101;63
19.10.2020 09:15;178;96;82
19.10.2020 09:30;170;85;85
19.10.2020 09:45;153;88;65
19.10.2020 10:00;119;77;42
19.10.2020 10:15;105;56;49
19.10.2020 10:30;147;92;55
19.10.2020 10:45;143;80;63
19.10.2020 11:00;153;66;87
19.10.2020 11:15;171;73;98
19.10.2020 11:30;169;80;89
19.10.2020 11:45;173;78;95
19.10.2020 12:00;190;90;100
19.10.2020 12:15;210;69;141
19.10.2020 12:30;215;88;127
19.10.2020 12:45;226;95;131
19.10.2020 13:00;374;122;252
19.10.2020 13:15;185;78;107
19.10.2020 13:30;215;107;108
19.10.2020 13:45;292;155;137
19.10.2020 14:00;236;94;142
19.10.2020 14:15;202;106;96
19.10.2020 14:30;232;119;113
19.10.2020 14:45;253;117;136
19.10.2020 15:00;224;123;101
19.10.2020 15:15;232;109;123
19.10.2020 15:30;382;167;215
19.10.2020 15:45;282;140;142
19.10.2020 16:00;293;121;172
19.10.2020 16:15;285;151;134
19.10.2020 16:30;284;143;141
19.10.2020 16:45;316;133;183
19.10.2020 17:00;315;134;181
19.10.2020 17:15;327;152;175
19.10.2020 17:30;301;114;187
19.10.2020 17:45;289;121;168
19.10.2020 18:00;267;107;160
19.10.2020 18:15;248;100;148
19.10.2020 18:30;226;80;146
19.10.2020 18:45;191;79;112
19.10.2020 19:00;185;67;118
19.10.2020 19:15;129;62;67
19.10.2020 19:30;128;53;75
19.10.2020 19:45;111;50;61
19.10.2020 20:00;97;45;52
19.10.2020 20:15;141;56;85
19.10.2020 20:30;69;28;41
19.10.2020 20:45;67;21;46
19.10.2020 21:00;42;19;23
19.10.2020 21:15;59;23;36
19.10.2020 21:30;55;18;37
19.10.2020 21:45;50;23;27
19.10.2020 22:00;50;26;24
19.10.2020 22:15;46;17;29
19.10.2020 22:30;44;13;31
19.10.2020 22:45;24;8;16
19.10.2020 23:00;20;7;13
19.10.2020 23:15;10;3;7
19.10.2020 23:30;16;6;10
19.10.2020 23:45;13;8;5
20.10.2020 00:00;23;7;16
20.10.2020 00:15;8;4;4
20.10.2020 00:30;17;10;7
20.10.2020 00:45;14;8;6
20.10.2020 01:00;7;3;4
20.10.2020 01:15;9;6;3
20.10.2020 01:30;2;1;1
20.10.2020 01:45;3;0;3
20.10.2020 02:00;4;1;3
20.10.2020 02:15;2;1;1
20.10.2020 02:30;0;0;0
20.10.2020 02:45;1;0;1
20.10.2020 03:00;2;2;0
20.10.2020 03:15;1;1;0
20.10.2020 03:30;2;1;1
20.10.2020 03:45;2;2;0
20.10.2020 04:00;3;1;2
20.10.2020 04:15;2;2;0
20.10.2020 04:30;3;2;1
20.10.2020 04:45;1;1;0
20.10.2020 05:00;6;6;0
20.10.2020 05:15;1;1;0
20.10.2020 05:30;18;9;9
20.10.2020 05:45;32;25;7
20.10.2020 06:00;30;16;14
20.10.2020 06:15;44;33;11
20.10.2020 06:30;58;33;25
20.10.2020 06:45;88;41;47
20.10.2020 07:00;82;48;34
20.10.2020 07:15;222;155;67
20.10.2020 07:30;497;324;173
20.10.2020 07:45;262;158;104
20.10.2020 08:00;183;95;88
20.10.2020 08:15;189;106;83
20.10.2020 08:30;215;126;89
20.10.2020 08:45;265;166;99
20.10.2020 09:00;188;106;82
20.10.2020 09:15;198;103;95
20.10.2020 09:30;174;112;62
20.10.2020 09:45;154;95;59
20.10.2020 10:00;127;67;60
20.10.2020 10:15;133;73;60
20.10.2020 10:30;151;81;70
20.10.2020 10:45;142;89;53
20.10.2020 11:00;149;72;77
20.10.2020 11:15;169;80;89
20.10.2020 11:30;165;84;81
20.10.2020 11:45;166;74;92
20.10.2020 12:00;194;91;103
20.10.2020 12:15;213;86;127
20.10.2020 12:30;204;92;112
20.10.2020 12:45;238;90;148
20.10.2020 13:00;417;129;288
20.10.2020 13:15;208;92;116
20.10.2020 13:30;216;102;114
20.10.2020 13:45;211;117;94
20.10.2020 14:00;215;104;111
20.10.2020 14:15;201;108;93
20.10.2020 14:30;205;107;98
20.10.2020 14:45;218;100;118
20.10.2020 15:00;250;116;134
20.10.2020 15:15;243;114;129
20.10.2020 15:30;335;152;183
20.10.2020 15:45;298;143;155
20.10.2020 16:00;265;133;132
20.10.2020 16:15;279;122;157
20.10.2020 16:30;321;125;196
20.10.2020 16:45;269;102;167
20.10.2020 17:00;300;129;171
20.10.2020 17:15;318;127;191
20.10.2020 17:30;285;112;173
20.10.2020 17:45;296;134;162
20.10.2020 18:00;250;107;143
20.10.2020 18:15;242;110;132
20.10.2020 18:30;203;82;121
20.10.2020 18:45;235;116;119
20.10.2020 19:00;210;81;129
20.10.2020 19:15;164;68;96
20.10.2020 19:30;130;57;73
20.10.2020 19:45;107;42;65
20.10.2020 20:00;122;52;70
20.10.2020 20:15;89;36;53
20.10.2020 20:30;87;35;52
20.10.2020 20:45;77;33;44
20.10.2020 21:00;65;41;24
20.10.2020 21:15;68;28;40
20.10.2020 21:30;49;18;31
20.10.2020 21:45;67;24;43
20.10.2020 22:00;69;31;38
20.10.2020 22:15;50;23;27
20.10.2020 22:30;50;21;29
20.10.2020 22:45;40;18;22
20.10.2020 23:00;40;12;28
20.10.2020 23:15;52;18;34
20.10.2020 23:30;12;2;10
20.10.2020 23:45;23;11;12
21.10.2020 00:00;12;5;7
21.10.2020 00:15;13;6;7
21.10.2020 00:30;16;4;12
21.10.2020 00:45;12;2;10
21.10.2020 01:00;9;4;5
21.10.2020 01:15;21;9;12
21.10.2020 01:30;6;3;3
21.10.2020 01:45;7;4;3
21.10.2020 02:00;9;3;6
21.10.2020 02:15;3;2;1
21.10.2020 02:30;8;1;7
21.10.2020 02:45;2;1;1
21.10.2020 03:00;1;0;1
21.10.2020 03:15;1;1;0
21.10.2020 03:30;2;1;1
21.10.2020 03:45;5;1;4
21.10.2020 04:00;1;0;1
21.10.2020 04:15;3;3;0
21.10.2020 04:30;4;3;1
21.10.2020 04:45;4;3;1
21.10.2020 05:00;5;4;1
21.10.2020 05:15;4;3;1
21.10.2020 05:30;11;6;5
21.10.2020 05:45;28;19;9
21.10.2020 06:00;29;22;7
21.10.2020 06:15;34;21;13
21.10.2020 06:30;58;34;24
21.10.2020 06:45;65;36;29
21.10.2020 07:00;87;43;44
21.10.2020 07:15;206;134;72
21.10.2020 07:30;479;310;169
21.10.2020 07:45;245;136;109
21.10.2020 08:00;180;95;85
21.10.2020 08:15;226;132;94
21.10.2020 08:30;241;141;100
21.10.2020 08:45;235;136;99
21.10.2020 09:00;179;110;69
21.10.2020 09:15;205;126;79
21.10.2020 09:30;169;101;68
21.10.2020 09:45;136;81;55
21.10.2020 10:00;130;73;57
21.10.2020 10:15;113;59;54
21.10.2020 10:30;137;78;59
21.10.2020 10:45;131;69;62
21.10.2020 11:00;156;79;77
21.10.2020 11:15;169;95;74
21.10.2020 11:30;188;88;100
21.10.2020 11:45;178;83;95
21.10.2020 12:00;230;92;138
21.10.2020 12:15;355;120;235
21.10.2020 12:30;233;118;115
21.10.2020 12:45;236;109;127
21.10.2020 13:00;383;191;192
21.10.2020 13:15;257;129;128
21.10.2020 13:30;247;139;108
21.10.2020 13:45;239;128;111
21.10.2020 14:00;233;110;123
21.10.2020 14:15;215;108;107
21.10.2020 14:30;240;115;125
21.10.2020 14:45;239;115;124
21.10.2020 15:00;227;114;113
21.10.2020 15:15;242;101;141
21.10.2020 15:30;277;107;170
21.10.2020 15:45;264;121;143
21.10.2020 16:00;238;105;133
21.10.2020 16:15;273;119;154
21.10.2020 16:30;227;103;124
21.10.2020 16:45;275;134;141
21.10.2020 17:00;275;128;147
21.10.2020 17:15;305;122;183
21.10.2020 17:30;276;121;155
21.10.2020 17:45;289;129;160
21.10.2020 18:00;264;126;138
21.10.2020 18:15;226;94;132
21.10.2020 18:30;226;84;142
21.10.2020 18:45;208;90;118
21.10.2020 19:00;164;65;99
21.10.2020 19:15;156;85;71
21.10.2020 19:30;113;56;57
21.10.2020 19:45;148;63;85
21.10.2020 20:00;137;59;78
21.10.2020 20:15;118;56;62
21.10.2020 20:30;94;37;57
21.10.2020 20:45;88;34;54
21.10.2020 21:00;84;29;55
21.10.2020 21:15;65;25;40
21.10.2020 21:30;51;22;29
21.10.2020 21:45;56;31;25
21.10.2020 22:00;80;38;42
21.10.2020 22:15;65;25;40
21.10.2020 22:30;47;14;33
21.10.2020 22:45;43;18;25
21.10.2020 23:00;48;16;32
21.10.2020 23:15;33;11;22
21.10.2020 23:30;31;16;15
21.10.2020 23:45;16;4;12
22.10.2020 00:00;19;9;10
22.10.2020 00:15;15;7;8
22.10.2020 00:30;14;7;7
22.10.2020 00:45;19;5;14
22.10.2020 01:00;7;1;6
22.10.2020 01:15;10;1;9
22.10.2020 01:30;10;5;5
22.10.2020 01:45;1;0;1
22.10.2020 02:00;4;2;2
22.10.2020 02:15;1;0;1
22.10.2020 02:30;2;2;0
22.10.2020 02:45;2;1;1
22.10.2020 03:00;0;0;0
22.10.2020 03:15;3;3;0
22.10.2020 03:30;2;1;1
22.10.2020 03:45;4;1;3
22.10.2020 04:00;4;3;1
22.10.2020 04:15;1;1;0
22.10.2020 04:30;4;3;1
22.10.2020 04:45;3;1;2
22.10.2020 05:00;1;0;1
22.10.2020 05:15;4;3;1
22.10.2020 05:30;9;4;5
22.10.2020 05:45;23;14;9
22.10.2020 06:00;20;13;7
22.10.2020 06:15;39;25;14
22.10.2020 06:30;62;41;21
22.10.2020 06:45;85;45;40
22.10.2020 07:00;88;48;40
22.10.2020 07:15;203;135;68
22.10.2020 07:30;466;294;172
22.10.2020 07:45;210;118;92
22.10.2020 08:00;181;86;95
22.10.2020 08:15;201;123;78
22.10.2020 08:30;218;136;82
22.10.2020 08:45;232;133;99
22.10.2020 09:00;188;119;69
22.10.2020 09:15;235;138;97
22.10.2020 09:30;171;98;73
22.10.2020 09:45;159;95;64
22.10.2020 10:00;125;80;45
22.10.2020 10:15;117;66;51
22.10.2020 10:30;154;92;62
22.10.2020 10:45;143;78;65
22.10.2020 11:00;162;70;92
22.10.2020 11:15;150;80;70
22.10.2020 11:30;175;96;79
22.10.2020 11:45;166;85;81
22.10.2020 12:00;199;100;99
22.10.2020 12:15;208;94;114
22.10.2020 12:30;223;119;104
22.10.2020 12:45;225;96;129
22.10.2020 13:00;392;153;239
22.10.2020 13:15;230;104;126
22.10.2020 13:30;213;106;107
22.10.2020 13:45;232;129;103
22.10.2020 14:00;260;121;139
22.10.2020 14:15;221;110;111
22.10.2020 14:30;238;133;105
22.10.2020 14:45;235;113;122
22.10.2020 15:00;239;111;128
22.10.2020 15:15;229;114;115
22.10.2020 15:30;336;153;183
22.10.2020 15:45;271;128;143
22.10.2020 16:00;266;141;125
22.10.2020 16:15;277;119;158
22.10.2020 16:30;275;120;155
22.10.2020 16:45;329;161;168
22.10.2020 17:00;328;134;194
22.10.2020 17:15;315;140;175
22.10.2020 17:30;271;123;148
22.10.2020 17:45;282;114;168
22.10.2020 18:00;292;134;158
22.10.2020 18:15;265;109;156
22.10.2020 18:30;255;112;143
22.10.2020 18:45;223;93;130
22.10.2020 19:00;199;75;124
22.10.2020 19:15;184;80;104
22.10.2020 19:30;125;44;81
22.10.2020 19:45;134;66;68
22.10.2020 20:00;130;57;73
22.10.2020 20:15;109;39;70
22.10.2020 20:30;93;50;43
22.10.2020 20:45;78;42;36
22.10.2020 21:00;78;34;44
22.10.2020 21:15;69;36;33
22.10.2020 21:30;71;35;36
22.10.2020 21:45;63;23;40
22.10.2020 22:00;67;19;48
22.10.2020 22:15;69;26;43
22.10.2020 22:30;60;28;32
22.10.2020 22:45;37;16;21
22.10.2020 23:00;45;12;33
22.10.2020 23:15;44;18;26
22.10.2020 23:30;45;15;30
22.10.2020 23:45;34;16;18
23.10.2020 00:00;22;7;15
23.10.2020 00:15;34;6;28
23.10.2020 00:30;12;5;7
23.10.2020 00:45;17;12;5
23.10.2020 01:00;20;3;17
23.10.2020 01:15;23;5;18
23.10.2020 01:30;10;3;7
23.10.2020 01:45;8;5;3
23.10.2020 02:00;7;2;5
23.10.2020 02:15;11;8;3
23.10.2020 02:30;7;4;3
23.10.2020 02:45;5;2;3
23.10.2020 03:00;0;0;0
23.10.2020 03:15;0;0;0
23.10.2020 03:30;1;0;1
23.10.2020 03:45;2;2;0
23.10.2020 04:00;0;0;0
23.10.2020 04:15;1;0;1
23.10.2020 04:30;7;5;2
23.10.2020 04:45;1;0;1
23.10.2020 05:00;5;1;4
23.10.2020 05:15;5;2;3
23.10.2020 05:30;10;7;3
23.10.2020 05:45;16;12;4
23.10.2020 06:00;15;10;5
23.10.2020 06:15;24;13;11
23.10.2020 06:30;49;37;12
23.10.2020 06:45;55;29;26
23.10.2020 07:00;61;29;32
23.10.2020 07:15;186;138;48
23.10.2020 07:30;387;262;125
23.10.2020 07:45;190;100;90
23.10.2020 08:00;130;70;60
23.10.2020 08:15;182;96;86
23.10.2020 08:30;161;100;61
23.10.2020 08:45;166;95;71
23.10.2020 09:00;162;114;48
23.10.2020 09:15;150;96;54
23.10.2020 09:30;127;76;51
23.10.2020 09:45;135;80;55
23.10.2020 10:00;113;73;40
23.10.2020 10:15;94;47;47
23.10.2020 10:30;108;62;46
23.10.2020 10:45;122;67;55
23.10.2020 11:00;133;54;79
23.10.2020 11:15;156;78;78
23.10.2020 11:30;164;78;86
23.10.2020 11:45;147;72;75
23.10.2020 12:00;150;54;96
23.10.2020 12:15;189;63;126
23.10.2020 12:30;168;85;83
23.10.2020 12:45;165;68;97
23.10.2020 13:00;301;93;208
23.10.2020 13:15;142;68;74
23.10.2020 13:30;124;57;67
23.10.2020 13:45;140;67;73
23.10.2020 14:00;179;64;115
23.10.2020 14:15;122;54;68
23.10.2020 14:30;123;55;68
23.10.2020 14:45;117;61;56
23.10.2020 15:00;110;62;48
23.10.2020 15:15;118;61;57
23.10.2020 15:30;104;41;63
23.10.2020 15:45;141;62;79
23.10.2020 16:00;115;48;67
23.10.2020 16:15;113;48;65
23.10.2020 16:30;125;63;62
23.10.2020 16:45;130;64;66
23.10.2020 17:00;125;58;67
23.10.2020 17:15;120;49;71
23.10.2020 17:30;126;62;64
23.10.2020 17:45;109;63;46
23.10.2020 18:00;108;45;63
23.10.2020 18:15;106;44;62
23.10.2020 18:30;105;49;56
23.10.2020 18:45;96;50;46
23.10.2020 19:00;108;36;72
23.10.2020 19:15;59;29;30
23.10.2020 19:30;73;45;28
23.10.2020 19:45;49;23;26
23.10.2020 20:00;62;26;36
23.10.2020 20:15;70;30;40
23.10.2020 20:30;45;19;26
23.10.2020 20:45;31;21;10
23.10.2020 21:00;47;22;25
23.10.2020 21:15;27;13;14
23.10.2020 21:30;21;11;10
23.10.2020 21:45;26;9;17
23.10.2020 22:00;33;21;12
23.10.2020 22:15;25;13;12
23.10.2020 22:30;36;18;18
23.10.2020 22:45;19;8;11
23.10.2020 23:00;31;15;16
23.10.2020 23:15;20;5;15
23.10.2020 23:30;26;4;22
23.10.2020 23:45;25;15;10
24.10.2020 00:00;23;6;17
24.10.2020 00:15;22;11;11
24.10.2020 00:30;14;4;10
24.10.2020 00:45;21;8;13
24.10.2020 01:00;8;0;8
24.10.2020 01:15;19;9;10
24.10.2020 01:30;11;4;7
24.10.2020 01:45;27;9;18
24.10.2020 02:00;11;4;7
24.10.2020 02:15;11;0;11
24.10.2020 02:30;10;3;7
24.10.2020 02:45;15;6;9
24.10.2020 03:00;12;5;7
24.10.2020 03:15;6;0;6
24.10.2020 03:30;13;0;13
24.10.2020 03:45;5;1;4
24.10.2020 04:00;3;0;3
24.10.2020 04:15;10;2;8
24.10.2020 04:30;10;5;5
24.10.2020 04:45;2;1;1
24.10.2020 05:00;3;2;1
24.10.2020 05:15;5;0;5
24.10.2020 05:30;8;3;5
24.10.2020 05:45;11;5;6
24.10.2020 06:00;5;5;0
24.10.2020 06:15;9;5;4
24.10.2020 06:30;6;5;1
24.10.2020 06:45;15;13;2
24.10.2020 07:00;11;3;8
24.10.2020 07:15;13;7;6
24.10.2020 07:30;24;18;6
24.10.2020 07:45;20;14;6
24.10.2020 08:00;22;15;7
24.10.2020 08:15;39;23;16
24.10.2020 08:30;59;40;19
24.10.2020 08:45;76;51;25
24.10.2020 09:00;60;43;17
24.10.2020 09:15;73;40;33
24.10.2020 09:30;75;51;24
24.10.2020 09:45;104;66;38
24.10.2020 10:00;115;66;49
24.10.2020 10:15;95;44;51
24.10.2020 10:30;129;80;49
24.10.2020 10:45;145;79;66
24.10.2020 11:00;128;76;52
24.10.2020 11:15;143;75;68
24.10.2020 11:30;153;94;59
24.10.2020 11:45;197;102;95
24.10.2020 12:00;126;59;67
24.10.2020 12:15;129;72;57
24.10.2020 12:30;163;92;71
24.10.2020 12:45;157;82;75
24.10.2020 13:00;156;80;76
24.10.2020 13:15;187;107;80
24.10.2020 13:30;157;75;82
24.10.2020 13:45;151;79;72
24.10.2020 14:00;180;95;85
24.10.2020 14:15;178;96;82
24.10.2020 14:30;168;81;87
24.10.2020 14:45;175;78;97
24.10.2020 15:00;195;102;93
24.10.2020 15:15;152;79;73
24.10.2020 15:30;191;104;87
24.10.2020 15:45;197;76;121
24.10.2020 16:00;204;87;117
24.10.2020 16:15;177;81;96
24.10.2020 16:30;186;79;107
24.10.2020 16:45;194;88;106
24.10.2020 17:00;173;90;83
24.10.2020 17:15;168;71;97
24.10.2020 17:30;167;68;99
24.10.2020 17:45;192;66;126
24.10.2020 18:00;206;91;115
24.10.2020 18:15;178;69;109
24.10.2020 18:30;124;57;67
24.10.2020 18:45;170;72;98
24.10.2020 19:00;125;63;62
24.10.2020 19:15;125;53;72
24.10.2020 19:30;107;55;52
24.10.2020 19:45;107;54;53
24.10.2020 20:00;88;33;55
24.10.2020 20:15;86;36;50
24.10.2020 20:30;57;18;39
24.10.2020 20:45;64;39;25
24.10.2020 21:00;63;23;40
24.10.2020 21:15;47;19;28
24.10.2020 21:30;49;17;32
24.10.2020 21:45;66;25;41
24.10.2020 22:00;60;26;34
24.10.2020 22:15;41;15;26
24.10.2020 22:30;35;11;24
24.10.2020 22:45;37;20;17
24.10.2020 23:00;50;23;27
24.10.2020 23:15;46;18;28
24.10.2020 23:30;43;14;29
24.10.2020 23:45;44;26;18
25.10.2020 00:00;42;16;26
25.10.2020 00:15;29;16;13
25.10.2020 00:30;32;10;22
25.10.2020 00:45;33;17;16
25.10.2020 01:00;13;7;6
25.10.2020 01:15;26;6;20
25.10.2020 01:30;27;9;18
25.10.2020 01:45;29;7;22
25.10.2020 02:00;45;14;31
25.10.2020 02:15;23;7;16
25.10.2020 02:30;18;5;13
25.10.2020 02:45;21;9;12
25.10.2020 03:00;19;4;15
25.10.2020 03:15;8;0;8
25.10.2020 03:30;10;4;6
25.10.2020 03:45;5;1;4
25.10.2020 04:00;4;2;2
25.10.2020 04:15;2;2;0
25.10.2020 04:30;1;1;0
25.10.2020 04:45;4;2;2
25.10.2020 05:00;2;1;1
25.10.2020 05:15;5;3;2
25.10.2020 05:30;9;4;5
25.10.2020 05:45;5;0;5
25.10.2020 06:00;8;8;0
25.10.2020 06:15;12;9;3
25.10.2020 06:30;8;3;5
25.10.2020 06:45;7;5;2
25.10.2020 07:00;4;4;0
25.10.2020 07:15;11;3;8
25.10.2020 07:30;17;8;9
25.10.2020 07:45;20;9;11
25.10.2020 08:00;22;6;16
25.10.2020 08:15;17;8;9
25.10.2020 08:30;28;11;17
25.10.2020 08:45;26;13;13
25.10.2020 09:00;32;17;15
25.10.2020 09:15;43;24;19
25.10.2020 09:30;62;32;30
25.10.2020 09:45;69;45;24
25.10.2020 10:00;55;29;26
25.10.2020 10:15;64;33;31
25.10.2020 10:30;69;34;35
25.10.2020 10:45;86;42;44
25.10.2020 11:00;80;45;35
25.10.2020 11:15;79;40;39
25.10.2020 11:30;65;30;35
25.10.2020 11:45;76;30;46
25.10.2020 12:00;95;46;49
25.10.2020 12:15;84;30;54
25.10.2020 12:30;85;48;37
25.10.2020 12:45;102;49;53
25.10.2020 13:00;125;67;58
25.10.2020 13:15;85;36;49
25.10.2020 13:30;108;50;58
25.10.2020 13:45;117;41;76
25.10.2020 14:00;140;72;68
25.10.2020 14:15;129;69;60
25.10.2020 14:30;126;51;75
25.10.2020 14:45;152;73;79
25.10.2020 15:00;156;71;85
25.10.2020 15:15;163;87;76
25.10.2020 15:30;122;52;70
25.10.2020 15:45;131;84;47
25.10.2020 16:00;144;81;63
25.10.2020 16:15;129;66;63
25.10.2020 16:30;143;75;68
25.10.2020 16:45;145;67;78
25.10.2020 17:00;145;77;68
25.10.2020 17:15;135;52;83
25.10.2020 17:30;135;70;65
25.10.2020 17:45;139;71;68
25.10.2020 18:00;89;45;44
25.10.2020 18:15;85;35;50
25.10.2020 18:30;66;35;31
25.10.2020 18:45;61;28;33
25.10.2020 19:00;70;40;30
25.10.2020 19:15;49;22;27
25.10.2020 19:30;58;40;18
25.10.2020 19:45;50;24;26
25.10.2020 20:00;55;20;35
25.10.2020 20:15;41;10;31
25.10.2020 20:30;47;22;25
25.10.2020 20:45;40;19;21
25.10.2020 21:00;29;16;13
25.10.2020 21:15;28;12;16
25.10.2020 21:30;38;10;28
25.10.2020 21:45;33;12;21
25.10.2020 22:00;32;17;15
25.10.2020 22:15;18;5;13
25.10.2020 22:30;24;11;13
25.10.2020 22:45;16;9;7
25.10.2020 23:00;29;9;20
25.10.2020 23:15;12;6;6
25.10.2020 23:30;19;5;14
25.10.2020 23:45;11;0;11
26.10.2020 00:00;13;3;10
26.10.2020 00:15;18;13;5
26.10.2020 00:30;9;4;5
26.10.2020 00:45;7;6;1
26.10.2020 01:00;4;1;3
26.10.2020 01:15;3;2;1
26.10.2020 01:30;4;0;4
26.10.2020 01:45;6;3;3
26.10.2020 02:00;4;4;0
26.10.2020 02:15;2;0;2
26.10.2020 02:30;2;0;2
26.10.2020 02:45;2;2;0
26.10.2020 03:00;1;0;1
26.10.2020 03:15;0;0;0
26.10.2020 03:30;0;0;0
26.10.2020 03:45;1;1;0
26.10.2020 04:00;0;0;0
26.10.2020 04:15;0;0;0
26.10.2020 04:30;0;0;0
26.10.2020 04:45;0;0;0
26.10.2020 05:00;2;2;0
26.10.2020 05:15;2;1;1
26.10.2020 05:30;13;8;5
26.10.2020 05:45;27;18;9
26.10.2020 06:00;32;19;13
26.10.2020 06:15;38;24;14
26.10.2020 06:30;45;29;16
26.10.2020 06:45;68;43;25
26.10.2020 07:00;53;23;30
26.10.2020 07:15;69;43;26
26.10.2020 07:30;65;41;24
26.10.2020 07:45;87;46;41
26.10.2020 08:00;76;40;36
26.10.2020 08:15;86;48;38
26.10.2020 08:30;93;56;37
26.10.2020 08:45;90;54;36
26.10.2020 09:00;57;36;21
26.10.2020 09:15;56;26;30
26.10.2020 09:30;55;28;27
26.10.2020 09:45;53;25;28
26.10.2020 10:00;54;33;21
26.10.2020 10:15;49;22;27
26.10.2020 10:30;40;15;25
26.10.2020 10:45;60;39;21
26.10.2020 11:00;59;36;23
26.10.2020 11:15;45;23;22
26.10.2020 11:30;58;28;30
26.10.2020 11:45;72;28;44
26.10.2020 12:00;63;37;26
26.10.2020 12:15;52;20;32
26.10.2020 12:30;67;29;38
26.10.2020 12:45;67;27;40
26.10.2020 13:00;73;31;42
26.10.2020 13:15;70;35;35
26.10.2020 13:30;70;39;31
26.10.2020 13:45;70;28;42
26.10.2020 14:00;54;26;28
26.10.2020 14:15;68;30;38
26.10.2020 14:30;47;27;20
26.10.2020 14:45;67;40;27
26.10.2020 15:00;67;37;30
26.10.2020 15:15;69;31;38
26.10.2020 15:30;85;48;37
26.10.2020 15:45;78;44;34
26.10.2020 16:00;78;40;38
26.10.2020 16:15;97;50;47
26.10.2020 16:30;96;42;54
26.10.2020 16:45;102;36;66
26.10.2020 17:00;97;45;52
26.10.2020 17:15;93;32;61
26.10.2020 17:30;95;41;54
26.10.2020 17:45;95;47;48
26.10.2020 18:00;96;43;53
26.10.2020 18:15;78;38;40
26.10.2020 18:30;74;36;38
26.10.2020 18:45;96;37;59
26.10.2020 19:00;76;32;44
26.10.2020 19:15;58;26;32
26.10.2020 19:30;49;25;24
26.10.2020 19:45;63;38;25
26.10.2020 20:00;63;29;34
26.10.2020 20:15;62;28;34
26.10.2020 20:30;38;14;24
26.10.2020 20:45;29;12;17
26.10.2020 21:00;32;14;18
26.10.2020 21:15;30;11;19
26.10.2020 21:30;24;11;13
26.10.2020 21:45;34;18;16
26.10.2020 22:00;26;10;16
26.10.2020 22:15;22;11;11
26.10.2020 22:30;17;5;12
26.10.2020 22:45;29;10;19
26.10.2020 23:00;20;6;14
26.10.2020 23:15;14;7;7
26.10.2020 23:30;8;3;5
26.10.2020 23:45;9;3;6
27.10.2020 00:00;12;4;8
27.10.2020 00:15;5;1;4
27.10.2020 00:30;5;3;2
27.10.2020 00:45;7;2;5
27.10.2020 01:00;11;5;6
27.10.2020 01:15;7;5;2
27.10.2020 01:30;2;2;0
27.10.2020 01:45;3;2;1
27.10.2020 02:00;9;7;2
27.10.2020 02:15;4;1;3
27.10.2020 02:30;2;0;2
27.10.2020 02:45;1;1;0
27.10.2020 03:00;3;2;1
27.10.2020 03:15;1;1;0
27.10.2020 03:30;0;0;0
27.10.2020 03:45;2;2;0
27.10.2020 04:00;1;1;0
27.10.2020 04:15;0;0;0
27.10.2020 04:30;3;1;2
27.10.2020 04:45;3;1;2
27.10.2020 05:00;3;3;0
27.10.2020 05:15;5;2;3
27.10.2020 05:30;16;10;6
27.10.2020 05:45;27;21;6
27.10.2020 06:00;22;13;9
27.10.2020 06:15;31;21;10
27.10.2020 06:30;50;31;19
27.10.2020 06:45;66;44;22
27.10.2020 07:00;71;41;30
27.10.2020 07:15;83;45;38
27.10.2020 07:30;114;70;44
27.10.2020 07:45;182;107;75
27.10.2020 08:00;130;68;62
27.10.2020 08:15;137;80;57
27.10.2020 08:30;158;93;65
27.10.2020 08:45;188;103;85
27.10.2020 09:00;110;63;47
27.10.2020 09:15;126;79;47
27.10.2020 09:30;122;83;39
27.10.2020 09:45;141;87;54
27.10.2020 10:00;120;67;53
27.10.2020 10:15;133;77;56
27.10.2020 10:30;158;89;69
27.10.2020 10:45;142;77;65
27.10.2020 11:00;165;94;71
27.10.2020 11:15;135;70;65
27.10.2020 11:30;190;95;95
27.10.2020 11:45;152;70;82
27.10.2020 12:00;190;87;103
27.10.2020 12:15;165;73;92
27.10.2020 12:30;173;94;79
27.10.2020 12:45;164;63;101
27.10.2020 13:00;165;73;92
27.10.2020 13:15;157;78;79
27.10.2020 13:30;170;87;83
27.10.2020 13:45;208;108;100
27.10.2020 14:00;166;75;91
27.10.2020 14:15;176;82;94
27.10.2020 14:30;222;131;91
27.10.2020 14:45;180;95;85
27.10.2020 15:00;187;97;90
27.10.2020 15:15;231;95;136
27.10.2020 15:30;188;90;98
27.10.2020 15:45;221;121;100
27.10.2020 16:00;227;100;127
27.10.2020 16:15;234;94;140
27.10.2020 16:30;248;132;116
27.10.2020 16:45;275;110;165
27.10.2020 17:00;231;98;133
27.10.2020 17:15;262;125;137
27.10.2020 17:30;187;72;115
27.10.2020 17:45;237;108;129
27.10.2020 18:00;215;80;135
27.10.2020 18:15;182;79;103
27.10.2020 18:30;151;65;86
27.10.2020 18:45;165;71;94
27.10.2020 19:00;156;63;93
27.10.2020 19:15;124;62;62
27.10.2020 19:30;108;45;63
27.10.2020 19:45;88;43;45
27.10.2020 20:00;102;42;60
27.10.2020 20:15;101;43;58
27.10.2020 20:30;77;30;47
27.10.2020 20:45;56;30;26
27.10.2020 21:00;58;21;37
27.10.2020 21:15;41;17;24
27.10.2020 21:30;39;18;21
27.10.2020 21:45;67;18;49
27.10.2020 22:00;68;26;42
27.10.2020 22:15;60;16;44
27.10.2020 22:30;33;17;16
27.10.2020 22:45;33;12;21
27.10.2020 23:00;44;8;36
27.10.2020 23:15;36;10;26
27.10.2020 23:30;21;10;11
27.10.2020 23:45;30;9;21
28.10.2020 00:00;17;7;10
28.10.2020 00:15;14;6;8
28.10.2020 00:30;8;2;6
28.10.2020 00:45;5;1;4
28.10.2020 01:00;11;1;10
28.10.2020 01:15;6;5;1
28.10.2020 01:30;4;2;2
28.10.2020 01:45;6;2;4
28.10.2020 02:00;8;7;1
28.10.2020 02:15;1;0;1
28.10.2020 02:30;2;1;1
28.10.2020 02:45;1;1;0
28.10.2020 03:00;5;0;5
28.10.2020 03:15;1;0;1
28.10.2020 03:30;2;0;2
28.10.2020 03:45;1;1;0
28.10.2020 04:00;7;6;1
28.10.2020 04:15;1;0;1
28.10.2020 04:30;4;2;2
28.10.2020 04:45;2;1;1
28.10.2020 05:00;5;5;0
28.10.2020 05:15;6;4;2
28.10.2020 05:30;14;6;8
28.10.2020 05:45;21;15;6
28.10.2020 06:00;24;13;11
28.10.2020 06:15;33;19;14
28.10.2020 06:30;51;30;21
28.10.2020 06:45;56;30;26
28.10.2020 07:00;59;33;26
28.10.2020 07:15;64;34;30
28.10.2020 07:30;84;55;29
28.10.2020 07:45;123;72;51
28.10.2020 08:00;112;61;51
28.10.2020 08:15;118;70;48
28.10.2020 08:30;153;103;50
28.10.2020 08:45;180;107;73
28.10.2020 09:00;123;74;49
28.10.2020 09:15;116;66;50
28.10.2020 09:30;102;59;43
28.10.2020 09:45;120;76;44
28.10.2020 10:00;95;60;35
28.10.2020 10:15;115;48;67
28.10.2020 10:30;100;68;32
28.10.2020 10:45;118;64;54
28.10.2020 11:00;103;51;52
28.10.2020 11:15;114;74;40
28.10.2020 11:30;141;71;70
28.10.2020 11:45;132;62;70
28.10.2020 12:00;150;73;77
28.10.2020 12:15;133;61;72
28.10.2020 12:30;143;68;75
28.10.2020 12:45;160;73;87
28.10.2020 13:00;153;77;76
28.10.2020 13:15;131;59;72
28.10.2020 13:30;161;82;79
28.10.2020 13:45;171;89;82
28.10.2020 14:00;129;65;64
28.10.2020 14:15;150;85;65
28.10.2020 14:30;153;76;77
28.10.2020 14:45;178;99;79
28.10.2020 15:00;162;87;75
28.10.2020 15:15;193;71;122
28.10.2020 15:30;169;75;94
28.10.2020 15:45;215;112;103
28.10.2020 16:00;189;104;85
28.10.2020 16:15;181;86;95
28.10.2020 16:30;219;93;126
28.10.2020 16:45;197;101;96
28.10.2020 17:00;229;103;126
28.10.2020 17:15;219;94;125
28.10.2020 17:30;211;93;118
28.10.2020 17:45;214;87;127
28.10.2020 18:00;195;73;122
28.10.2020 18:15;177;66;111
28.10.2020 18:30;138;49;89
28.10.2020 18:45;160;76;84
28.10.2020 19:00;122;49;73
28.10.2020 19:15;101;39;62
28.10.2020 19:30;111;51;60
28.10.2020 19:45;105;52;53
28.10.2020 20:00;96;52;44
28.10.2020 20:15;113;40;73
28.10.2020 20:30;71;35;36
28.10.2020 20:45;67;26;41
28.10.2020 21:00;51;21;30
28.10.2020 21:15;54;19;35
28.10.2020 21:30;47;27;20
28.10.2020 21:45;24;12;12
28.10.2020 22:00;56;21;35
28.10.2020 22:15;51;22;29
28.10.2020 22:30;45;26;19
28.10.2020 22:45;45;16;29
28.10.2020 23:00;49;14;35
28.10.2020 23:15;54;17;37
28.10.2020 23:30;24;7;17
28.10.2020 23:45;20;7;13
29.10.2020 00:00;15;9;6
29.10.2020 00:15;12;7;5
29.10.2020 00:30;8;3;5
29.10.2020 00:45;19;12;7
29.10.2020 01:00;13;4;9
29.10.2020 01:15;12;3;9
29.10.2020 01:30;16;9;7
29.10.2020 01:45;7;3;4
29.10.2020 02:00;6;4;2
29.10.2020 02:15;3;1;2
29.10.2020 02:30;2;1;1
29.10.2020 02:45;3;1;2
29.10.2020 03:00;3;1;2
29.10.2020 03:15;3;0;3
29.10.2020 03:30;2;0;2
29.10.2020 03:45;3;2;1
29.10.2020 04:00;0;0;0
29.10.2020 04:15;3;1;2
29.10.2020 04:30;4;1;3
29.10.2020 04:45;5;3;2
29.10.2020 05:00;4;4;0
29.10.2020 05:15;3;2;1
29.10.2020 05:30;15;5;10
29.10.2020 05:45;24;15;9
29.10.2020 06:00;17;10;7
29.10.2020 06:15;21;14;7
29.10.2020 06:30;38;18;20
29.10.2020 06:45;48;31;17
29.10.2020 07:00;39;22;17
29.10.2020 07:15;67;30;37
29.10.2020 07:30;79;49;30
29.10.2020 07:45;114;73;41
29.10.2020 08:00;108;57;51
29.10.2020 08:15;119;72;47
29.10.2020 08:30;103;66;37
29.10.2020 08:45;127;78;49
29.10.2020 09:00;111;60;51
29.10.2020 09:15;98;53;45
29.10.2020 09:30;98;57;41
29.10.2020 09:45;92;54;38
29.10.2020 10:00;88;59;29
29.10.2020 10:15;73;48;25
29.10.2020 10:30;77;43;34
29.10.2020 10:45;96;45;51
29.10.2020 11:00;87;52;35
29.10.2020 11:15;90;53;37
29.10.2020 11:30;104;60;44
29.10.2020 11:45;112;60;52
29.10.2020 12:00;131;67;64
29.10.2020 12:15;129;54;75
29.10.2020 12:30;130;56;74
29.10.2020 12:45;143;76;67
29.10.2020 13:00;139;74;65
29.10.2020 13:15;130;60;70
29.10.2020 13:30;135;66;69
29.10.2020 13:45;128;67;61
29.10.2020 14:00;145;72;73
29.10.2020 14:15;136;78;58
29.10.2020 14:30;139;61;78
29.10.2020 14:45;159;82;77
29.10.2020 15:00;137;78;59
29.10.2020 15:15;142;61;81
29.10.2020 15:30;162;94;68
29.10.2020 15:45;151;79;72
29.10.2020 16:00;165;76;89
29.10.2020 16:15;167;79;88
29.10.2020 16:30;205;79;126
29.10.2020 16:45;181;86;95
29.10.2020 17:00;187;80;107
29.10.2020 17:15;168;83;85
29.10.2020 17:30;179;89;90
29.10.2020 17:45;155;73;82
29.10.2020 18:00;141;66;75
29.10.2020 18:15;138;53;85
29.10.2020 18:30;166;59;107
29.10.2020 18:45;155;79;76
29.10.2020 19:00;151;68;83
29.10.2020 19:15;121;52;69
29.10.2020 19:30;101;50;51
29.10.2020 19:45;87;39;48
29.10.2020 20:00;109;52;57
29.10.2020 20:15;88;39;49
29.10.2020 20:30;57;29;28
29.10.2020 20:45;49;27;22
29.10.2020 21:00;52;18;34
29.10.2020 21:15;52;15;37
29.10.2020 21:30;39;22;17
29.10.2020 21:45;35;14;21
29.10.2020 22:00;48;18;30
29.10.2020 22:15;43;16;27
29.10.2020 22:30;33;5;28
29.10.2020 22:45;60;14;46
29.10.2020 23:00;55;16;39
29.10.2020 23:15;49;21;28
29.10.2020 23:30;34;8;26
29.10.2020 23:45;9;4;5
30.10.2020 00:00;16;6;10
30.10.2020 00:15;10;3;7
30.10.2020 00:30;9;2;7
30.10.2020 00:45;17;9;8
30.10.2020 01:00;14;10;4
30.10.2020 01:15;3;1;2
30.10.2020 01:30;6;3;3
30.10.2020 01:45;6;3;3
30.10.2020 02:00;8;4;4
30.10.2020 02:15;3;1;2
30.10.2020 02:30;5;5;0
30.10.2020 02:45;7;3;4
30.10.2020 03:00;2;2;0
30.10.2020 03:15;1;0;1
30.10.2020 03:30;4;2;2
30.10.2020 03:45;3;3;0
30.10.2020 04:00;3;0;3
30.10.2020 04:15;8;2;6
30.10.2020 04:30;6;4;2
30.10.2020 04:45;5;3;2
30.10.2020 05:00;5;5;0
30.10.2020 05:15;5;3;2
30.10.2020 05:30;15;9;6
30.10.2020 05:45;23;14;9
30.10.2020 06:00;19;11;8
30.10.2020 06:15;27;19;8
30.10.2020 06:30;49;31;18
30.10.2020 06:45;57;40;17
30.10.2020 07:00;60;33;27
30.10.2020 07:15;75;41;34
30.10.2020 07:30;104;61;43
30.10.2020 07:45;136;78;58
30.10.2020 08:00;111;64;47
30.10.2020 08:15;127;64;63
30.10.2020 08:30;150;98;52
30.10.2020 08:45;190;112;78
30.10.2020 09:00;141;89;52
30.10.2020 09:15;139;81;58
30.10.2020 09:30;124;81;43
30.10.2020 09:45;145;87;58
30.10.2020 10:00;150;85;65
30.10.2020 10:15;151;82;69
30.10.2020 10:30;162;91;71
30.10.2020 10:45;139;77;62
30.10.2020 11:00;160;84;76
30.10.2020 11:15;180;99;81
30.10.2020 11:30;158;90;68
30.10.2020 11:45;214;123;91
30.10.2020 12:00;188;96;92
30.10.2020 12:15;175;77;98
30.10.2020 12:30;198;80;118
30.10.2020 12:45;188;84;104
30.10.2020 13:00;186;82;104
30.10.2020 13:15;180;72;108
30.10.2020 13:30;164;97;67
30.10.2020 13:45;201;92;109
30.10.2020 14:00;182;89;93
30.10.2020 14:15;205;94;111
30.10.2020 14:30;177;81;96
30.10.2020 14:45;226;104;122
30.10.2020 15:00;187;108;79
30.10.2020 15:15;201;113;88
30.10.2020 15:30;214;113;101
30.10.2020 15:45;232;128;104
30.10.2020 16:00;210;104;106
30.10.2020 16:15;153;81;72
30.10.2020 16:30;217;104;113
30.10.2020 16:45;217;108;109
30.10.2020 17:00;226;104;122
30.10.2020 17:15;225;106;119
30.10.2020 17:30;179;77;102
30.10.2020 17:45;189;88;101
30.10.2020 18:00;188;71;117
30.10.2020 18:15;165;69;96
30.10.2020 18:30;145;67;78
30.10.2020 18:45;154;79;75
30.10.2020 19:00;160;80;80
30.10.2020 19:15;133;62;71
30.10.2020 19:30;115;45;70
30.10.2020 19:45;105;53;52
30.10.2020 20:00;101;47;54
30.10.2020 20:15;67;28;39
30.10.2020 20:30;74;36;38
30.10.2020 20:45;54;30;24
30.10.2020 21:00;79;41;38
30.10.2020 21:15;54;35;19
30.10.2020 21:30;64;26;38
30.10.2020 21:45;61;23;38
30.10.2020 22:00;46;17;29
30.10.2020 22:15;51;20;31
30.10.2020 22:30;45;14;31
30.10.2020 22:45;44;11;33
30.10.2020 23:00;73;18;55
30.10.2020 23:15;61;27;34
30.10.2020 23:30;34;11;23
30.10.2020 23:45;31;12;19
31.10.2020 00:00;25;11;14
31.10.2020 00:15;22;5;17
31.10.2020 00:30;29;13;16
31.10.2020 00:45;16;9;7
31.10.2020 01:00;32;16;16
31.10.2020 01:15;16;8;8
31.10.2020 01:30;12;3;9
31.10.2020 01:45;16;6;10
31.10.2020 02:00;6;1;5
31.10.2020 02:15;11;3;8
31.10.2020 02:30;3;1;2
31.10.2020 02:45;8;3;5
31.10.2020 03:00;5;4;1
31.10.2020 03:15;8;3;5
31.10.2020 03:30;4;1;3
31.10.2020 03:45;2;0;2
31.10.2020 04:00;6;2;4
31.10.2020 04:15;7;5;2
31.10.2020 04:30;10;5;5
31.10.2020 04:45;7;3;4
31.10.2020 05:00;2;0;2
31.10.2020 05:15;6;2;4
31.10.2020 05:30;5;3;2
31.10.2020 05:45;13;6;7
31.10.2020 06:00;4;2;2
31.10.2020 06:15;13;11;2
31.10.2020 06:30;14;9;5
31.10.2020 06:45;22;7;15
31.10.2020 07:00;6;4;2
31.10.2020 07:15;13;8;5
31.10.2020 07:30;24;13;11
31.10.2020 07:45;39;13;26
31.10.2020 08:00;24;12;12
31.10.2020 08:15;28;15;13
31.10.2020 08:30;60;34;26
31.10.2020 08:45;60;30;30
31.10.2020 09:00;62;41;21
31.10.2020 09:15;73;43;30
31.10.2020 09:30;81;50;31
31.10.2020 09:45;100;58;42
31.10.2020 10:00;97;53;44
31.10.2020 10:15;137;76;61
31.10.2020 10:30;137;86;51
31.10.2020 10:45;142;84;58
31.10.2020 11:00;140;63;77
31.10.2020 11:15;153;72;81
31.10.2020 11:30;139;84;55
31.10.2020 11:45;167;94;73
31.10.2020 12:00;130;68;62
31.10.2020 12:15;153;72;81
31.10.2020 12:30;144;73;71
31.10.2020 12:45;166;92;74
31.10.2020 13:00;176;95;81
31.10.2020 13:15;133;62;71
31.10.2020 13:30;162;98;64
31.10.2020 13:45;163;78;85
31.10.2020 14:00;164;75;89
31.10.2020 14:15;164;62;102
31.10.2020 14:30;148;74;74
31.10.2020 14:45;206;87;119
31.10.2020 15:00;163;76;87
31.10.2020 15:15;151;65;86
31.10.2020 15:30;175;86;89
31.10.2020 15:45;143;65;78
31.10.2020 16:00;139;78;61
31.10.2020 16:15;144;66;78
31.10.2020 16:30;158;76;82
31.10.2020 16:45;169;73;96
31.10.2020 17:00;163;64;99
31.10.2020 17:15;152;59;93
31.10.2020 17:30;151;63;88
31.10.2020 17:45;147;70;77
31.10.2020 18:00;149;68;81
31.10.2020 18:15;112;43;69
31.10.2020 18:30;117;48;69
31.10.2020 18:45;110;41;69
31.10.2020 19:00;90;47;43
31.10.2020 19:15;93;45;48
31.10.2020 19:30;61;26;35
31.10.2020 19:45;83;40;43
31.10.2020 20:00;86;35;51
31.10.2020 20:15;76;35;41
31.10.2020 20:30;93;45;48
31.10.2020 20:45;44;24;20
31.10.2020 21:00;55;20;35
31.10.2020 21:15;50;27;23
31.10.2020 21:30;46;21;25
31.10.2020 21:45;59;21;38
31.10.2020 22:00;39;18;21
31.10.2020 22:15;38;14;24
31.10.2020 22:30;53;17;36
31.10.2020 22:45;43;12;31
31.10.2020 23:00;79;33;46
31.10.2020 23:15;62;15;47
31.10.2020 23:30;50;22;28
31.10.2020 23:45;50;13;37
01.11.2020 00:00;37;21;16
01.11.2020 00:15;35;15;20
01.11.2020 00:30;31;17;14
01.11.2020 00:45;41;15;26
01.11.2020 01:00;36;15;21
01.11.2020 01:15;21;7;14
01.11.2020 01:30;42;24;18
01.11.2020 01:45;29;9;20
01.11.2020 02:00;15;6;9
01.11.2020 02:15;22;12;10
01.11.2020 02:30;11;3;8
01.11.2020 02:45;10;4;6
01.11.2020 03:00;16;6;10
01.11.2020 03:15;12;4;8
01.11.2020 03:30;5;2;3
01.11.2020 03:45;11;7;4
01.11.2020 04:00;9;0;9
01.11.2020 04:15;10;7;3
01.11.2020 04:30;6;3;3
01.11.2020 04:45;6;5;1
01.11.2020 05:00;1;1;0
01.11.2020 05:15;2;0;2
01.11.2020 05:30;2;2;0
01.11.2020 05:45;10;4;6
01.11.2020 06:00;3;2;1
01.11.2020 06:15;7;5;2
01.11.2020 06:30;7;5;2
01.11.2020 06:45;7;5;2
01.11.2020 07:00;9;7;2
01.11.2020 07:15;8;6;2
01.11.2020 07:30;10;6;4
01.11.2020 07:45;8;4;4
01.11.2020 08:00;22;12;10
01.11.2020 08:15;21;8;13
01.11.2020 08:30;19;12;7
01.11.2020 08:45;27;17;10
01.11.2020 09:00;23;19;4
01.11.2020 09:15;34;15;19
01.11.2020 09:30;33;27;6
01.11.2020 09:45;50;30;20
01.11.2020 10:00;39;21;18
01.11.2020 10:15;43;22;21
01.11.2020 10:30;38;19;19
01.11.2020 10:45;40;18;22
01.11.2020 11:00;57;26;31
01.11.2020 11:15;42;16;26
01.11.2020 11:30;31;18;13
01.11.2020 11:45;30;13;17
01.11.2020 12:00;43;14;29
01.11.2020 12:15;45;20;25
01.11.2020 12:30;38;26;12
01.11.2020 12:45;36;17;19
01.11.2020 13:00;44;19;25
01.11.2020 13:15;43;26;17
01.11.2020 13:30;44;22;22
01.11.2020 13:45;67;34;33
01.11.2020 14:00;70;30;40
01.11.2020 14:15;65;30;35
01.11.2020 14:30;74;42;32
01.11.2020 14:45;87;54;33
01.11.2020 15:00;86;44;42
01.11.2020 15:15;72;29;43
01.11.2020 15:30;92;48;44
01.11.2020 15:45;103;56;47
01.11.2020 16:00;81;33;48
01.11.2020 16:15;87;44;43
01.11.2020 16:30;92;47;45
01.11.2020 16:45;74;42;32
01.11.2020 17:00;85;46;39
01.11.2020 17:15;70;32;38
01.11.2020 17:30;73;32;41
01.11.2020 17:45;89;50;39
01.11.2020 18:00;68;36;32
01.11.2020 18:15;71;37;34
01.11.2020 18:30;53;32;21
01.11.2020 18:45;52;28;24
01.11.2020 19:00;49;27;22
01.11.2020 19:15;49;25;24
01.11.2020 19:30;55;32;23
01.11.2020 19:45;43;19;24
01.11.2020 20:00;59;24;35
01.11.2020 20:15;37;20;17
01.11.2020 20:30;35;13;22
01.11.2020 20:45;29;19;10
01.11.2020 21:00;26;9;17
01.11.2020 21:15;34;7;27
01.11.2020 21:30;27;14;13
01.11.2020 21:45;26;6;20
01.11.2020 22:00;21;7;14
01.11.2020 22:15;24;12;12
01.11.2020 22:30;23;10;13
01.11.2020 22:45;27;10;17
01.11.2020 23:00;25;8;17
01.11.2020 23:15;12;5;7
01.11.2020 23:30;9;0;9
01.11.2020 23:45;20;8;12
02.11.2020 00:00;11;6;5
02.11.2020 00:15;16;10;6
02.11.2020 00:30;11;1;10
02.11.2020 00:45;4;2;2
02.11.2020 01:00;6;1;5
02.11.2020 01:15;2;1;1
02.11.2020 01:30;2;1;1
02.11.2020 01:45;5;1;4
02.11.2020 02:00;3;1;2
02.11.2020 02:15;3;0;3
02.11.2020 02:30;3;3;0
02.11.2020 02:45;1;1;0
02.11.2020 03:00;0;0;0
02.11.2020 03:15;1;0;1
02.11.2020 03:30;0;0;0
02.11.2020 03:45;3;1;2
02.11.2020 04:00;1;0;1
02.11.2020 04:15;1;0;1
02.11.2020 04:30;5;5;0
02.11.2020 04:45;5;4;1
02.11.2020 05:00;3;3;0
02.11.2020 05:15;2;2;0
02.11.2020 05:30;14;7;7
02.11.2020 05:45;22;11;11
02.11.2020 06:00;24;14;10
02.11.2020 06:15;23;15;8
02.11.2020 06:30;57;41;16
02.11.2020 06:45;82;49;33
02.11.2020 07:00;94;53;41
02.11.2020 07:15;258;189;69
02.11.2020 07:30;459;324;135
02.11.2020 07:45;219;136;83
02.11.2020 08:00;195;87;108
02.11.2020 08:15;208;120;88
02.11.2020 08:30;212;108;104
02.11.2020 08:45;192;123;69
02.11.2020 09:00;146;98;48
02.11.2020 09:15;164;81;83
02.11.2020 09:30;148;95;53
02.11.2020 09:45;117;69;48
02.11.2020 10:00;111;65;46
02.11.2020 10:15;105;57;48
02.11.2020 10:30;125;71;54
02.11.2020 10:45;110;54;56
02.11.2020 11:00;111;52;59
02.11.2020 11:15;125;58;67
02.11.2020 11:30;127;65;62
02.11.2020 11:45;135;65;70
02.11.2020 12:00;175;73;102
02.11.2020 12:15;130;59;71
02.11.2020 12:30;173;91;82
02.11.2020 12:45;201;99;102
02.11.2020 13:00;367;115;252
02.11.2020 13:15;195;90;105
02.11.2020 13:30;212;108;104
02.11.2020 13:45;237;126;111
02.11.2020 14:00;246;115;131
02.11.2020 14:15;184;85;99
02.11.2020 14:30;196;107;89
02.11.2020 14:45;220;98;122
02.11.2020 15:00;240;118;122
02.11.2020 15:15;232;109;123
02.11.2020 15:30;328;136;192
02.11.2020 15:45;271;133;138
02.11.2020 16:00;272;136;136
02.11.2020 16:15;263;121;142
02.11.2020 16:30;235;98;137
02.11.2020 16:45;231;88;143
02.11.2020 17:00;259;130;129
02.11.2020 17:15;261;107;154
02.11.2020 17:30;232;83;149
02.11.2020 17:45;190;84;106
02.11.2020 18:00;175;58;117
02.11.2020 18:15;150;69;81
02.11.2020 18:30;106;38;68
02.11.2020 18:45;131;59;72
02.11.2020 19:00;118;51;67
02.11.2020 19:15;88;37;51
02.11.2020 19:30;73;37;36
02.11.2020 19:45;84;35;49
02.11.2020 20:00;62;31;31
02.11.2020 20:15;62;20;42
02.11.2020 20:30;44;25;19
02.11.2020 20:45;39;18;21
02.11.2020 21:00;31;13;18
02.11.2020 21:15;42;15;27
02.11.2020 21:30;26;12;14
02.11.2020 21:45;17;12;5
02.11.2020 22:00;18;4;14
02.11.2020 22:15;18;13;5
02.11.2020 22:30;16;6;10
02.11.2020 22:45;22;12;10
02.11.2020 23:00;15;10;5
02.11.2020 23:15;18;9;9
02.11.2020 23:30;13;5;8
02.11.2020 23:45;14;10;4
03.11.2020 00:00;10;1;9
03.11.2020 00:15;3;2;1
03.11.2020 00:30;6;3;3
03.11.2020 00:45;6;4;2
03.11.2020 01:00;6;2;4
03.11.2020 01:15;2;1;1
03.11.2020 01:30;1;1;0
03.11.2020 01:45;0;0;0
03.11.2020 02:00;6;3;3
03.11.2020 02:15;1;1;0
03.11.2020 02:30;0;0;0
03.11.2020 02:45;0;0;0
03.11.2020 03:00;0;0;0
03.11.2020 03:15;2;0;2
03.11.2020 03:30;1;0;1
03.11.2020 03:45;0;0;0
03.11.2020 04:00;1;0;1
03.11.2020 04:15;1;1;0
03.11.2020 04:30;5;5;0
03.11.2020 04:45;3;3;0
03.11.2020 05:00;5;3;2
03.11.2020 05:15;5;5;0
03.11.2020 05:30;9;4;5
03.11.2020 05:45;27;20;7
03.11.2020 06:00;18;10;8
03.11.2020 06:15;24;19;5
03.11.2020 06:30;51;38;13
03.11.2020 06:45;73;43;30
03.11.2020 07:00;81;49;32
03.11.2020 07:15;187;129;58
03.11.2020 07:30;442;314;128
03.11.2020 07:45;206;108;98
03.11.2020 08:00;166;88;78
03.11.2020 08:15;191;111;80
03.11.2020 08:30;158;94;64
03.11.2020 08:45;214;125;89
03.11.2020 09:00;169;98;71
03.11.2020 09:15;150;94;56
03.11.2020 09:30;151;88;63
03.11.2020 09:45;131;73;58
03.11.2020 10:00;98;55;43
03.11.2020 10:15;98;42;56
03.11.2020 10:30;105;65;40
03.11.2020 10:45;90;48;42
03.11.2020 11:00;133;60;73
03.11.2020 11:15;146;82;64
03.11.2020 11:30;135;60;75
03.11.2020 11:45;132;63;69
03.11.2020 12:00;132;52;80
03.11.2020 12:15;149;61;88
03.11.2020 12:30;164;79;85
03.11.2020 12:45;165;70;95
03.11.2020 13:00;296;77;219
03.11.2020 13:15;155;62;93
03.11.2020 13:30;133;71;62
03.11.2020 13:45;174;86;88
03.11.2020 14:00;193;73;120
03.11.2020 14:15;126;64;62
03.11.2020 14:30;141;64;77
03.11.2020 14:45;144;57;87
03.11.2020 15:00;148;64;84
03.11.2020 15:15;149;69;80
03.11.2020 15:30;325;146;179
03.11.2020 15:45;267;138;129
03.11.2020 16:00;184;104;80
03.11.2020 16:15;188;79;109
03.11.2020 16:30;154;61;93
03.11.2020 16:45;165;72;93
03.11.2020 17:00;145;62;83
03.11.2020 17:15;217;94;123
03.11.2020 17:30;138;57;81
03.11.2020 17:45;122;43;79
03.11.2020 18:00;135;65;70
03.11.2020 18:15;115;54;61
03.11.2020 18:30;101;40;61
03.11.2020 18:45;92;39;53
03.11.2020 19:00;95;31;64
03.11.2020 19:15;62;25;37
03.11.2020 19:30;61;37;24
03.11.2020 19:45;63;23;40
03.11.2020 20:00;41;19;22
03.11.2020 20:15;39;17;22
03.11.2020 20:30;27;12;15
03.11.2020 20:45;28;15;13
03.11.2020 21:00;21;7;14
03.11.2020 21:15;27;10;17
03.11.2020 21:30;29;12;17
03.11.2020 21:45;13;6;7
03.11.2020 22:00;24;15;9
03.11.2020 22:15;15;4;11
03.11.2020 22:30;17;10;7
03.11.2020 22:45;15;7;8
03.11.2020 23:00;10;9;1
03.11.2020 23:15;5;2;3
03.11.2020 23:30;17;8;9
03.11.2020 23:45;12;5;7
04.11.2020 00:00;7;4;3
04.11.2020 00:15;4;0;4
04.11.2020 00:30;4;1;3
04.11.2020 00:45;5;2;3
04.11.2020 01:00;0;0;0
04.11.2020 01:15;3;2;1
04.11.2020 01:30;4;2;2
04.11.2020 01:45;0;0;0
04.11.2020 02:00;5;2;3
04.11.2020 02:15;0;0;0
04.11.2020 02:30;2;0;2
04.11.2020 02:45;0;0;0
04.11.2020 03:00;2;2;0
04.11.2020 03:15;2;0;2
04.11.2020 03:30;2;0;2
04.11.2020 03:45;1;0;1
04.11.2020 04:00;4;2;2
04.11.2020 04:15;1;1;0
04.11.2020 04:30;3;2;1
04.11.2020 04:45;5;4;1
04.11.2020 05:00;4;4;0
04.11.2020 05:15;2;2;0
04.11.2020 05:30;11;6;5
04.11.2020 05:45;20;16;4
04.11.2020 06:00;23;17;6
04.11.2020 06:15;34;22;12
04.11.2020 06:30;35;27;8
04.11.2020 06:45;58;31;27
04.11.2020 07:00;68;40;28
04.11.2020 07:15;171;109;62
04.11.2020 07:30;371;248;123
04.11.2020 07:45;162;87;75
04.11.2020 08:00;129;64;65
04.11.2020 08:15;149;95;54
04.11.2020 08:30;158;94;64
04.11.2020 08:45;146;86;60
04.11.2020 09:00;95;53;42
04.11.2020 09:15;114;88;26
04.11.2020 09:30;78;50;28
04.11.2020 09:45;104;60;44
04.11.2020 10:00;65;32;33
04.11.2020 10:15;50;13;37
04.11.2020 10:30;59;38;21
04.11.2020 10:45;71;37;34
04.11.2020 11:00;91;45;46
04.11.2020 11:15;82;56;26
04.11.2020 11:30;85;42;43
04.11.2020 11:45;101;52;49
04.11.2020 12:00;105;57;48
04.11.2020 12:15;112;47;65
04.11.2020 12:30;120;54;66
04.11.2020 12:45;141;57;84
04.11.2020 13:00;328;120;208
04.11.2020 13:15;160;81;79
04.11.2020 13:30;134;68;66
04.11.2020 13:45;170;95;75
04.11.2020 14:00;148;64;84
04.11.2020 14:15;149;85;64
04.11.2020 14:30;140;75;65
04.11.2020 14:45;139;62;77
04.11.2020 15:00;141;70;71
04.11.2020 15:15;152;80;72
04.11.2020 15:30;259;83;176
04.11.2020 15:45;206;97;109
04.11.2020 16:00;191;92;99
04.11.2020 16:15;159;65;94
04.11.2020 16:30;169;101;68
04.11.2020 16:45;167;78;89
04.11.2020 17:00;159;62;97
04.11.2020 17:15;179;75;104
04.11.2020 17:30;126;60;66
04.11.2020 17:45;138;61;77
04.11.2020 18:00;154;61;93
04.11.2020 18:15;124;51;73
04.11.2020 18:30;108;53;55
04.11.2020 18:45;114;50;64
04.11.2020 19:00;85;35;50
04.11.2020 19:15;98;41;57
04.11.2020 19:30;60;30;30
04.11.2020 19:45;59;28;31
04.11.2020 20:00;64;30;34
04.11.2020 20:15;60;17;43
04.11.2020 20:30;56;27;29
04.11.2020 20:45;31;18;13
04.11.2020 21:00;32;12;20
04.11.2020 21:15;36;15;21
04.11.2020 21:30;27;10;17
04.11.2020 21:45;20;8;12
04.11.2020 22:00;14;12;2
04.11.2020 22:15;25;12;13
04.11.2020 22:30;18;13;5
04.11.2020 22:45;14;9;5
04.11.2020 23:00;20;10;10
04.11.2020 23:15;15;4;11
04.11.2020 23:30;14;7;7
04.11.2020 23:45;11;6;5
05.11.2020 00:00;7;3;4
05.11.2020 00:15;10;3;7
05.11.2020 00:30;9;6;3
05.11.2020 00:45;3;2;1
05.11.2020 01:00;4;0;4
05.11.2020 01:15;6;4;2
05.11.2020 01:30;4;2;2
05.11.2020 01:45;3;2;1
05.11.2020 02:00;2;0;2
05.11.2020 02:15;1;1;0
05.11.2020 02:30;0;0;0
05.11.2020 02:45;4;2;2
05.11.2020 03:00;2;2;0
05.11.2020 03:15;0;0;0
05.11.2020 03:30;1;0;1
05.11.2020 03:45;0;0;0
05.11.2020 04:00;4;1;3
05.11.2020 04:15;1;1;0
05.11.2020 04:30;2;1;1
05.11.2020 04:45;5;3;2
05.11.2020 05:00;3;2;1
05.11.2020 05:15;7;4;3
05.11.2020 05:30;12;4;8
05.11.2020 05:45;22;16;6
05.11.2020 06:00;15;10;5
05.11.2020 06:15;35;22;13
05.11.2020 06:30;54;41;13
05.11.2020 06:45;78;40;38
05.11.2020 07:00;83;47;36
05.11.2020 07:15;195;133;62
05.11.2020 07:30;441;281;160
05.11.2020 07:45;208;124;84
05.11.2020 08:00;182;96;86
05.11.2020 08:15;173;109;64
05.11.2020 08:30;190;105;85
05.11.2020 08:45;189;110;79
05.11.2020 09:00;150;96;54
05.11.2020 09:15;167;108;59
05.11.2020 09:30;122;65;57
05.11.2020 09:45;140;84;56
05.11.2020 10:00;129;72;57
05.11.2020 10:15;114;55;59
05.11.2020 10:30;129;76;53
05.11.2020 10:45;108;62;46
05.11.2020 11:00;128;58;70
05.11.2020 11:15;133;56;77
05.11.2020 11:30;122;67;55
05.11.2020 11:45;147;72;75
05.11.2020 12:00;149;72;77
05.11.2020 12:15;143;65;78
05.11.2020 12:30;145;68;77
05.11.2020 12:45;184;83;101
05.11.2020 13:00;311;77;234
05.11.2020 13:15;172;69;103
05.11.2020 13:30;154;87;67
05.11.2020 13:45;223;95;128
05.11.2020 14:00;231;89;142
05.11.2020 14:15;164;88;76
05.11.2020 14:30;151;76;75
05.11.2020 14:45;172;72;100
05.11.2020 15:00;221;98;123
05.11.2020 15:15;196;78;118
05.11.2020 15:30;317;158;159
05.11.2020 15:45;247;133;114
05.11.2020 16:00;197;98;99
05.11.2020 16:15;213;100;113
05.11.2020 16:30;205;107;98
05.11.2020 16:45;217;95;122
05.11.2020 17:00;216;110;106
05.11.2020 17:15;228;82;146
05.11.2020 17:30;184;77;107
05.11.2020 17:45;192;83;109
05.11.2020 18:00;166;62;104
05.11.2020 18:15;158;58;100
05.11.2020 18:30;150;61;89
05.11.2020 18:45;136;51;85
05.11.2020 19:00;114;49;65
05.11.2020 19:15;99;43;56
05.11.2020 19:30;82;37;45
05.11.2020 19:45;65;20;45
05.11.2020 20:00;68;29;39
05.11.2020 20:15;55;13;42
05.11.2020 20:30;47;16;31
05.11.2020 20:45;36;19;17
05.11.2020 21:00;24;8;16
05.11.2020 21:15;29;10;19
05.11.2020 21:30;34;14;20
05.11.2020 21:45;29;12;17
05.11.2020 22:00;31;21;10
05.11.2020 22:15;27;11;16
05.11.2020 22:30;29;14;15
05.11.2020 22:45;26;15;11
05.11.2020 23:00;21;9;12
05.11.2020 23:15;21;11;10
05.11.2020 23:30;9;3;6
05.11.2020 23:45;8;5;3
06.11.2020 00:00;12;5;7
06.11.2020 00:15;7;3;4
06.11.2020 00:30;17;10;7
06.11.2020 00:45;7;2;5
06.11.2020 01:00;6;3;3
06.11.2020 01:15;4;4;0
06.11.2020 01:30;2;2;0
06.11.2020 01:45;3;2;1
06.11.2020 02:00;7;6;1
06.11.2020 02:15;1;1;0
06.11.2020 02:30;0;0;0
06.11.2020 02:45;4;1;3
06.11.2020 03:00;2;0;2
06.11.2020 03:15;1;0;1
06.11.2020 03:30;1;1;0
06.11.2020 03:45;2;2;0
06.11.2020 04:00;2;0;2
06.11.2020 04:15;2;2;0
06.11.2020 04:30;3;2;1
06.11.2020 04:45;5;3;2
06.11.2020 05:00;2;2;0
06.11.2020 05:15;2;2;0
06.11.2020 05:30;15;9;6
06.11.2020 05:45;18;11;7
06.11.2020 06:00;29;20;9
06.11.2020 06:15;30;23;7
06.11.2020 06:30;56;39;17
06.11.2020 06:45;55;36;19
06.11.2020 07:00;72;37;35
06.11.2020 07:15;213;154;59
06.11.2020 07:30;386;272;114
06.11.2020 07:45;194;98;96
06.11.2020 08:00;162;90;72
06.11.2020 08:15;171;93;78
06.11.2020 08:30;185;100;85
06.11.2020 08:45;181;102;79
06.11.2020 09:00;161;103;58
06.11.2020 09:15;166;108;58
06.11.2020 09:30;156;91;65
06.11.2020 09:45;151;102;49
06.11.2020 10:00;114;53;61
06.11.2020 10:15;105;54;51
06.11.2020 10:30;132;83;49
06.11.2020 10:45;126;65;61
06.11.2020 11:00;136;59;77
06.11.2020 11:15;148;65;83
06.11.2020 11:30;158;72;86
06.11.2020 11:45;138;63;75
06.11.2020 12:00;163;65;98
06.11.2020 12:15;203;85;118
06.11.2020 12:30;190;94;96
06.11.2020 12:45;165;78;87
06.11.2020 13:00;363;134;229
06.11.2020 13:15;188;76;112
06.11.2020 13:30;172;86;86
06.11.2020 13:45;179;67;112
06.11.2020 14:00;219;81;138
06.11.2020 14:15;155;78;77
06.11.2020 14:30;164;78;86
06.11.2020 14:45;208;95;113
06.11.2020 15:00;175;91;84
06.11.2020 15:15;179;82;97
06.11.2020 15:30;185;90;95
06.11.2020 15:45;191;76;115
06.11.2020 16:00;189;81;108
06.11.2020 16:15;162;78;84
06.11.2020 16:30;159;76;83
06.11.2020 16:45;194;82;112
06.11.2020 17:00;164;61;103
06.11.2020 17:15;174;77;97
06.11.2020 17:30;167;75;92
06.11.2020 17:45;147;51;96
06.11.2020 18:00;160;67;93
06.11.2020 18:15;129;43;86
06.11.2020 18:30;124;50;74
06.11.2020 18:45;115;56;59
06.11.2020 19:00;99;37;62
06.11.2020 19:15;72;21;51
06.11.2020 19:30;64;29;35
06.11.2020 19:45;53;22;31
06.11.2020 20:00;67;21;46
06.11.2020 20:15;59;32;27
06.11.2020 20:30;57;26;31
06.11.2020 20:45;40;12;28
06.11.2020 21:00;38;23;15
06.11.2020 21:15;37;10;27
06.11.2020 21:30;31;15;16
06.11.2020 21:45;23;12;11
06.11.2020 22:00;21;14;7
06.11.2020 22:15;21;4;17
06.11.2020 22:30;14;6;8
06.11.2020 22:45;24;12;12
06.11.2020 23:00;29;16;13
06.11.2020 23:15;17;7;10
06.11.2020 23:30;20;11;9
06.11.2020 23:45;22;11;11
07.11.2020 00:00;14;3;11
07.11.2020 00:15;87;58;29
07.11.2020 00:30;13;10;3
07.11.2020 00:45;13;8;5
07.11.2020 01:00;17;9;8
07.11.2020 01:15;17;4;13
07.11.2020 01:30;10;5;5
07.11.2020 01:45;15;6;9
07.11.2020 02:00;9;5;4
07.11.2020 02:15;3;2;1
07.11.2020 02:30;1;0;1
07.11.2020 02:45;4;2;2
07.11.2020 03:00;6;2;4
07.11.2020 03:15;3;3;0
07.11.2020 03:30;4;0;4
07.11.2020 03:45;4;2;2
07.11.2020 04:00;0;0;0
07.11.2020 04:15;10;5;5
07.11.2020 04:30;3;2;1
07.11.2020 04:45;2;1;1
07.11.2020 05:00;4;3;1
07.11.2020 05:15;3;1;2
07.11.2020 05:30;3;1;2
07.11.2020 05:45;15;7;8
07.11.2020 06:00;9;9;0
07.11.2020 06:15;5;3;2
07.11.2020 06:30;10;9;1
07.11.2020 06:45;15;6;9
07.11.2020 07:00;9;6;3
07.11.2020 07:15;12;5;7
07.11.2020 07:30;22;15;7
07.11.2020 07:45;39;29;10
07.11.2020 08:00;19;8;11
07.11.2020 08:15;28;17;11
07.11.2020 08:30;43;26;17
07.11.2020 08:45;54;29;25
07.11.2020 09:00;50;25;25
07.11.2020 09:15;65;40;25
07.11.2020 09:30;85;58;27
07.11.2020 09:45;104;74;30
07.11.2020 10:00;93;55;38
07.11.2020 10:15;95;51;44
07.11.2020 10:30;103;58;45
07.11.2020 10:45;113;65;48
07.11.2020 11:00;127;83;44
07.11.2020 11:15;122;58;64
07.11.2020 11:30;124;68;56
07.11.2020 11:45;125;67;58
07.11.2020 12:00;134;70;64
07.11.2020 12:15;131;61;70
07.11.2020 12:30;137;86;51
07.11.2020 12:45;135;62;73
07.11.2020 13:00;136;72;64
07.11.2020 13:15;115;49;66
07.11.2020 13:30;126;58;68
07.11.2020 13:45;137;59;78
07.11.2020 14:00;147;75;72
07.11.2020 14:15;141;66;75
07.11.2020 14:30;164;68;96
07.11.2020 14:45;153;89;64
07.11.2020 15:00;127;62;65
07.11.2020 15:15;144;62;82
07.11.2020 15:30;124;67;57
07.11.2020 15:45;149;67;82
07.11.2020 16:00;143;74;69
07.11.2020 16:15;149;60;89
07.11.2020 16:30;111;42;69
07.11.2020 16:45;128;49;79
07.11.2020 17:00;148;74;74
07.11.2020 17:15;129;49;80
07.11.2020 17:30;144;67;77
07.11.2020 17:45;116;55;61
07.11.2020 18:00;113;42;71
07.11.2020 18:15;91;26;65
07.11.2020 18:30;93;37;56
07.11.2020 18:45;81;31;50
07.11.2020 19:00;77;30;47
07.11.2020 19:15;50;18;32
07.11.2020 19:30;61;27;34
07.11.2020 19:45;38;16;22
07.11.2020 20:00;52;24;28
07.11.2020 20:15;46;19;27
07.11.2020 20:30;55;30;25
07.11.2020 20:45;24;5;19
07.11.2020 21:00;44;21;23
07.11.2020 21:15;30;17;13
07.11.2020 21:30;29;11;18
07.11.2020 21:45;22;9;13
07.11.2020 22:00;27;14;13
07.11.2020 22:15;18;10;8
07.11.2020 22:30;26;14;12
07.11.2020 22:45;17;6;11
07.11.2020 23:00;27;15;12
07.11.2020 23:15;13;6;7
07.11.2020 23:30;23;13;10
07.11.2020 23:45;55;26;29
08.11.2020 00:00;20;12;8
08.11.2020 00:15;19;11;8
08.11.2020 00:30;15;6;9
08.11.2020 00:45;25;16;9
08.11.2020 01:00;11;6;5
08.11.2020 01:15;12;9;3
08.11.2020 01:30;12;7;5
08.11.2020 01:45;8;6;2
08.11.2020 02:00;14;6;8
08.11.2020 02:15;8;5;3
08.11.2020 02:30;4;0;4
08.11.2020 02:45;3;1;2
08.11.2020 03:00;13;3;10
08.11.2020 03:15;4;2;2
08.11.2020 03:30;4;2;2
08.11.2020 03:45;3;1;2
08.11.2020 04:00;1;1;0
08.11.2020 04:15;2;1;1
08.11.2020 04:30;1;1;0
08.11.2020 04:45;1;1;0
08.11.2020 05:00;1;1;0
08.11.2020 05:15;0;0;0
08.11.2020 05:30;3;1;2
08.11.2020 05:45;5;0;5
08.11.2020 06:00;5;5;0
08.11.2020 06:15;3;2;1
08.11.2020 06:30;9;6;3
08.11.2020 06:45;3;2;1
08.11.2020 07:00;5;2;3
08.11.2020 07:15;4;4;0
08.11.2020 07:30;3;1;2
08.11.2020 07:45;8;6;2
08.11.2020 08:00;7;1;6
08.11.2020 08:15;12;7;5
08.11.2020 08:30;15;10;5
08.11.2020 08:45;21;12;9
08.11.2020 09:00;17;11;6
08.11.2020 09:15;24;15;9
08.11.2020 09:30;23;13;10
08.11.2020 09:45;44;27;17
08.11.2020 10:00;40;24;16
08.11.2020 10:15;28;13;15
08.11.2020 10:30;34;17;17
08.11.2020 10:45;48;20;28
08.11.2020 11:00;45;24;21
08.11.2020 11:15;62;23;39
08.11.2020 11:30;51;27;24
08.11.2020 11:45;40;16;24
08.11.2020 12:00;30;9;21
08.11.2020 12:15;47;26;21
08.11.2020 12:30;63;33;30
08.11.2020 12:45;51;19;32
08.11.2020 13:00;74;26;48
08.11.2020 13:15;78;41;37
08.11.2020 13:30;56;18;38
08.11.2020 13:45;84;39;45
08.11.2020 14:00;82;31;51
08.11.2020 14:15;73;40;33
08.11.2020 14:30;73;30;43
08.11.2020 14:45;94;49;45
08.11.2020 15:00;87;36;51
08.11.2020 15:15;67;30;37
08.11.2020 15:30;88;38;50
08.11.2020 15:45;74;36;38
08.11.2020 16:00;84;46;38
08.11.2020 16:15;93;40;53
08.11.2020 16:30;93;44;49
08.11.2020 16:45;70;27;43
08.11.2020 17:00;109;54;55
08.11.2020 17:15;93;50;43
08.11.2020 17:30;83;40;43
08.11.2020 17:45;84;34;50
08.11.2020 18:00;59;29;30
08.11.2020 18:15;41;18;23
08.11.2020 18:30;41;22;19
08.11.2020 18:45;48;16;32
08.11.2020 19:00;45;19;26
08.11.2020 19:15;27;22;5
08.11.2020 19:30;40;22;18
08.11.2020 19:45;40;19;21
08.11.2020 20:00;41;23;18
08.11.2020 20:15;33;14;19
08.11.2020 20:30;33;17;16
08.11.2020 20:45;17;7;10
08.11.2020 21:00;18;9;9
08.11.2020 21:15;26;19;7
08.11.2020 21:30;19;10;9
08.11.2020 21:45;18;10;8
08.11.2020 22:00;17;11;6
08.11.2020 22:15;13;9;4
08.11.2020 22:30;25;8;17
08.11.2020 22:45;19;5;14
08.11.2020 23:00;10;2;8
08.11.2020 23:15;11;9;2
08.11.2020 23:30;6;3;3
08.11.2020 23:45;5;3;2
09.11.2020 00:00;5;3;2
09.11.2020 00:15;6;3;3
09.11.2020 00:30;3;2;1
09.11.2020 00:45;5;3;2
09.11.2020 01:00;2;1;1
09.11.2020 01:15;1;0;1
09.11.2020 01:30;2;2;0
09.11.2020 01:45;2;1;1
09.11.2020 02:00;2;2;0
09.11.2020 02:15;0;0;0
09.11.2020 02:30;3;0;3
09.11.2020 02:45;1;0;1
09.11.2020 03:00;5;2;3
09.11.2020 03:15;0;0;0
09.11.2020 03:30;0;0;0
09.11.2020 03:45;0;0;0
09.11.2020 04:00;0;0;0
09.11.2020 04:15;2;1;1
09.11.2020 04:30;1;1;0
09.11.2020 04:45;1;1;0
09.11.2020 05:00;2;2;0
09.11.2020 05:15;3;1;2
09.11.2020 05:30;12;7;5
09.11.2020 05:45;22;12;10
09.11.2020 06:00;24;14;10
09.11.2020 06:15;29;18;11
09.11.2020 06:30;60;40;20
09.11.2020 06:45;58;34;24
09.11.2020 07:00;83;50;33
09.11.2020 07:15;223;161;62
09.11.2020 07:30;425;276;149
09.11.2020 07:45;223;124;99
09.11.2020 08:00;153;65;88
09.11.2020 08:15;160;93;67
09.11.2020 08:30;169;109;60
09.11.2020 08:45;171;104;67
09.11.2020 09:00;160;97;63
09.11.2020 09:15;171;102;69
09.11.2020 09:30;106;54;52
09.11.2020 09:45;128;74;54
09.11.2020 10:00;94;54;40
09.11.2020 10:15;88;50;38
09.11.2020 10:30;99;55;44
09.11.2020 10:45;128;67;61
09.11.2020 11:00;120;62;58
09.11.2020 11:15;142;61;81
09.11.2020 11:30;113;56;57
09.11.2020 11:45;111;45;66
09.11.2020 12:00;145;66;79
09.11.2020 12:15;165;64;101
09.11.2020 12:30;169;80;89
09.11.2020 12:45;169;88;81
09.11.2020 13:00;348;105;243
09.11.2020 13:15;155;67;88
09.11.2020 13:30;162;84;78
09.11.2020 13:45;159;98;61
09.11.2020 14:00;174;60;114
09.11.2020 14:15;161;86;75
09.11.2020 14:30;158;90;68
09.11.2020 14:45;166;74;92
09.11.2020 15:00;183;89;94
09.11.2020 15:15;201;91;110
09.11.2020 15:30;330;155;175
09.11.2020 15:45;242;107;135
09.11.2020 16:00;233;99;134
09.11.2020 16:15;236;120;116
09.11.2020 16:30;208;98;110
09.11.2020 16:45;212;108;104
09.11.2020 17:00;202;86;116
09.11.2020 17:15;208;99;109
09.11.2020 17:30;182;81;101
09.11.2020 17:45;180;80;100
09.11.2020 18:00;177;67;110
09.11.2020 18:15;162;69;93
09.11.2020 18:30;124;53;71
09.11.2020 18:45;140;54;86
09.11.2020 19:00;103;51;52
09.11.2020 19:15;95;42;53
09.11.2020 19:30;89;39;50
09.11.2020 19:45;53;30;23
09.11.2020 20:00;79;33;46
09.11.2020 20:15;61;23;38
09.11.2020 20:30;55;18;37
09.11.2020 20:45;35;10;25
09.11.2020 21:00;50;24;26
09.11.2020 21:15;32;10;22
09.11.2020 21:30;26;9;17
09.11.2020 21:45;23;12;11
09.11.2020 22:00;23;11;12
09.11.2020 22:15;20;11;9
09.11.2020 22:30;19;10;9
09.11.2020 22:45;14;4;10
09.11.2020 23:00;15;12;3
09.11.2020 23:15;18;6;12
09.11.2020 23:30;7;1;6
09.11.2020 23:45;4;1;3
10.11.2020 00:00;11;6;5
10.11.2020 00:15;5;1;4
10.11.2020 00:30;6;5;1
10.11.2020 00:45;6;3;3
10.11.2020 01:00;0;0;0
10.11.2020 01:15;1;1;0
10.11.2020 01:30;3;1;2
10.11.2020 01:45;3;0;3
10.11.2020 02:00;1;1;0
10.11.2020 02:15;2;1;1
10.11.2020 02:30;2;0;2
10.11.2020 02:45;1;1;0
10.11.2020 03:00;0;0;0
10.11.2020 03:15;0;0;0
10.11.2020 03:30;0;0;0
10.11.2020 03:45;0;0;0
10.11.2020 04:00;2;1;1
10.11.2020 04:15;2;1;1
10.11.2020 04:30;4;3;1
10.11.2020 04:45;6;5;1
10.11.2020 05:00;2;2;0
10.11.2020 05:15;3;1;2
10.11.2020 05:30;18;10;8
10.11.2020 05:45;18;16;2
10.11.2020 06:00;16;9;7
10.11.2020 06:15;36;26;10
10.11.2020 06:30;55;38;17
10.11.2020 06:45;84;48;36
10.11.2020 07:00;67;47;20
10.11.2020 07:15;204;136;68
10.11.2020 07:30;459;319;140
10.11.2020 07:45;201;102;99
10.11.2020 08:00;166;90;76
10.11.2020 08:15;191;91;100
10.11.2020 08:30;185;117;68
10.11.2020 08:45;182;101;81
10.11.2020 09:00;158;109;49
10.11.2020 09:15;176;115;61
10.11.2020 09:30;146;78;68
10.11.2020 09:45;146;89;57
10.11.2020 10:00;134;76;58
10.11.2020 10:15;83;48;35
10.11.2020 10:30;109;68;41
10.11.2020 10:45;109;60;49
10.11.2020 11:00;114;51;63
10.11.2020 11:15;143;74;69
10.11.2020 11:30;118;55;63
10.11.2020 11:45;123;62;61
10.11.2020 12:00;174;72;102
10.11.2020 12:15;128;64;64
10.11.2020 12:30;168;80;88
10.11.2020 12:45;161;61;100
10.11.2020 13:00;315;112;203
10.11.2020 13:15;161;71;90
10.11.2020 13:30;164;68;96
10.11.2020 13:45;176;86;90
10.11.2020 14:00;194;71;123
10.11.2020 14:15;153;76;77
10.11.2020 14:30;138;63;75
10.11.2020 14:45;186;94;92
10.11.2020 15:00;145;73;72
10.11.2020 15:15;168;71;97
10.11.2020 15:30;287;148;139
10.11.2020 15:45;244;110;134
10.11.2020 16:00;211;92;119
10.11.2020 16:15;206;97;109
10.11.2020 16:30;203;101;102
10.11.2020 16:45;197;93;104
10.11.2020 17:00;237;99;138
10.11.2020 17:15;219;102;117
10.11.2020 17:30;187;102;85
10.11.2020 17:45;180;72;108
10.11.2020 18:00;174;78;96
10.11.2020 18:15;159;58;101
10.11.2020 18:30;141;50;91
10.11.2020 18:45;132;62;70
10.11.2020 19:00;119;45;74
10.11.2020 19:15;85;45;40
10.11.2020 19:30;72;31;41
10.11.2020 19:45;70;29;41
10.11.2020 20:00;76;27;49
10.11.2020 20:15;61;25;36
10.11.2020 20:30;35;13;22
10.11.2020 20:45;34;16;18
10.11.2020 21:00;32;15;17
10.11.2020 21:15;35;11;24
10.11.2020 21:30;19;12;7
10.11.2020 21:45;27;14;13
10.11.2020 22:00;32;17;15
10.11.2020 22:15;17;6;11
10.11.2020 22:30;19;10;9
10.11.2020 22:45;17;9;8
10.11.2020 23:00;13;4;9
10.11.2020 23:15;17;8;9
10.11.2020 23:30;13;3;10
10.11.2020 23:45;13;9;4
11.11.2020 00:00;8;2;6
11.11.2020 00:15;17;12;5
11.11.2020 00:30;10;5;5
11.11.2020 00:45;2;2;0
11.11.2020 01:00;4;2;2
11.11.2020 01:15;3;3;0
11.11.2020 01:30;4;2;2
11.11.2020 01:45;2;2;0
11.11.2020 02:00;2;1;1
11.11.2020 02:15;1;1;0
11.11.2020 02:30;0;0;0
11.11.2020 02:45;1;0;1
11.11.2020 03:00;0;0;0
11.11.2020 03:15;1;1;0
11.11.2020 03:30;3;0;3
11.11.2020 03:45;2;1;1
11.11.2020 04:00;2;0;2
11.11.2020 04:15;3;2;1
11.11.2020 04:30;6;5;1
11.11.2020 04:45;5;5;0
11.11.2020 05:00;2;2;0
11.11.2020 05:15;3;3;0
11.11.2020 05:30;12;7;5
11.11.2020 05:45;29;22;7
11.11.2020 06:00;21;12;9
11.11.2020 06:15;33;25;8
11.11.2020 06:30;39;25;14
11.11.2020 06:45;59;37;22
11.11.2020 07:00;76;46;30
11.11.2020 07:15;196;129;67
11.11.2020 07:30;444;303;141
11.11.2020 07:45;209;98;111
11.11.2020 08:00;159;81;78
11.11.2020 08:15;198;116;82
11.11.2020 08:30;176;115;61
11.11.2020 08:45;176;97;79
11.11.2020 09:00;120;79;41
11.11.2020 09:15;155;108;47
11.11.2020 09:30;119;77;42
11.11.2020 09:45;117;75;42
11.11.2020 10:00;104;61;43
11.11.2020 10:15;94;38;56
11.11.2020 10:30;108;68;40
11.11.2020 10:45;125;69;56
11.11.2020 11:00;104;51;53
11.11.2020 11:15;101;50;51
11.11.2020 11:30;124;70;54
11.11.2020 11:45;134;68;66
11.11.2020 12:00;125;49;76
11.11.2020 12:15;158;66;92
11.11.2020 12:30;151;70;81
11.11.2020 12:45;180;72;108
11.11.2020 13:00;377;159;218
11.11.2020 13:15;194;81;113
11.11.2020 13:30;194;116;78
11.11.2020 13:45;198;103;95
11.11.2020 14:00;178;81;97
11.11.2020 14:15;146;84;62
11.11.2020 14:30;144;83;61
11.11.2020 14:45;181;90;91
11.11.2020 15:00;167;77;90
11.11.2020 15:15;172;75;97
11.11.2020 15:30;313;114;199
11.11.2020 15:45;232;111;121
11.11.2020 16:00;206;104;102
11.11.2020 16:15;183;84;99
11.11.2020 16:30;201;78;123
11.11.2020 16:45;202;91;111
11.11.2020 17:00;191;75;116
11.11.2020 17:15;230;93;137
11.11.2020 17:30;167;79;88
11.11.2020 17:45;189;89;100
11.11.2020 18:00;180;66;114
11.11.2020 18:15;155;69;86
11.11.2020 18:30;131;55;76
11.11.2020 18:45;146;61;85
11.11.2020 19:00;129;56;73
11.11.2020 19:15;89;37;52
11.11.2020 19:30;95;40;55
11.11.2020 19:45;87;34;53
11.11.2020 20:00;64;18;46
11.11.2020 20:15;64;24;40
11.11.2020 20:30;44;14;30
11.11.2020 20:45;42;15;27
11.11.2020 21:00;27;12;15
11.11.2020 21:15;46;16;30
11.11.2020 21:30;32;14;18
11.11.2020 21:45;19;7;12
11.11.2020 22:00;34;22;12
11.11.2020 22:15;16;7;9
11.11.2020 22:30;19;10;9
11.11.2020 22:45;18;8;10
11.11.2020 23:00;21;10;11
11.11.2020 23:15;17;9;8
11.11.2020 23:30;20;12;8
11.11.2020 23:45;21;12;9
12.11.2020 00:00;21;8;13
12.11.2020 00:15;6;3;3
12.11.2020 00:30;5;5;0
12.11.2020 00:45;14;7;7
12.11.2020 01:00;10;9;1
12.11.2020 01:15;9;7;2
12.11.2020 01:30;1;1;0
12.11.2020 01:45;2;2;0
12.11.2020 02:00;1;1;0
12.11.2020 02:15;0;0;0
12.11.2020 02:30;3;1;2
12.11.2020 02:45;2;1;1
12.11.2020 03:00;4;3;1
12.11.2020 03:15;0;0;0
12.11.2020 03:30;1;0;1
12.11.2020 03:45;2;1;1
12.11.2020 04:00;3;2;1
12.11.2020 04:15;3;2;1
12.11.2020 04:30;5;4;1
12.11.2020 04:45;4;3;1
12.11.2020 05:00;0;0;0
12.11.2020 05:15;4;3;1
12.11.2020 05:30;11;7;4
12.11.2020 05:45;27;19;8
12.11.2020 06:00;20;9;11
12.11.2020 06:15;29;23;6
12.11.2020 06:30;36;26;10
12.11.2020 06:45;58;28;30
12.11.2020 07:00;90;43;47
12.11.2020 07:15;204;142;62
12.11.2020 07:30;449;305;144
12.11.2020 07:45;214;120;94
12.11.2020 08:00;167;83;84
12.11.2020 08:15;186;111;75
12.11.2020 08:30;181;111;70
12.11.2020 08:45;179;109;70
12.11.2020 09:00;148;90;58
12.11.2020 09:15;185;117;68
12.11.2020 09:30;119;69;50
12.11.2020 09:45;99;47;52
12.11.2020 10:00;108;65;43
12.11.2020 10:15;100;57;43
12.11.2020 10:30;98;59;39
12.11.2020 10:45;98;53;45
12.11.2020 11:00;123;57;66
12.11.2020 11:15;130;56;74
12.11.2020 11:30;130;79;51
12.11.2020 11:45;135;64;71
12.11.2020 12:00;140;68;72
12.11.2020 12:15;168;75;93
12.11.2020 12:30;175;78;97
12.11.2020 12:45;185;83;102
12.11.2020 13:00;314;101;213
12.11.2020 13:15;191;95;96
12.11.2020 13:30;192;94;98
12.11.2020 13:45;239;109;130
12.11.2020 14:00;251;101;150
12.11.2020 14:15;165;78;87
12.11.2020 14:30;166;90;76
12.11.2020 14:45;189;98;91
12.11.2020 15:00;228;95;133
12.11.2020 15:15;228;90;138
12.11.2020 15:30;318;136;182
12.11.2020 15:45;249;107;142
12.11.2020 16:00;221;101;120
12.11.2020 16:15;245;105;140
12.11.2020 16:30;221;113;108
12.11.2020 16:45;249;132;117
12.11.2020 17:00;234;94;140
12.11.2020 17:15;249;87;162
12.11.2020 17:30;228;98;130
12.11.2020 17:45;206;107;99
12.11.2020 18:00;168;65;103
12.11.2020 18:15;188;74;114
12.11.2020 18:30;147;56;91
12.11.2020 18:45;130;58;72
12.11.2020 19:00;112;43;69
12.11.2020 19:15;85;29;56
12.11.2020 19:30;74;31;43
12.11.2020 19:45;76;34;42
12.11.2020 20:00;71;26;45
12.11.2020 20:15;58;17;41
12.11.2020 20:30;42;16;26
12.11.2020 20:45;40;18;22
12.11.2020 21:00;31;11;20
12.11.2020 21:15;45;15;30
12.11.2020 21:30;32;14;18
12.11.2020 21:45;39;15;24
12.11.2020 22:00;30;10;20
12.11.2020 22:15;25;10;15
12.11.2020 22:30;30;13;17
12.11.2020 22:45;29;11;18
12.11.2020 23:00;17;11;6
12.11.2020 23:15;14;2;12
12.11.2020 23:30;17;11;6
12.11.2020 23:45;14;6;8
13.11.2020 00:00;8;4;4
13.11.2020 00:15;12;6;6
13.11.2020 00:30;9;4;5
13.11.2020 00:45;10;4;6
13.11.2020 01:00;11;3;8
13.11.2020 01:15;4;1;3
13.11.2020 01:30;8;4;4
13.11.2020 01:45;3;3;0
13.11.2020 02:00;0;0;0
13.11.2020 02:15;2;0;2
13.11.2020 02:30;1;1;0
13.11.2020 02:45;2;1;1
13.11.2020 03:00;0;0;0
13.11.2020 03:15;1;1;0
13.11.2020 03:30;1;0;1
13.11.2020 03:45;3;1;2
13.11.2020 04:00;0;0;0
13.11.2020 04:15;1;0;1
13.11.2020 04:30;2;1;1
13.11.2020 04:45;4;3;1
13.11.2020 05:00;1;0;1
13.11.2020 05:15;5;3;2
13.11.2020 05:30;11;8;3
13.11.2020 05:45;16;13;3
13.11.2020 06:00;30;22;8
13.11.2020 06:15;25;18;7
13.11.2020 06:30;47;30;17
13.11.2020 06:45;63;37;26
13.11.2020 07:00;68;34;34
13.11.2020 07:15;187;132;55
13.11.2020 07:30;432;321;111
13.11.2020 07:45;196;115;81
13.11.2020 08:00;146;69;77
13.11.2020 08:15;182;98;84
13.11.2020 08:30;167;102;65
13.11.2020 08:45;170;96;74
13.11.2020 09:00;127;78;49
13.11.2020 09:15;153;101;52
13.11.2020 09:30;124;84;40
13.11.2020 09:45;132;72;60
13.11.2020 10:00;119;72;47
13.11.2020 10:15;102;61;41
13.11.2020 10:30;141;81;60
13.11.2020 10:45;117;55;62
13.11.2020 11:00;159;85;74
13.11.2020 11:15;148;68;80
13.11.2020 11:30;143;68;75
13.11.2020 11:45;159;76;83
13.11.2020 12:00;163;59;104
13.11.2020 12:15;174;85;89
13.11.2020 12:30;213;105;108
13.11.2020 12:45;178;82;96
13.11.2020 13:00;404;108;296
13.11.2020 13:15;217;91;126
13.11.2020 13:30;186;84;102
13.11.2020 13:45;174;83;91
13.11.2020 14:00;221;88;133
13.11.2020 14:15;222;113;109
13.11.2020 14:30;203;98;105
13.11.2020 14:45;221;112;109
13.11.2020 15:00;232;116;116
13.11.2020 15:15;213;94;119
13.11.2020 15:30;233;117;116
13.11.2020 15:45;207;87;120
13.11.2020 16:00;215;96;119
13.11.2020 16:15;164;73;91
13.11.2020 16:30;199;89;110
13.11.2020 16:45;196;69;127
13.11.2020 17:00;187;71;116
13.11.2020 17:15;192;66;126
13.11.2020 17:30;153;72;81
13.11.2020 17:45;149;69;80
13.11.2020 18:00;140;56;84
13.11.2020 18:15;134;55;79
13.11.2020 18:30;143;58;85
13.11.2020 18:45;119;48;71
13.11.2020 19:00;121;48;73
13.11.2020 19:15;82;36;46
13.11.2020 19:30;80;36;44
13.11.2020 19:45;74;39;35
13.11.2020 20:00;60;22;38
13.11.2020 20:15;66;21;45
13.11.2020 20:30;43;25;18
13.11.2020 20:45;44;23;21
13.11.2020 21:00;46;24;22
13.11.2020 21:15;32;13;19
13.11.2020 21:30;28;9;19
13.11.2020 21:45;30;13;17
13.11.2020 22:00;30;6;24
13.11.2020 22:15;21;11;10
13.11.2020 22:30;25;12;13
13.11.2020 22:45;16;4;12
13.11.2020 23:00;21;6;15
13.11.2020 23:15;22;13;9
13.11.2020 23:30;26;13;13
13.11.2020 23:45;22;8;14
14.11.2020 00:00;15;12;3
14.11.2020 00:15;24;11;13
14.11.2020 00:30;27;15;12
14.11.2020 00:45;11;8;3
14.11.2020 01:00;24;11;13
14.11.2020 01:15;22;11;11
14.11.2020 01:30;16;10;6
14.11.2020 01:45;5;1;4
14.11.2020 02:00;8;4;4
14.11.2020 02:15;9;6;3
14.11.2020 02:30;3;1;2
14.11.2020 02:45;6;2;4
14.11.2020 03:00;3;1;2
14.11.2020 03:15;2;2;0
14.11.2020 03:30;6;2;4
14.11.2020 03:45;4;0;4
14.11.2020 04:00;2;2;0
14.11.2020 04:15;2;2;0
14.11.2020 04:30;2;1;1
14.11.2020 04:45;7;4;3
14.11.2020 05:00;3;2;1
14.11.2020 05:15;1;1;0
14.11.2020 05:30;5;4;1
14.11.2020 05:45;10;6;4
14.11.2020 06:00;4;4;0
14.11.2020 06:15;7;7;0
14.11.2020 06:30;13;10;3
14.11.2020 06:45;11;5;6
14.11.2020 07:00;10;6;4
14.11.2020 07:15;14;9;5
14.11.2020 07:30;24;14;10
14.11.2020 07:45;22;10;12
14.11.2020 08:00;20;12;8
14.11.2020 08:15;28;18;10
14.11.2020 08:30;42;23;19
14.11.2020 08:45;48;32;16
14.11.2020 09:00;42;26;16
14.11.2020 09:15;64;40;24
14.11.2020 09:30;78;52;26
14.11.2020 09:45;112;70;42
14.11.2020 10:00;65;35;30
14.11.2020 10:15;94;51;43
14.11.2020 10:30;100;67;33
14.11.2020 10:45;119;63;56
14.11.2020 11:00;118;58;60
14.11.2020 11:15;91;45;46
14.11.2020 11:30;99;49;50
14.11.2020 11:45;124;73;51
14.11.2020 12:00;116;61;55
14.11.2020 12:15;131;86;45
14.11.2020 12:30;145;95;50
14.11.2020 12:45;128;75;53
14.11.2020 13:00;137;67;70
14.11.2020 13:15;130;70;60
14.11.2020 13:30;141;75;66
14.11.2020 13:45;144;83;61
14.11.2020 14:00;177;95;82
14.11.2020 14:15;202;107;95
14.11.2020 14:30;152;69;83
14.11.2020 14:45;192;79;113
14.11.2020 15:00;173;60;113
14.11.2020 15:15;170;82;88
14.11.2020 15:30;189;81;108
14.11.2020 15:45;136;65;71
14.11.2020 16:00;179;95;84
14.11.2020 16:15;199;89;110
14.11.2020 16:30;137;47;90
14.11.2020 16:45;169;71;98
14.11.2020 17:00;172;64;108
14.11.2020 17:15;145;64;81
14.11.2020 17:30;140;54;86
14.11.2020 17:45;116;46;70
14.11.2020 18:00;117;62;55
14.11.2020 18:15;100;47;53
14.11.2020 18:30;83;35;48
14.11.2020 18:45;90;37;53
14.11.2020 19:00;55;27;28
14.11.2020 19:15;69;30;39
14.11.2020 19:30;57;31;26
14.11.2020 19:45;53;22;31
14.11.2020 20:00;54;21;33
14.11.2020 20:15;42;18;24
14.11.2020 20:30;44;21;23
14.11.2020 20:45;25;17;8
14.11.2020 21:00;29;15;14
14.11.2020 21:15;21;6;15
14.11.2020 21:30;26;7;19
14.11.2020 21:45;24;13;11
14.11.2020 22:00;18;12;6
14.11.2020 22:15;30;17;13
14.11.2020 22:30;19;8;11
14.11.2020 22:45;13;2;11
14.11.2020 23:00;20;12;8
14.11.2020 23:15;27;12;15
14.11.2020 23:30;19;8;11
14.11.2020 23:45;24;8;16
15.11.2020 00:00;27;14;13
15.11.2020 00:15;23;17;6
15.11.2020 00:30;17;8;9
15.11.2020 00:45;21;7;14
15.11.2020 01:00;12;6;6
15.11.2020 01:15;17;9;8
15.11.2020 01:30;5;2;3
15.11.2020 01:45;9;7;2
15.11.2020 02:00;10;4;6
15.11.2020 02:15;4;3;1
15.11.2020 02:30;6;0;6
15.11.2020 02:45;10;1;9
15.11.2020 03:00;7;0;7
15.11.2020 03:15;4;2;2
15.11.2020 03:30;8;8;0
15.11.2020 03:45;3;2;1
15.11.2020 04:00;5;5;0
15.11.2020 04:15;3;0;3
15.11.2020 04:30;0;0;0
15.11.2020 04:45;4;2;2
15.11.2020 05:00;2;2;0
15.11.2020 05:15;1;0;1
15.11.2020 05:30;5;2;3
15.11.2020 05:45;5;4;1
15.11.2020 06:00;8;6;2
15.11.2020 06:15;10;8;2
15.11.2020 06:30;6;4;2
15.11.2020 06:45;6;3;3
15.11.2020 07:00;4;4;0
15.11.2020 07:15;7;6;1
15.11.2020 07:30;6;1;5
15.11.2020 07:45;4;0;4
15.11.2020 08:00;13;12;1
15.11.2020 08:15;9;2;7
15.11.2020 08:30;12;6;6
15.11.2020 08:45;16;11;5
15.11.2020 09:00;19;14;5
15.11.2020 09:15;18;9;9
15.11.2020 09:30;25;16;9
15.11.2020 09:45;44;27;17
15.11.2020 10:00;25;13;12
15.11.2020 10:15;30;14;16
15.11.2020 10:30;24;14;10
15.11.2020 10:45;51;31;20
15.11.2020 11:00;51;29;22
15.11.2020 11:15;40;21;19
15.11.2020 11:30;54;29;25
15.11.2020 11:45;50;27;23
15.11.2020 12:00;60;27;33
15.11.2020 12:15;74;36;38
15.11.2020 12:30;68;33;35
15.11.2020 12:45;88;32;56
15.11.2020 13:00;80;37;43
15.11.2020 13:15;90;37;53
15.11.2020 13:30;112;51;61
15.11.2020 13:45;113;51;62
15.11.2020 14:00;114;53;61
15.11.2020 14:15;103;52;51
15.11.2020 14:30;112;56;56
15.11.2020 14:45;116;51;65
15.11.2020 15:00;114;65;49
15.11.2020 15:15;92;45;47
15.11.2020 15:30;122;64;58
15.11.2020 15:45;138;58;80
15.11.2020 16:00;133;59;74
15.11.2020 16:15;98;54;44
15.11.2020 16:30;119;64;55
15.11.2020 16:45;106;42;64
15.11.2020 17:00;111;40;71
15.11.2020 17:15;76;37;39
15.11.2020 17:30;70;29;41
15.11.2020 17:45;44;15;29
15.11.2020 18:00;52;23;29
15.11.2020 18:15;46;26;20
15.11.2020 18:30;39;19;20
15.11.2020 18:45;45;25;20
15.11.2020 19:00;37;12;25
15.11.2020 19:15;23;11;12
15.11.2020 19:30;34;17;17
15.11.2020 19:45;36;15;21
15.11.2020 20:00;36;20;16
15.11.2020 20:15;29;11;18
15.11.2020 20:30;22;13;9
15.11.2020 20:45;24;10;14
15.11.2020 21:00;16;4;12
15.11.2020 21:15;17;10;7
15.11.2020 21:30;20;8;12
15.11.2020 21:45;12;4;8
15.11.2020 22:00;20;12;8
15.11.2020 22:15;18;9;9
15.11.2020 22:30;15;7;8
15.11.2020 22:45;10;5;5
15.11.2020 23:00;11;5;6
15.11.2020 23:15;3;2;1
15.11.2020 23:30;10;4;6
15.11.2020 23:45;5;3;2
16.11.2020 00:00;8;2;6
16.11.2020 00:15;6;3;3
16.11.2020 00:30;0;0;0
16.11.2020 00:45;6;3;3
16.11.2020 01:00;3;2;1
16.11.2020 01:15;1;0;1
16.11.2020 01:30;3;3;0
16.11.2020 01:45;4;4;0
16.11.2020 02:00;2;1;1
16.11.2020 02:15;0;0;0
16.11.2020 02:30;1;1;0
16.11.2020 02:45;0;0;0
16.11.2020 03:00;0;0;0
16.11.2020 03:15;0;0;0
16.11.2020 03:30;1;0;1
16.11.2020 03:45;2;1;1
16.11.2020 04:00;0;0;0
16.11.2020 04:15;0;0;0
16.11.2020 04:30;1;0;1
16.11.2020 04:45;4;3;1
16.11.2020 05:00;4;4;0
16.11.2020 05:15;4;1;3
16.11.2020 05:30;8;2;6
16.11.2020 05:45;19;11;8
16.11.2020 06:00;23;17;6
16.11.2020 06:15;36;27;9
16.11.2020 06:30;49;33;16
16.11.2020 06:45;65;29;36
16.11.2020 07:00;77;43;34
16.11.2020 07:15;204;144;60
16.11.2020 07:30;435;288;147
16.11.2020 07:45;223;130;93
16.11.2020 08:00;136;64;72
16.11.2020 08:15;158;90;68
16.11.2020 08:30;188;104;84
16.11.2020 08:45;179;114;65
16.11.2020 09:00;140;84;56
16.11.2020 09:15;166;98;68
16.11.2020 09:30;128;71;57
16.11.2020 09:45;116;58;58
16.11.2020 10:00;82;46;36
16.11.2020 10:15;86;42;44
16.11.2020 10:30;104;51;53
16.11.2020 10:45;100;49;51
16.11.2020 11:00;110;47;63
16.11.2020 11:15;122;53;69
16.11.2020 11:30;122;64;58
16.11.2020 11:45;126;63;63
16.11.2020 12:00;121;60;61
16.11.2020 12:15;150;53;97
16.11.2020 12:30;138;72;66
16.11.2020 12:45;186;78;108
16.11.2020 13:00;335;122;213
16.11.2020 13:15;158;71;87
16.11.2020 13:30;170;92;78
16.11.2020 13:45;215;114;101
16.11.2020 14:00;211;89;122
16.11.2020 14:15;166;76;90
16.11.2020 14:30;118;59;59
16.11.2020 14:45;143;74;69
16.11.2020 15:00;172;97;75
16.11.2020 15:15;193;91;102
16.11.2020 15:30;288;123;165
16.11.2020 15:45;208;103;105
16.11.2020 16:00;220;95;125
16.11.2020 16:15;200;94;106
16.11.2020 16:30;179;83;96
16.11.2020 16:45;197;101;96
16.11.2020 17:00;227;89;138
16.11.2020 17:15;236;97;139
16.11.2020 17:30;181;65;116
16.11.2020 17:45;168;81;87
16.11.2020 18:00;165;60;105
16.11.2020 18:15;120;40;80
16.11.2020 18:30;119;63;56
16.11.2020 18:45;111;48;63
16.11.2020 19:00;93;41;52
16.11.2020 19:15;94;41;53
16.11.2020 19:30;71;36;35
16.11.2020 19:45;47;25;22
16.11.2020 20:00;62;26;36
16.11.2020 20:15;52;18;34
16.11.2020 20:30;40;14;26
16.11.2020 20:45;40;17;23
16.11.2020 21:00;26;14;12
16.11.2020 21:15;44;19;25
16.11.2020 21:30;37;15;22
16.11.2020 21:45;31;21;10
16.11.2020 22:00;17;8;9
16.11.2020 22:15;19;9;10
16.11.2020 22:30;18;4;14
16.11.2020 22:45;14;6;8
16.11.2020 23:00;20;11;9
16.11.2020 23:15;10;3;7
16.11.2020 23:30;7;0;7
16.11.2020 23:45;9;2;7
17.11.2020 00:00;6;3;3
17.11.2020 00:15;6;3;3
17.11.2020 00:30;8;4;4
17.11.2020 00:45;5;4;1
17.11.2020 01:00;4;0;4
17.11.2020 01:15;3;3;0
17.11.2020 01:30;2;2;0
17.11.2020 01:45;7;4;3
17.11.2020 02:00;3;3;0
17.11.2020 02:15;1;1;0
17.11.2020 02:30;0;0;0
17.11.2020 02:45;1;0;1
17.11.2020 03:00;0;0;0
17.11.2020 03:15;0;0;0
17.11.2020 03:30;0;0;0
17.11.2020 03:45;2;2;0
17.11.2020 04:00;1;1;0
17.11.2020 04:15;0;0;0
17.11.2020 04:30;1;1;0
17.11.2020 04:45;6;3;3
17.11.2020 05:00;0;0;0
17.11.2020 05:15;6;1;5
17.11.2020 05:30;14;5;9
17.11.2020 05:45;29;20;9
17.11.2020 06:00;30;19;11
17.11.2020 06:15;28;16;12
17.11.2020 06:30;51;35;16
17.11.2020 06:45;81;41;40
17.11.2020 07:00;87;50;37
17.11.2020 07:15;210;140;70
17.11.2020 07:30;467;313;154
17.11.2020 07:45;188;102;86
17.11.2020 08:00;189;104;85
17.11.2020 08:15;197;111;86
17.11.2020 08:30;189;101;88
17.11.2020 08:45;185;110;75
17.11.2020 09:00;136;82;54
17.11.2020 09:15;155;91;64
17.11.2020 09:30;152;98;54
17.11.2020 09:45;151;90;61
17.11.2020 10:00;123;75;48
17.11.2020 10:15;121;62;59
17.11.2020 10:30;113;63;50
17.11.2020 10:45;111;57;54
17.11.2020 11:00;138;70;68
17.11.2020 11:15;136;63;73
17.11.2020 11:30;135;60;75
17.11.2020 11:45;131;64;67
17.11.2020 12:00;180;71;109
17.11.2020 12:15;169;63;106
17.11.2020 12:30;161;77;84
17.11.2020 12:45;180;84;96
17.11.2020 13:00;314;114;200
17.11.2020 13:15;196;72;124
17.11.2020 13:30;190;79;111
17.11.2020 13:45;207;109;98
17.11.2020 14:00;196;79;117
17.11.2020 14:15;188;101;87
17.11.2020 14:30;177;101;76
17.11.2020 14:45;179;101;78
17.11.2020 15:00;201;107;94
17.11.2020 15:15;196;89;107
17.11.2020 15:30;340;166;174
17.11.2020 15:45;260;124;136
17.11.2020 16:00;256;116;140
17.11.2020 16:15;240;91;149
17.11.2020 16:30;241;119;122
17.11.2020 16:45;219;93;126
17.11.2020 17:00;216;85;131
17.11.2020 17:15;263;101;162
17.11.2020 17:30;180;81;99
17.11.2020 17:45;193;68;125
17.11.2020 18:00;174;73;101
17.11.2020 18:15;167;73;94
17.11.2020 18:30;113;45;68
17.11.2020 18:45;112;48;64
17.11.2020 19:00;110;44;66
17.11.2020 19:15;86;37;49
17.11.2020 19:30;87;42;45
17.11.2020 19:45;69;28;41
17.11.2020 20:00;82;36;46
17.11.2020 20:15;65;32;33
17.11.2020 20:30;41;13;28
17.11.2020 20:45;43;20;23
17.11.2020 21:00;34;20;14
17.11.2020 21:15;28;11;17
17.11.2020 21:30;31;10;21
17.11.2020 21:45;34;17;17
17.11.2020 22:00;16;6;10
17.11.2020 22:15;14;7;7
17.11.2020 22:30;31;15;16
17.11.2020 22:45;10;6;4
17.11.2020 23:00;23;13;10
17.11.2020 23:15;15;5;10
17.11.2020 23:30;19;14;5
17.11.2020 23:45;10;3;7
18.11.2020 00:00;9;2;7
18.11.2020 00:15;8;3;5
18.11.2020 00:30;3;3;0
18.11.2020 00:45;6;6;0
18.11.2020 01:00;3;3;0
18.11.2020 01:15;4;2;2
18.11.2020 01:30;4;3;1
18.11.2020 01:45;3;3;0
18.11.2020 02:00;0;0;0
18.11.2020 02:15;3;1;2
18.11.2020 02:30;2;1;1
18.11.2020 02:45;1;0;1
18.11.2020 03:00;1;0;1
18.11.2020 03:15;0;0;0
18.11.2020 03:30;1;0;1
18.11.2020 03:45;1;1;0
18.11.2020 04:00;1;1;0
18.11.2020 04:15;3;3;0
18.11.2020 04:30;1;1;0
18.11.2020 04:45;6;6;0
18.11.2020 05:00;1;1;0
18.11.2020 05:15;5;2;3
18.11.2020 05:30;9;6;3
18.11.2020 05:45;25;16;9
18.11.2020 06:00;29;20;9
18.11.2020 06:15;24;18;6
18.11.2020 06:30;50;26;24
18.11.2020 06:45;77;47;30
18.11.2020 07:00;71;45;26
18.11.2020 07:15;225;150;75
18.11.2020 07:30;443;288;155
18.11.2020 07:45;205;112;93
18.11.2020 08:00;153;74;79
18.11.2020 08:15;187;96;91
18.11.2020 08:30;192;118;74
18.11.2020 08:45;177;110;67
18.11.2020 09:00;141;84;57
18.11.2020 09:15;117;86;31
18.11.2020 09:30;126;71;55
18.11.2020 09:45;116;66;50
18.11.2020 10:00;77;43;34
18.11.2020 10:15;78;40;38
18.11.2020 10:30;95;50;45
18.11.2020 10:45;96;54;42
18.11.2020 11:00;122;47;75
18.11.2020 11:15;121;66;55
18.11.2020 11:30;116;55;61
18.11.2020 11:45;139;66;73
18.11.2020 12:00;136;63;73
18.11.2020 12:15;133;60;73
18.11.2020 12:30;173;81;92
18.11.2020 12:45;167;76;91
18.11.2020 13:00;382;142;240
18.11.2020 13:15;215;103;112
18.11.2020 13:30;152;80;72
18.11.2020 13:45;211;110;101
18.11.2020 14:00;233;105;128
18.11.2020 14:15;168;97;71
18.11.2020 14:30;116;60;56
18.11.2020 14:45;158;79;79
18.11.2020 15:00;161;94;67
18.11.2020 15:15;170;74;96
18.11.2020 15:30;292;106;186
18.11.2020 15:45;214;117;97
18.11.2020 16:00;204;102;102
18.11.2020 16:15;208;97;111
18.11.2020 16:30;201;80;121
18.11.2020 16:45;203;94;109
18.11.2020 17:00;234;107;127
18.11.2020 17:15;221;89;132
18.11.2020 17:30;169;56;113
18.11.2020 17:45;210;87;123
18.11.2020 18:00;204;95;109
18.11.2020 18:15;150;62;88
18.11.2020 18:30;133;49;84
18.11.2020 18:45;123;54;69
18.11.2020 19:00;86;34;52
18.11.2020 19:15;88;36;52
18.11.2020 19:30;63;27;36
18.11.2020 19:45;75;35;40
18.11.2020 20:00;63;25;38
18.11.2020 20:15;47;13;34
18.11.2020 20:30;58;29;29
18.11.2020 20:45;47;21;26
18.11.2020 21:00;36;14;22
18.11.2020 21:15;34;15;19
18.11.2020 21:30;28;16;12
18.11.2020 21:45;20;5;15
18.11.2020 22:00;32;20;12
18.11.2020 22:15;28;13;15
18.11.2020 22:30;27;15;12
18.11.2020 22:45;22;7;15
18.11.2020 23:00;23;11;12
18.11.2020 23:15;8;4;4
18.11.2020 23:30;12;3;9
18.11.2020 23:45;8;3;5
19.11.2020 00:00;7;3;4
19.11.2020 00:15;6;3;3
19.11.2020 00:30;8;4;4
19.11.2020 00:45;8;5;3
19.11.2020 01:00;6;3;3
19.11.2020 01:15;3;2;1
19.11.2020 01:30;3;0;3
19.11.2020 01:45;4;2;2
19.11.2020 02:00;4;1;3
19.11.2020 02:15;1;0;1
19.11.2020 02:30;1;1;0
19.11.2020 02:45;4;2;2
19.11.2020 03:00;1;1;0
19.11.2020 03:15;1;1;0
19.11.2020 03:30;1;0;1
19.11.2020 03:45;2;1;1
19.11.2020 04:00;2;0;2
19.11.2020 04:15;1;1;0
19.11.2020 04:30;0;0;0
19.11.2020 04:45;2;2;0
19.11.2020 05:00;2;0;2
19.11.2020 05:15;7;3;4
19.11.2020 05:30;8;4;4
19.11.2020 05:45;24;16;8
19.11.2020 06:00;30;18;12
19.11.2020 06:15;26;19;7
19.11.2020 06:30;47;22;25
19.11.2020 06:45;79;41;38
19.11.2020 07:00;82;44;38
19.11.2020 07:15;206;137;69
19.11.2020 07:30;437;303;134
19.11.2020 07:45;200;114;86
19.11.2020 08:00;146;77;69
19.11.2020 08:15;144;86;58
19.11.2020 08:30;170;98;72
19.11.2020 08:45;168;99;69
19.11.2020 09:00;133;75;58
19.11.2020 09:15;155;97;58
19.11.2020 09:30;109;54;55
19.11.2020 09:45;89;50;39
19.11.2020 10:00;72;40;32
19.11.2020 10:15;71;38;33
19.11.2020 10:30;83;45;38
19.11.2020 10:45;84;40;44
19.11.2020 11:00;83;41;42
19.11.2020 11:15;95;48;47
19.11.2020 11:30;84;49;35
19.11.2020 11:45;97;41;56
19.11.2020 12:00;106;60;46
19.11.2020 12:15;122;54;68
19.11.2020 12:30;130;54;76
19.11.2020 12:45;135;50;85
19.11.2020 13:00;254;78;176
19.11.2020 13:15;109;38;71
19.11.2020 13:30;94;51;43
19.11.2020 13:45;147;73;74
19.11.2020 14:00;158;57;101
19.11.2020 14:15;84;46;38
19.11.2020 14:30;108;53;55
19.11.2020 14:45;112;42;70
19.11.2020 15:00;110;55;55
19.11.2020 15:15;112;54;58
19.11.2020 15:30;239;129;110
19.11.2020 15:45;176;89;87
19.11.2020 16:00;168;98;70
19.11.2020 16:15;150;73;77
19.11.2020 16:30;149;73;76
19.11.2020 16:45;172;87;85
19.11.2020 17:00;159;64;95
19.11.2020 17:15;199;79;120
19.11.2020 17:30;147;72;75
19.11.2020 17:45;132;64;68
19.11.2020 18:00;186;84;102
19.11.2020 18:15;149;60;89
19.11.2020 18:30;142;66;76
19.11.2020 18:45;122;47;75
19.11.2020 19:00;96;39;57
19.11.2020 19:15;88;42;46
19.11.2020 19:30;70;35;35
19.11.2020 19:45;75;25;50
19.11.2020 20:00;48;19;29
19.11.2020 20:15;67;22;45
19.11.2020 20:30;45;18;27
19.11.2020 20:45;41;18;23
19.11.2020 21:00;42;16;26
19.11.2020 21:15;34;12;22
19.11.2020 21:30;16;8;8
19.11.2020 21:45;25;8;17
19.11.2020 22:00;19;13;6
19.11.2020 22:15;28;13;15
19.11.2020 22:30;35;17;18
19.11.2020 22:45;19;8;11
19.11.2020 23:00;18;8;10
19.11.2020 23:15;12;4;8
19.11.2020 23:30;9;5;4
19.11.2020 23:45;15;2;13
20.11.2020 00:00;5;4;1
20.11.2020 00:15;10;4;6
20.11.2020 00:30;7;1;6
20.11.2020 00:45;7;3;4
20.11.2020 01:00;5;1;4
20.11.2020 01:15;8;7;1
20.11.2020 01:30;4;4;0
20.11.2020 01:45;4;4;0
20.11.2020 02:00;1;0;1
20.11.2020 02:15;1;0;1
20.11.2020 02:30;2;2;0
20.11.2020 02:45;1;0;1
20.11.2020 03:00;1;1;0
20.11.2020 03:15;1;1;0
20.11.2020 03:30;3;0;3
20.11.2020 03:45;3;1;2
20.11.2020 04:00;1;0;1
20.11.2020 04:15;0;0;0
20.11.2020 04:30;3;2;1
20.11.2020 04:45;4;4;0
20.11.2020 05:00;1;1;0
20.11.2020 05:15;9;5;4
20.11.2020 05:30;8;5;3
20.11.2020 05:45;17;10;7
20.11.2020 06:00;21;14;7
20.11.2020 06:15;36;28;8
20.11.2020 06:30;34;18;16
20.11.2020 06:45;68;33;35
20.11.2020 07:00;64;30;34
20.11.2020 07:15;198;142;56
20.11.2020 07:30;393;281;112
20.11.2020 07:45;163;99;64
20.11.2020 08:00;148;81;67
20.11.2020 08:15;173;80;93
20.11.2020 08:30;153;79;74
20.11.2020 08:45;171;99;72
20.11.2020 09:00;136;77;59
20.11.2020 09:15;159;100;59
20.11.2020 09:30;136;84;52
20.11.2020 09:45;137;76;61
20.11.2020 10:00;115;66;49
20.11.2020 10:15;91;51;40
20.11.2020 10:30;135;81;54
20.11.2020 10:45;131;74;57
20.11.2020 11:00;121;52;69
20.11.2020 11:15;148;68;80
20.11.2020 11:30;146;70;76
20.11.2020 11:45;128;70;58
20.11.2020 12:00;163;67;96
20.11.2020 12:15;223;96;127
20.11.2020 12:30;200;98;102
20.11.2020 12:45;164;67;97
20.11.2020 13:00;403;137;266
20.11.2020 13:15;199;83;116
20.11.2020 13:30;186;82;104
20.11.2020 13:45;185;72;113
20.11.2020 14:00;219;78;141
20.11.2020 14:15;176;91;85
20.11.2020 14:30;184;106;78
20.11.2020 14:45;184;87;97
20.11.2020 15:00;166;79;87
20.11.2020 15:15;168;70;98
20.11.2020 15:30;154;76;78
20.11.2020 15:45;193;94;99
20.11.2020 16:00;197;82;115
20.11.2020 16:15;156;80;76
20.11.2020 16:30;154;59;95
20.11.2020 16:45;175;84;91
20.11.2020 17:00;154;69;85
20.11.2020 17:15;139;65;74
20.11.2020 17:30;140;49;91
20.11.2020 17:45;148;68;80
20.11.2020 18:00;132;57;75
20.11.2020 18:15;131;55;76
20.11.2020 18:30;130;53;77
20.11.2020 18:45;118;56;62
20.11.2020 19:00;113;56;57
20.11.2020 19:15;89;36;53
20.11.2020 19:30;72;34;38
20.11.2020 19:45;60;27;33
20.11.2020 20:00;51;17;34
20.11.2020 20:15;53;17;36
20.11.2020 20:30;40;23;17
20.11.2020 20:45;39;17;22
20.11.2020 21:00;31;12;19
20.11.2020 21:15;27;16;11
20.11.2020 21:30;25;11;14
20.11.2020 21:45;27;12;15
20.11.2020 22:00;26;14;12
20.11.2020 22:15;18;9;9
20.11.2020 22:30;18;11;7
20.11.2020 22:45;16;5;11
20.11.2020 23:00;37;14;23
20.11.2020 23:15;19;10;9
20.11.2020 23:30;26;9;17
20.11.2020 23:45;25;9;16
21.11.2020 00:00;17;7;10
21.11.2020 00:15;19;6;13
21.11.2020 00:30;20;9;11
21.11.2020 00:45;15;8;7
21.11.2020 01:00;11;5;6
21.11.2020 01:15;9;5;4
21.11.2020 01:30;17;14;3
21.11.2020 01:45;8;3;5
21.11.2020 02:00;7;3;4
21.11.2020 02:15;3;3;0
21.11.2020 02:30;6;6;0
21.11.2020 02:45;0;0;0
21.11.2020 03:00;4;2;2
21.11.2020 03:15;3;3;0
21.11.2020 03:30;3;1;2
21.11.2020 03:45;4;0;4
21.11.2020 04:00;3;3;0
21.11.2020 04:15;2;0;2
21.11.2020 04:30;2;1;1
21.11.2020 04:45;12;8;4
21.11.2020 05:00;1;0;1
21.11.2020 05:15;3;2;1
21.11.2020 05:30;7;3;4
21.11.2020 05:45;10;5;5
21.11.2020 06:00;9;7;2
21.11.2020 06:15;5;3;2
21.11.2020 06:30;10;7;3
21.11.2020 06:45;15;7;8
21.11.2020 07:00;12;6;6
21.11.2020 07:15;11;5;6
21.11.2020 07:30;20;12;8
21.11.2020 07:45;24;15;9
21.11.2020 08:00;31;24;7
21.11.2020 08:15;31;18;13
21.11.2020 08:30;27;19;8
21.11.2020 08:45;48;30;18
21.11.2020 09:00;55;28;27
21.11.2020 09:15;55;32;23
21.11.2020 09:30;86;59;27
21.11.2020 09:45;96;60;36
21.11.2020 10:00;96;55;41
21.11.2020 10:15;105;62;43
21.11.2020 10:30;112;69;43
21.11.2020 10:45;121;70;51
21.11.2020 11:00;113;54;59
21.11.2020 11:15;130;68;62
21.11.2020 11:30;144;87;57
21.11.2020 11:45;136;62;74
21.11.2020 12:00;125;51;74
21.11.2020 12:15;127;65;62
21.11.2020 12:30;137;74;63
21.11.2020 12:45;133;66;67
21.11.2020 13:00;146;81;65
21.11.2020 13:15;125;59;66
21.11.2020 13:30;143;75;68
21.11.2020 13:45;161;76;85
21.11.2020 14:00;175;64;111
21.11.2020 14:15;160;78;82
21.11.2020 14:30;161;81;80
21.11.2020 14:45;196;86;110
21.11.2020 15:00;171;87;84
21.11.2020 15:15;146;71;75
21.11.2020 15:30;155;83;72
21.11.2020 15:45;129;68;61
21.11.2020 16:00;125;65;60
21.11.2020 16:15;114;47;67
21.11.2020 16:30;125;40;85
21.11.2020 16:45;130;57;73
21.11.2020 17:00;137;55;82
21.11.2020 17:15;114;42;72
21.11.2020 17:30;91;36;55
21.11.2020 17:45;108;38;70
21.11.2020 18:00;94;33;61
21.11.2020 18:15;98;37;61
21.11.2020 18:30;68;20;48
21.11.2020 18:45;82;31;51
21.11.2020 19:00;74;31;43
21.11.2020 19:15;71;37;34
21.11.2020 19:30;40;14;26
21.11.2020 19:45;60;28;32
21.11.2020 20:00;61;34;27
21.11.2020 20:15;56;18;38
21.11.2020 20:30;27;7;20
21.11.2020 20:45;30;12;18
21.11.2020 21:00;31;18;13
21.11.2020 21:15;20;9;11
21.11.2020 21:30;9;7;2
21.11.2020 21:45;18;6;12
21.11.2020 22:00;31;16;15
21.11.2020 22:15;19;8;11
21.11.2020 22:30;20;9;11
21.11.2020 22:45;15;8;7
21.11.2020 23:00;24;13;11
21.11.2020 23:15;18;11;7
21.11.2020 23:30;16;8;8
21.11.2020 23:45;18;14;4
22.11.2020 00:00;30;15;15
22.11.2020 00:15;28;20;8
22.11.2020 00:30;28;11;17
22.11.2020 00:45;23;12;11
22.11.2020 01:00;13;4;9
22.11.2020 01:15;12;6;6
22.11.2020 01:30;7;6;1
22.11.2020 01:45;15;10;5
22.11.2020 02:00;8;5;3
22.11.2020 02:15;5;0;5
22.11.2020 02:30;12;6;6
22.11.2020 02:45;12;5;7
22.11.2020 03:00;5;3;2
22.11.2020 03:15;7;1;6
22.11.2020 03:30;6;5;1
22.11.2020 03:45;14;9;5
22.11.2020 04:00;4;0;4
22.11.2020 04:15;0;0;0
22.11.2020 04:30;2;1;1
22.11.2020 04:45;6;5;1
22.11.2020 05:00;0;0;0
22.11.2020 05:15;1;1;0
22.11.2020 05:30;3;1;2
22.11.2020 05:45;4;1;3
22.11.2020 06:00;6;6;0
22.11.2020 06:15;6;4;2
22.11.2020 06:30;4;2;2
22.11.2020 06:45;1;0;1
22.11.2020 07:00;2;1;1
22.11.2020 07:15;7;4;3
22.11.2020 07:30;5;5;0
22.11.2020 07:45;6;4;2
22.11.2020 08:00;5;2;3
22.11.2020 08:15;7;4;3
22.11.2020 08:30;9;6;3
22.11.2020 08:45;15;9;6
22.11.2020 09:00;16;13;3
22.11.2020 09:15;15;9;6
22.11.2020 09:30;17;14;3
22.11.2020 09:45;42;15;27
22.11.2020 10:00;33;23;10
22.11.2020 10:15;32;12;20
22.11.2020 10:30;31;17;14
22.11.2020 10:45;43;16;27
22.11.2020 11:00;45;27;18
22.11.2020 11:15;38;23;15
22.11.2020 11:30;35;23;12
22.11.2020 11:45;44;23;21
22.11.2020 12:00;57;31;26
22.11.2020 12:15;44;26;18
22.11.2020 12:30;57;22;35
22.11.2020 12:45;87;39;48
22.11.2020 13:00;73;35;38
22.11.2020 13:15;45;16;29
22.11.2020 13:30;80;46;34
22.11.2020 13:45;60;24;36
22.11.2020 14:00;83;30;53
22.11.2020 14:15;111;52;59
22.11.2020 14:30;102;53;49
22.11.2020 14:45;101;48;53
22.11.2020 15:00;73;35;38
22.11.2020 15:15;85;34;51
22.11.2020 15:30;117;54;63
22.11.2020 15:45;84;47;37
22.11.2020 16:00;85;52;33
22.11.2020 16:15;80;41;39
22.11.2020 16:30;85;48;37
22.11.2020 16:45;67;36;31
22.11.2020 17:00;72;34;38
22.11.2020 17:15;41;17;24
22.11.2020 17:30;58;26;32
22.11.2020 17:45;55;28;27
22.11.2020 18:00;58;37;21
22.11.2020 18:15;40;17;23
22.11.2020 18:30;39;15;24
22.11.2020 18:45;58;30;28
22.11.2020 19:00;46;26;20
22.11.2020 19:15;33;15;18
22.11.2020 19:30;37;16;21
22.11.2020 19:45;18;5;13
22.11.2020 20:00;17;8;9
22.11.2020 20:15;21;8;13
22.11.2020 20:30;25;12;13
22.11.2020 20:45;21;8;13
22.11.2020 21:00;15;7;8
22.11.2020 21:15;12;3;9
22.11.2020 21:30;14;5;9
22.11.2020 21:45;14;6;8
22.11.2020 22:00;18;9;9
22.11.2020 22:15;20;11;9
22.11.2020 22:30;12;6;6
22.11.2020 22:45;9;5;4
22.11.2020 23:00;16;12;4
22.11.2020 23:15;15;4;11
22.11.2020 23:30;4;2;2
22.11.2020 23:45;14;2;12
23.11.2020 00:00;10;4;6
23.11.2020 00:15;7;2;5
23.11.2020 00:30;5;1;4
23.11.2020 00:45;2;1;1
23.11.2020 01:00;1;0;1
23.11.2020 01:15;1;0;1
23.11.2020 01:30;0;0;0
23.11.2020 01:45;0;0;0
23.11.2020 02:00;3;3;0
23.11.2020 02:15;0;0;0
23.11.2020 02:30;0;0;0
23.11.2020 02:45;2;1;1
23.11.2020 03:00;1;0;1
23.11.2020 03:15;0;0;0
23.11.2020 03:30;0;0;0
23.11.2020 03:45;2;2;0
23.11.2020 04:00;3;0;3
23.11.2020 04:15;1;1;0
23.11.2020 04:30;0;0;0
23.11.2020 04:45;3;3;0
23.11.2020 05:00;2;2;0
23.11.2020 05:15;6;3;3
23.11.2020 05:30;10;4;6
23.11.2020 05:45;22;14;8
23.11.2020 06:00;23;12;11
23.11.2020 06:15;29;22;7
23.11.2020 06:30;42;33;9
23.11.2020 06:45;67;31;36
23.11.2020 07:00;94;50;44
23.11.2020 07:15;217;149;68
23.11.2020 07:30;452;314;138
23.11.2020 07:45;193;110;83
23.11.2020 08:00;146;75;71
23.11.2020 08:15;166;95;71
23.11.2020 08:30;161;95;66
23.11.2020 08:45;189;111;78
23.11.2020 09:00;123;64;59
23.11.2020 09:15;138;82;56
23.11.2020 09:30;127;66;61
23.11.2020 09:45;104;63;41
23.11.2020 10:00;105;66;39
23.11.2020 10:15;81;40;41
23.11.2020 10:30;92;47;45
23.11.2020 10:45;88;46;42
23.11.2020 11:00;116;56;60
23.11.2020 11:15;106;44;62
23.11.2020 11:30;126;53;73
23.11.2020 11:45;123;60;63
23.11.2020 12:00;126;48;78
23.11.2020 12:15;157;59;98
23.11.2020 12:30;163;79;84
23.11.2020 12:45;156;78;78
23.11.2020 13:00;346;112;234
23.11.2020 13:15;157;52;105
23.11.2020 13:30;159;69;90
23.11.2020 13:45;221;112;109
23.11.2020 14:00;216;85;131
23.11.2020 14:15;151;71;80
23.11.2020 14:30;154;100;54
23.11.2020 14:45;163;88;75
23.11.2020 15:00;182;92;90
23.11.2020 15:15;183;84;99
23.11.2020 15:30;247;112;135
23.11.2020 15:45;215;96;119
23.11.2020 16:00;213;88;125
23.11.2020 16:15;220;118;102
23.11.2020 16:30;200;84;116
23.11.2020 16:45;199;98;101
23.11.2020 17:00;198;78;120
23.11.2020 17:15;207;95;112
23.11.2020 17:30;185;71;114
23.11.2020 17:45;170;74;96
23.11.2020 18:00;182;68;114
23.11.2020 18:15;125;51;74
23.11.2020 18:30;128;53;75
23.11.2020 18:45;112;46;66
23.11.2020 19:00;86;41;45
23.11.2020 19:15;70;25;45
23.11.2020 19:30;88;40;48
23.11.2020 19:45;59;30;29
23.11.2020 20:00;60;21;39
23.11.2020 20:15;59;24;35
23.11.2020 20:30;41;21;20
23.11.2020 20:45;47;23;24
23.11.2020 21:00;25;10;15
23.11.2020 21:15;43;12;31
23.11.2020 21:30;31;16;15
23.11.2020 21:45;27;17;10
23.11.2020 22:00;28;17;11
23.11.2020 22:15;19;8;11
23.11.2020 22:30;27;12;15
23.11.2020 22:45;12;7;5
23.11.2020 23:00;15;6;9
23.11.2020 23:15;7;6;1
23.11.2020 23:30;10;6;4
23.11.2020 23:45;12;1;11
24.11.2020 00:00;7;3;4
24.11.2020 00:15;6;2;4
24.11.2020 00:30;8;3;5
24.11.2020 00:45;6;1;5
24.11.2020 01:00;3;1;2
24.11.2020 01:15;3;3;0
24.11.2020 01:30;2;0;2
24.11.2020 01:45;5;5;0
24.11.2020 02:00;1;1;0
24.11.2020 02:15;6;5;1
24.11.2020 02:30;0;0;0
24.11.2020 02:45;1;0;1
24.11.2020 03:00;1;1;0
24.11.2020 03:15;2;1;1
24.11.2020 03:30;0;0;0
24.11.2020 03:45;3;2;1
24.11.2020 04:00;1;0;1
24.11.2020 04:15;1;1;0
24.11.2020 04:30;0;0;0
24.11.2020 04:45;4;4;0
24.11.2020 05:00;3;2;1
24.11.2020 05:15;4;3;1
24.11.2020 05:30;18;10;8
24.11.2020 05:45;27;19;8
24.11.2020 06:00;25;17;8
24.11.2020 06:15;27;20;7
24.11.2020 06:30;45;27;18
24.11.2020 06:45;81;42;39
24.11.2020 07:00;76;43;33
24.11.2020 07:15;198;135;63
24.11.2020 07:30;423;295;128
24.11.2020 07:45;224;131;93
24.11.2020 08:00;179;83;96
24.11.2020 08:15;206;126;80
24.11.2020 08:30;188;89;99
24.11.2020 08:45;172;95;77
24.11.2020 09:00;134;88;46
24.11.2020 09:15;144;99;45
24.11.2020 09:30;127;73;54
24.11.2020 09:45;124;77;47
24.11.2020 10:00;91;51;40
24.11.2020 10:15;93;48;45
24.11.2020 10:30;114;60;54
24.11.2020 10:45;93;46;47
24.11.2020 11:00;119;64;55
24.11.2020 11:15;108;52;56
24.11.2020 11:30;123;60;63
24.11.2020 11:45;135;76;59
24.11.2020 12:00;130;51;79
24.11.2020 12:15;135;66;69
24.11.2020 12:30;152;66;86
24.11.2020 12:45;157;83;74
24.11.2020 13:00;301;87;214
24.11.2020 13:15;168;57;111
24.11.2020 13:30;118;62;56
24.11.2020 13:45;196;87;109
24.11.2020 14:00;175;66;109
24.11.2020 14:15;142;71;71
24.11.2020 14:30;158;79;79
24.11.2020 14:45;147;58;89
24.11.2020 15:00;179;95;84
24.11.2020 15:15;172;84;88
24.11.2020 15:30;284;152;132
24.11.2020 15:45;234;121;113
24.11.2020 16:00;197;98;99
24.11.2020 16:15;207;97;110
24.11.2020 16:30;177;94;83
24.11.2020 16:45;197;99;98
24.11.2020 17:00;211;82;129
24.11.2020 17:15;271;90;181
24.11.2020 17:30;179;77;102
24.11.2020 17:45;173;86;87
24.11.2020 18:00;190;78;112
24.11.2020 18:15;168;80;88
24.11.2020 18:30;127;59;68
24.11.2020 18:45;122;56;66
24.11.2020 19:00;95;45;50
24.11.2020 19:15;77;24;53
24.11.2020 19:30;80;33;47
24.11.2020 19:45;68;26;42
24.11.2020 20:00;80;35;45
24.11.2020 20:15;59;27;32
24.11.2020 20:30;45;23;22
24.11.2020 20:45;36;16;20
24.11.2020 21:00;35;17;18
24.11.2020 21:15;18;2;16
24.11.2020 21:30;20;8;12
24.11.2020 21:45;33;13;20
24.11.2020 22:00;24;15;9
24.11.2020 22:15;23;9;14
24.11.2020 22:30;12;4;8
24.11.2020 22:45;17;4;13
24.11.2020 23:00;23;13;10
24.11.2020 23:15;19;11;8
24.11.2020 23:30;14;7;7
24.11.2020 23:45;13;7;6
25.11.2020 00:00;7;5;2
25.11.2020 00:15;12;7;5
25.11.2020 00:30;10;3;7
25.11.2020 00:45;7;3;4
25.11.2020 01:00;1;1;0
25.11.2020 01:15;6;1;5
25.11.2020 01:30;0;0;0
25.11.2020 01:45;8;7;1
25.11.2020 02:00;0;0;0
25.11.2020 02:15;4;2;2
25.11.2020 02:30;2;2;0
25.11.2020 02:45;1;1;0
25.11.2020 03:00;2;2;0
25.11.2020 03:15;0;0;0
25.11.2020 03:30;0;0;0
25.11.2020 03:45;2;1;1
25.11.2020 04:00;1;0;1
25.11.2020 04:15;3;2;1
25.11.2020 04:30;1;1;0
25.11.2020 04:45;5;5;0
25.11.2020 05:00;2;2;0
25.11.2020 05:15;7;2;5
25.11.2020 05:30;11;7;4
25.11.2020 05:45;30;21;9
25.11.2020 06:00;18;9;9
25.11.2020 06:15;32;26;6
25.11.2020 06:30;43;23;20
25.11.2020 06:45;63;37;26
25.11.2020 07:00;83;51;32
25.11.2020 07:15;206;146;60
25.11.2020 07:30;423;297;126
25.11.2020 07:45;207;105;102
25.11.2020 08:00;114;63;51
25.11.2020 08:15;184;96;88
25.11.2020 08:30;176;95;81
25.11.2020 08:45;183;104;79
25.11.2020 09:00;126;73;53
25.11.2020 09:15;150;110;40
25.11.2020 09:30;120;71;49
25.11.2020 09:45;100;51;49
25.11.2020 10:00;80;42;38
25.11.2020 10:15;86;43;43
25.11.2020 10:30;88;56;32
25.11.2020 10:45;116;61;55
25.11.2020 11:00;112;58;54
25.11.2020 11:15;110;55;55
25.11.2020 11:30;96;47;49
25.11.2020 11:45;114;54;60
25.11.2020 12:00;140;82;58
25.11.2020 12:15;123;50;73
25.11.2020 12:30;155;80;75
25.11.2020 12:45;128;54;74
25.11.2020 13:00;333;112;221
25.11.2020 13:15;194;89;105
25.11.2020 13:30;170;90;80
25.11.2020 13:45;192;101;91
25.11.2020 14:00;185;83;102
25.11.2020 14:15;111;46;65
25.11.2020 14:30;150;73;77
25.11.2020 14:45;174;89;85
25.11.2020 15:00;138;67;71
25.11.2020 15:15;149;61;88
25.11.2020 15:30;253;97;156
25.11.2020 15:45;210;98;112
25.11.2020 16:00;162;83;79
25.11.2020 16:15;174;85;89
25.11.2020 16:30;196;95;101
25.11.2020 16:45;169;77;92
25.11.2020 17:00;177;71;106
25.11.2020 17:15;170;79;91
25.11.2020 17:30;157;70;87
25.11.2020 17:45;170;75;95
25.11.2020 18:00;155;65;90
25.11.2020 18:15;131;51;80
25.11.2020 18:30;123;54;69
25.11.2020 18:45;109;49;60
25.11.2020 19:00;111;45;66
25.11.2020 19:15;58;21;37
25.11.2020 19:30;55;28;27
25.11.2020 19:45;72;32;40
25.11.2020 20:00;71;32;39
25.11.2020 20:15;65;26;39
25.11.2020 20:30;53;28;25
25.11.2020 20:45;49;16;33
25.11.2020 21:00;30;12;18
25.11.2020 21:15;35;19;16
25.11.2020 21:30;11;2;9
25.11.2020 21:45;26;15;11
25.11.2020 22:00;15;10;5
25.11.2020 22:15;39;15;24
25.11.2020 22:30;17;8;9
25.11.2020 22:45;14;8;6
25.11.2020 23:00;30;16;14
25.11.2020 23:15;17;5;12
25.11.2020 23:30;17;8;9
25.11.2020 23:45;9;4;5
26.11.2020 00:00;11;5;6
26.11.2020 00:15;6;3;3
26.11.2020 00:30;4;2;2
26.11.2020 00:45;7;3;4
26.11.2020 01:00;4;0;4
26.11.2020 01:15;3;1;2
26.11.2020 01:30;6;4;2
26.11.2020 01:45;6;1;5
26.11.2020 02:00;2;0;2
26.11.2020 02:15;1;1;0
26.11.2020 02:30;2;0;2
26.11.2020 02:45;0;0;0
26.11.2020 03:00;3;2;1
26.11.2020 03:15;0;0;0
26.11.2020 03:30;1;0;1
26.11.2020 03:45;2;1;1
26.11.2020 04:00;1;0;1
26.11.2020 04:15;0;0;0
26.11.2020 04:30;2;2;0
26.11.2020 04:45;3;3;0
26.11.2020 05:00;5;4;1
26.11.2020 05:15;6;2;4
26.11.2020 05:30;10;6;4
26.11.2020 05:45;30;22;8
26.11.2020 06:00;21;14;7
26.11.2020 06:15;28;19;9
26.11.2020 06:30;38;22;16
26.11.2020 06:45;67;35;32
26.11.2020 07:00;88;53;35
26.11.2020 07:15;216;151;65
26.11.2020 07:30;433;306;127
26.11.2020 07:45;222;129;93
26.11.2020 08:00;146;76;70
26.11.2020 08:15;191;99;92
26.11.2020 08:30;183;110;73
26.11.2020 08:45;192;103;89
26.11.2020 09:00;140;76;64
26.11.2020 09:15;120;73;47
26.11.2020 09:30;126;70;56
26.11.2020 09:45;104;62;42
26.11.2020 10:00;100;45;55
26.11.2020 10:15;99;52;47
26.11.2020 10:30;86;47;39
26.11.2020 10:45;93;57;36
26.11.2020 11:00;114;71;43
26.11.2020 11:15;116;41;75
26.11.2020 11:30;112;57;55
26.11.2020 11:45;90;51;39
26.11.2020 12:00;113;55;58
26.11.2020 12:15;133;57;76
26.11.2020 12:30;132;67;65
26.11.2020 12:45;173;58;115
26.11.2020 13:00;294;102;192
26.11.2020 13:15;139;73;66
26.11.2020 13:30;163;79;84
26.11.2020 13:45;169;85;84
26.11.2020 14:00;214;90;124
26.11.2020 14:15;130;61;69
26.11.2020 14:30;150;71;79
26.11.2020 14:45;178;85;93
26.11.2020 15:00;154;75;79
26.11.2020 15:15;168;80;88
26.11.2020 15:30;262;116;146
26.11.2020 15:45;228;101;127
26.11.2020 16:00;192;83;109
26.11.2020 16:15;187;97;90
26.11.2020 16:30;189;97;92
26.11.2020 16:45;209;107;102
26.11.2020 17:00;203;94;109
26.11.2020 17:15;212;86;126
26.11.2020 17:30;193;95;98
26.11.2020 17:45;179;75;104
26.11.2020 18:00;183;86;97
26.11.2020 18:15;174;76;98
26.11.2020 18:30;140;57;83
26.11.2020 18:45;126;49;77
26.11.2020 19:00;106;36;70
26.11.2020 19:15;81;28;53
26.11.2020 19:30;92;38;54
26.11.2020 19:45;77;39;38
26.11.2020 20:00;75;33;42
26.11.2020 20:15;59;25;34
26.11.2020 20:30;55;31;24
26.11.2020 20:45;45;21;24
26.11.2020 21:00;44;16;28
26.11.2020 21:15;36;15;21
26.11.2020 21:30;29;9;20
26.11.2020 21:45;38;18;20
26.11.2020 22:00;25;12;13
26.11.2020 22:15;22;10;12
26.11.2020 22:30;28;14;14
26.11.2020 22:45;15;7;8
26.11.2020 23:00;23;9;14
26.11.2020 23:15;28;15;13
26.11.2020 23:30;9;2;7
26.11.2020 23:45;9;3;6
27.11.2020 00:00;14;5;9
27.11.2020 00:15;10;4;6
27.11.2020 00:30;6;4;2
27.11.2020 00:45;5;2;3
27.11.2020 01:00;9;2;7
27.11.2020 01:15;6;3;3
27.11.2020 01:30;2;2;0
27.11.2020 01:45;5;5;0
27.11.2020 02:00;3;1;2
27.11.2020 02:15;5;4;1
27.11.2020 02:30;6;5;1
27.11.2020 02:45;3;1;2
27.11.2020 03:00;1;0;1
27.11.2020 03:15;0;0;0
27.11.2020 03:30;0;0;0
27.11.2020 03:45;3;0;3
27.11.2020 04:00;1;0;1
27.11.2020 04:15;1;1;0
27.11.2020 04:30;4;1;3
27.11.2020 04:45;4;3;1
27.11.2020 05:00;4;3;1
27.11.2020 05:15;4;4;0
27.11.2020 05:30;4;1;3
27.11.2020 05:45;20;13;7
27.11.2020 06:00;22;17;5
27.11.2020 06:15;30;21;9
27.11.2020 06:30;42;30;12
27.11.2020 06:45;64;26;38
27.11.2020 07:00;72;48;24
27.11.2020 07:15;163;112;51
27.11.2020 07:30;418;300;118
27.11.2020 07:45;215;119;96
27.11.2020 08:00;146;83;63
27.11.2020 08:15;182;99;83
27.11.2020 08:30;164;97;67
27.11.2020 08:45;150;93;57
27.11.2020 09:00;140;78;62
27.11.2020 09:15;171;109;62
27.11.2020 09:30;127;58;69
27.11.2020 09:45;127;68;59
27.11.2020 10:00;111;76;35
27.11.2020 10:15;106;58;48
27.11.2020 10:30;104;59;45
27.11.2020 10:45;136;67;69
27.11.2020 11:00;147;69;78
27.11.2020 11:15;161;80;81
27.11.2020 11:30;127;75;52
27.11.2020 11:45;130;70;60
27.11.2020 12:00;151;73;78
27.11.2020 12:15;192;69;123
27.11.2020 12:30;186;92;94
27.11.2020 12:45;193;74;119
27.11.2020 13:00;338;131;207
27.11.2020 13:15;215;64;151
27.11.2020 13:30;178;78;100
27.11.2020 13:45;175;80;95
27.11.2020 14:00;203;77;126
27.11.2020 14:15;172;92;80
27.11.2020 14:30;175;95;80
27.11.2020 14:45;183;100;83
27.11.2020 15:00;208;106;102
27.11.2020 15:15;167;84;83
27.11.2020 15:30;148;74;74
27.11.2020 15:45;173;73;100
27.11.2020 16:00;186;89;97
27.11.2020 16:15;169;72;97
27.11.2020 16:30;143;64;79
27.11.2020 16:45;191;84;107
27.11.2020 17:00;166;72;94
27.11.2020 17:15;149;69;80
27.11.2020 17:30;147;59;88
27.11.2020 17:45;146;67;79
27.11.2020 18:00;150;73;77
27.11.2020 18:15;152;64;88
27.11.2020 18:30;111;49;62
27.11.2020 18:45;110;42;68
27.11.2020 19:00;113;54;59
27.11.2020 19:15;82;30;52
27.11.2020 19:30;82;32;50
27.11.2020 19:45;63;22;41
27.11.2020 20:00;69;23;46
27.11.2020 20:15;58;23;35
27.11.2020 20:30;43;21;22
27.11.2020 20:45;43;17;26
27.11.2020 21:00;33;11;22
27.11.2020 21:15;30;10;20
27.11.2020 21:30;34;18;16
27.11.2020 21:45;23;8;15
27.11.2020 22:00;25;10;15
27.11.2020 22:15;17;9;8
27.11.2020 22:30;19;8;11
27.11.2020 22:45;13;5;8
27.11.2020 23:00;21;12;9
27.11.2020 23:15;28;16;12
27.11.2020 23:30;18;5;13
27.11.2020 23:45;23;12;11
28.11.2020 00:00;17;9;8
28.11.2020 00:15;15;8;7
28.11.2020 00:30;16;10;6
28.11.2020 00:45;13;7;6
28.11.2020 01:00;9;5;4
28.11.2020 01:15;8;3;5
28.11.2020 01:30;7;2;5
28.11.2020 01:45;10;5;5
28.11.2020 02:00;8;3;5
28.11.2020 02:15;6;3;3
28.11.2020 02:30;5;2;3
28.11.2020 02:45;7;4;3
28.11.2020 03:00;4;2;2
28.11.2020 03:15;5;4;1
28.11.2020 03:30;5;4;1
28.11.2020 03:45;0;0;0
28.11.2020 04:00;1;0;1
28.11.2020 04:15;3;0;3
28.11.2020 04:30;1;0;1
28.11.2020 04:45;7;7;0
28.11.2020 05:00;1;1;0
28.11.2020 05:15;6;3;3
28.11.2020 05:30;12;8;4
28.11.2020 05:45;9;5;4
28.11.2020 06:00;7;4;3
28.11.2020 06:15;9;6;3
28.11.2020 06:30;10;4;6
28.11.2020 06:45;9;4;5
28.11.2020 07:00;10;5;5
28.11.2020 07:15;14;6;8
28.11.2020 07:30;26;15;11
28.11.2020 07:45;23;13;10
28.11.2020 08:00;24;8;16
28.11.2020 08:15;23;12;11
28.11.2020 08:30;37;20;17
28.11.2020 08:45;58;29;29
28.11.2020 09:00;42;19;23
28.11.2020 09:15;42;28;14
28.11.2020 09:30;75;60;15
28.11.2020 09:45;105;69;36
28.11.2020 10:00;91;53;38
28.11.2020 10:15;101;61;40
28.11.2020 10:30;85;44;41
28.11.2020 10:45;105;73;32
28.11.2020 11:00;100;56;44
28.11.2020 11:15;97;45;52
28.11.2020 11:30;101;56;45
28.11.2020 11:45;115;62;53
28.11.2020 12:00;128;58;70
28.11.2020 12:15;107;51;56
28.11.2020 12:30;130;80;50
28.11.2020 12:45;106;56;50
28.11.2020 13:00;121;56;65
28.11.2020 13:15;105;55;50
28.11.2020 13:30;121;66;55
28.11.2020 13:45;140;69;71
28.11.2020 14:00;122;60;62
28.11.2020 14:15;120;66;54
28.11.2020 14:30;114;45;69
28.11.2020 14:45;98;43;55
28.11.2020 15:00;145;79;66
28.11.2020 15:15;133;59;74
28.11.2020 15:30;121;57;64
28.11.2020 15:45;104;54;50
28.11.2020 16:00;116;50;66
28.11.2020 16:15;119;47;72
28.11.2020 16:30;119;52;67
28.11.2020 16:45;96;44;52
28.11.2020 17:00;103;39;64
28.11.2020 17:15;85;32;53
28.11.2020 17:30;107;44;63
28.11.2020 17:45;106;43;63
28.11.2020 18:00;85;32;53
28.11.2020 18:15;80;33;47
28.11.2020 18:30;63;25;38
28.11.2020 18:45;65;31;34
28.11.2020 19:00;72;35;37
28.11.2020 19:15;74;29;45
28.11.2020 19:30;51;20;31
28.11.2020 19:45;69;27;42
28.11.2020 20:00;45;24;21
28.11.2020 20:15;50;12;38
28.11.2020 20:30;45;17;28
28.11.2020 20:45;41;24;17
28.11.2020 21:00;27;6;21
28.11.2020 21:15;29;12;17
28.11.2020 21:30;34;10;24
28.11.2020 21:45;19;8;11
28.11.2020 22:00;18;14;4
28.11.2020 22:15;20;8;12
28.11.2020 22:30;12;6;6
28.11.2020 22:45;22;8;14
28.11.2020 23:00;13;5;8
28.11.2020 23:15;16;10;6
28.11.2020 23:30;23;11;12
28.11.2020 23:45;25;18;7
29.11.2020 00:00;17;10;7
29.11.2020 00:15;23;7;16
29.11.2020 00:30;21;11;10
29.11.2020 00:45;12;6;6
29.11.2020 01:00;15;9;6
29.11.2020 01:15;13;5;8
29.11.2020 01:30;13;4;9
29.11.2020 01:45;19;10;9
29.11.2020 02:00;8;3;5
29.11.2020 02:15;15;7;8
29.11.2020 02:30;7;2;5
29.11.2020 02:45;5;4;1
29.11.2020 03:00;6;3;3
29.11.2020 03:15;1;1;0
29.11.2020 03:30;4;3;1
29.11.2020 03:45;6;3;3
29.11.2020 04:00;3;1;2
29.11.2020 04:15;4;4;0
29.11.2020 04:30;7;5;2
29.11.2020 04:45;6;4;2
29.11.2020 05:00;2;2;0
29.11.2020 05:15;3;3;0
29.11.2020 05:30;6;5;1
29.11.2020 05:45;11;6;5
29.11.2020 06:00;5;4;1
29.11.2020 06:15;8;6;2
29.11.2020 06:30;5;2;3
29.11.2020 06:45;4;2;2
29.11.2020 07:00;5;1;4
29.11.2020 07:15;8;6;2
29.11.2020 07:30;11;4;7
29.11.2020 07:45;3;1;2
29.11.2020 08:00;8;4;4
29.11.2020 08:15;6;2;4
29.11.2020 08:30;12;8;4
29.11.2020 08:45;6;4;2
29.11.2020 09:00;11;5;6
29.11.2020 09:15;17;12;5
29.11.2020 09:30;14;4;10
29.11.2020 09:45;35;27;8
29.11.2020 10:00;16;7;9
29.11.2020 10:15;20;12;8
29.11.2020 10:30;19;11;8
29.11.2020 10:45;43;21;22
29.11.2020 11:00;50;25;25
29.11.2020 11:15;35;17;18
29.11.2020 11:30;28;12;16
29.11.2020 11:45;37;19;18
29.11.2020 12:00;29;13;16
29.11.2020 12:15;37;14;23
29.11.2020 12:30;42;15;27
29.11.2020 12:45;56;26;30
29.11.2020 13:00;46;20;26
29.11.2020 13:15;64;27;37
29.11.2020 13:30;57;31;26
29.11.2020 13:45;63;27;36
29.11.2020 14:00;64;25;39
29.11.2020 14:15;57;24;33
29.11.2020 14:30;65;38;27
29.11.2020 14:45;68;37;31
29.11.2020 15:00;79;30;49
29.11.2020 15:15;61;24;37
29.11.2020 15:30;71;31;40
29.11.2020 15:45;67;35;32
29.11.2020 16:00;47;32;15
29.11.2020 16:15;52;26;26
29.11.2020 16:30;56;23;33
29.11.2020 16:45;77;42;35
29.11.2020 17:00;50;24;26
29.11.2020 17:15;38;24;14
29.11.2020 17:30;57;28;29
29.11.2020 17:45;52;25;27
29.11.2020 18:00;64;28;36
29.11.2020 18:15;52;27;25
29.11.2020 18:30;34;19;15
29.11.2020 18:45;46;23;23
29.11.2020 19:00;29;13;16
29.11.2020 19:15;28;12;16
29.11.2020 19:30;22;12;10
29.11.2020 19:45;31;17;14
29.11.2020 20:00;35;16;19
29.11.2020 20:15;18;8;10
29.11.2020 20:30;25;9;16
29.11.2020 20:45;15;5;10
29.11.2020 21:00;20;9;11
29.11.2020 21:15;14;5;9
29.11.2020 21:30;14;6;8
29.11.2020 21:45;16;5;11
29.11.2020 22:00;20;7;13
29.11.2020 22:15;20;13;7
29.11.2020 22:30;14;6;8
29.11.2020 22:45;13;7;6
29.11.2020 23:00;7;3;4
29.11.2020 23:15;15;7;8
29.11.2020 23:30;6;3;3
29.11.2020 23:45;8;5;3
30.11.2020 00:00;7;0;7
30.11.2020 00:15;4;2;2
30.11.2020 00:30;5;3;2
30.11.2020 00:45;5;4;1
30.11.2020 01:00;2;1;1
30.11.2020 01:15;2;0;2
30.11.2020 01:30;0;0;0
30.11.2020 01:45;1;1;0
30.11.2020 02:00;2;2;0
30.11.2020 02:15;0;0;0
30.11.2020 02:30;1;1;0
30.11.2020 02:45;0;0;0
30.11.2020 03:00;1;1;0
30.11.2020 03:15;0;0;0
30.11.2020 03:30;3;1;2
30.11.2020 03:45;1;0;1
30.11.2020 04:00;1;1;0
30.11.2020 04:15;0;0;0
30.11.2020 04:30;2;1;1
30.11.2020 04:45;5;5;0
30.11.2020 05:00;1;1;0
30.11.2020 05:15;4;2;2
30.11.2020 05:30;13;7;6
30.11.2020 05:45;32;19;13
30.11.2020 06:00;19;12;7
30.11.2020 06:15;25;16;9
30.11.2020 06:30;53;31;22
30.11.2020 06:45;59;28;31
30.11.2020 07:00;68;36;32
30.11.2020 07:15;185;131;54
30.11.2020 07:30;409;271;138
30.11.2020 07:45;210;133;77
30.11.2020 08:00;127;66;61
30.11.2020 08:15;169;95;74
30.11.2020 08:30;153;78;75
30.11.2020 08:45;166;89;77
30.11.2020 09:00;144;91;53
30.11.2020 09:15;187;104;83
30.11.2020 09:30;115;58;57
30.11.2020 09:45;114;75;39
30.11.2020 10:00;87;46;41
30.11.2020 10:15;109;61;48
30.11.2020 10:30;104;54;50
30.11.2020 10:45;99;39;60
30.11.2020 11:00;109;45;64
30.11.2020 11:15;113;46;67
30.11.2020 11:30;120;61;59
30.11.2020 11:45;100;54;46
30.11.2020 12:00;119;52;67
30.11.2020 12:15;126;53;73
30.11.2020 12:30;153;69;84
30.11.2020 12:45;155;75;80
30.11.2020 13:00;295;91;204
30.11.2020 13:15;175;76;99
30.11.2020 13:30;136;63;73
30.11.2020 13:45;163;95;68
30.11.2020 14:00;193;77;116
30.11.2020 14:15;149;81;68
30.11.2020 14:30;137;82;55
30.11.2020 14:45;165;78;87
30.11.2020 15:00;147;75;72
30.11.2020 15:15;180;86;94
30.11.2020 15:30;247;83;164
30.11.2020 15:45;247;130;117
30.11.2020 16:00;178;85;93
30.11.2020 16:15;198;90;108
30.11.2020 16:30;181;86;95
30.11.2020 16:45;191;96;95
30.11.2020 17:00;173;75;98
30.11.2020 17:15;228;102;126
30.11.2020 17:30;177;67;110
30.11.2020 17:45;166;85;81
30.11.2020 18:00;167;67;100
30.11.2020 18:15;123;43;80
30.11.2020 18:30;103;39;64
30.11.2020 18:45;113;52;61
30.11.2020 19:00;96;34;62
30.11.2020 19:15;82;27;55
30.11.2020 19:30;79;32;47
30.11.2020 19:45;65;24;41
30.11.2020 20:00;59;28;31
30.11.2020 20:15;50;24;26
30.11.2020 20:30;42;19;23
30.11.2020 20:45;37;14;23
30.11.2020 21:00;27;6;21
30.11.2020 21:15;30;13;17
30.11.2020 21:30;35;17;18
30.11.2020 21:45;23;10;13
30.11.2020 22:00;21;12;9
30.11.2020 22:15;19;11;8
30.11.2020 22:30;22;8;14
30.11.2020 22:45;13;5;8
30.11.2020 23:00;11;7;4
30.11.2020 23:15;19;6;13
30.11.2020 23:30;9;7;2
30.11.2020 23:45;11;5;6
01.12.2020 00:00;7;3;4
01.12.2020 00:15;3;2;1
01.12.2020 00:30;7;4;3
01.12.2020 00:45;4;4;0
01.12.2020 01:00;6;2;4
01.12.2020 01:15;3;1;2
01.12.2020 01:30;1;1;0
01.12.2020 01:45;3;2;1
01.12.2020 02:00;1;1;0
01.12.2020 02:15;1;0;1
01.12.2020 02:30;1;1;0
01.12.2020 02:45;0;0;0
01.12.2020 03:00;0;0;0
01.12.2020 03:15;0;0;0
01.12.2020 03:30;2;0;2
01.12.2020 03:45;1;0;1
01.12.2020 04:00;1;0;1
01.12.2020 04:15;1;0;1
01.12.2020 04:30;4;3;1
01.12.2020 04:45;4;4;0
01.12.2020 05:00;3;2;1
01.12.2020 05:15;3;3;0
01.12.2020 05:30;6;4;2
01.12.2020 05:45;20;9;11
01.12.2020 06:00;30;21;9
01.12.2020 06:15;19;12;7
01.12.2020 06:30;43;28;15
01.12.2020 06:45;51;27;24
01.12.2020 07:00;41;20;21
01.12.2020 07:15;119;77;42
01.12.2020 07:30;290;184;106
01.12.2020 07:45;135;77;58
01.12.2020 08:00;93;46;47
01.12.2020 08:15;120;55;65
01.12.2020 08:30;108;66;42
01.12.2020 08:45;118;69;49
01.12.2020 09:00;78;52;26
01.12.2020 09:15;93;56;37
01.12.2020 09:30;94;57;37
01.12.2020 09:45;86;49;37
01.12.2020 10:00;68;40;28
01.12.2020 10:15;65;40;25
01.12.2020 10:30;47;31;16
01.12.2020 10:45;51;26;25
01.12.2020 11:00;65;27;38
01.12.2020 11:15;72;41;31
01.12.2020 11:30;72;43;29
01.12.2020 11:45;93;31;62
01.12.2020 12:00;72;30;42
01.12.2020 12:15;77;31;46
01.12.2020 12:30;79;33;46
01.12.2020 12:45;103;55;48
01.12.2020 13:00;180;61;119
01.12.2020 13:15;82;37;45
01.12.2020 13:30;111;67;44
01.12.2020 13:45;127;61;66
01.12.2020 14:00;111;47;64
01.12.2020 14:15;92;48;44
01.12.2020 14:30;93;52;41
01.12.2020 14:45;116;50;66
01.12.2020 15:00;112;53;59
01.12.2020 15:15;131;57;74
01.12.2020 15:30;177;95;82
01.12.2020 15:45;154;69;85
01.12.2020 16:00;121;61;60
01.12.2020 16:15;124;55;69
01.12.2020 16:30;100;53;47
01.12.2020 16:45;137;66;71
01.12.2020 17:00;160;81;79
01.12.2020 17:15;150;66;84
01.12.2020 17:30;119;46;73
01.12.2020 17:45;109;55;54
01.12.2020 18:00;115;47;68
01.12.2020 18:15;121;67;54
01.12.2020 18:30;133;59;74
01.12.2020 18:45;98;41;57
01.12.2020 19:00;97;40;57
01.12.2020 19:15;68;26;42
01.12.2020 19:30;59;24;35
01.12.2020 19:45;41;14;27
01.12.2020 20:00;57;27;30
01.12.2020 20:15;41;11;30
01.12.2020 20:30;31;9;22
01.12.2020 20:45;26;12;14
01.12.2020 21:00;28;8;20
01.12.2020 21:15;25;8;17
01.12.2020 21:30;23;6;17
01.12.2020 21:45;25;10;15
01.12.2020 22:00;22;13;9
01.12.2020 22:15;13;4;9
01.12.2020 22:30;20;9;11
01.12.2020 22:45;13;7;6
01.12.2020 23:00;20;7;13
01.12.2020 23:15;18;8;10
01.12.2020 23:30;13;7;6
01.12.2020 23:45;4;2;2
02.12.2020 00:00;5;3;2
02.12.2020 00:15;9;6;3
02.12.2020 00:30;5;1;4
02.12.2020 00:45;5;4;1
02.12.2020 01:00;5;1;4
02.12.2020 01:15;0;0;0
02.12.2020 01:30;8;3;5
02.12.2020 01:45;1;1;0
02.12.2020 02:00;0;0;0
02.12.2020 02:15;1;0;1
02.12.2020 02:30;3;0;3
02.12.2020 02:45;1;0;1
02.12.2020 03:00;1;0;1
02.12.2020 03:15;2;2;0
02.12.2020 03:30;0;0;0
02.12.2020 03:45;1;0;1
02.12.2020 04:00;0;0;0
02.12.2020 04:15;0;0;0
02.12.2020 04:30;3;2;1
02.12.2020 04:45;2;2;0
02.12.2020 05:00;3;3;0
02.12.2020 05:15;5;5;0
02.12.2020 05:30;10;3;7
02.12.2020 05:45;29;22;7
02.12.2020 06:00;20;11;9
02.12.2020 06:15;20;14;6
02.12.2020 06:30;45;22;23
02.12.2020 06:45;64;31;33
02.12.2020 07:00;67;39;28
02.12.2020 07:15;150;98;52
02.12.2020 07:30;379;254;125
02.12.2020 07:45;200;110;90
02.12.2020 08:00;138;69;69
02.12.2020 08:15;169;95;74
02.12.2020 08:30;156;94;62
02.12.2020 08:45;174;100;74
02.12.2020 09:00;126;83;43
02.12.2020 09:15;157;105;52
02.12.2020 09:30;113;70;43
02.12.2020 09:45;108;73;35
02.12.2020 10:00;83;48;35
02.12.2020 10:15;87;45;42
02.12.2020 10:30;97;49;48
02.12.2020 10:45;101;50;51
02.12.2020 11:00;88;43;45
02.12.2020 11:15;116;58;58
02.12.2020 11:30;108;55;53
02.12.2020 11:45;114;50;64
02.12.2020 12:00;115;57;58
02.12.2020 12:15;123;62;61
02.12.2020 12:30;148;67;81
02.12.2020 12:45;162;68;94
02.12.2020 13:00;323;114;209
02.12.2020 13:15;201;103;98
02.12.2020 13:30;141;77;64
02.12.2020 13:45;191;96;95
02.12.2020 14:00;158;67;91
02.12.2020 14:15;147;69;78
02.12.2020 14:30;131;71;60
02.12.2020 14:45;145;82;63
02.12.2020 15:00;152;60;92
02.12.2020 15:15;144;68;76
02.12.2020 15:30;263;84;179
02.12.2020 15:45;163;74;89
02.12.2020 16:00;182;100;82
02.12.2020 16:15;164;81;83
02.12.2020 16:30;143;71;72
02.12.2020 16:45;175;79;96
02.12.2020 17:00;143;59;84
02.12.2020 17:15;195;83;112
02.12.2020 17:30;131;63;68
02.12.2020 17:45;159;73;86
02.12.2020 18:00;155;56;99
02.12.2020 18:15;141;63;78
02.12.2020 18:30;110;41;69
02.12.2020 18:45;93;34;59
02.12.2020 19:00;96;38;58
02.12.2020 19:15;91;27;64
02.12.2020 19:30;70;36;34
02.12.2020 19:45;71;33;38
02.12.2020 20:00;68;35;33
02.12.2020 20:15;49;16;33
02.12.2020 20:30;44;11;33
02.12.2020 20:45;29;11;18
02.12.2020 21:00;29;16;13
02.12.2020 21:15;36;16;20
02.12.2020 21:30;22;8;14
02.12.2020 21:45;27;11;16
02.12.2020 22:00;16;9;7
02.12.2020 22:15;18;10;8
02.12.2020 22:30;22;16;6
02.12.2020 22:45;19;10;9
02.12.2020 23:00;15;6;9
02.12.2020 23:15;13;5;8
02.12.2020 23:30;17;6;11
02.12.2020 23:45;6;3;3
03.12.2020 00:00;10;5;5
03.12.2020 00:15;7;4;3
03.12.2020 00:30;4;1;3
03.12.2020 00:45;5;4;1
03.12.2020 01:00;3;3;0
03.12.2020 01:15;7;3;4
03.12.2020 01:30;6;4;2
03.12.2020 01:45;2;1;1
03.12.2020 02:00;10;9;1
03.12.2020 02:15;2;2;0
03.12.2020 02:30;1;1;0
03.12.2020 02:45;0;0;0
03.12.2020 03:00;0;0;0
03.12.2020 03:15;0;0;0
03.12.2020 03:30;1;0;1
03.12.2020 03:45;1;0;1
03.12.2020 04:00;1;0;1
03.12.2020 04:15;0;0;0
03.12.2020 04:30;2;2;0
03.12.2020 04:45;2;2;0
03.12.2020 05:00;3;3;0
03.12.2020 05:15;6;2;4
03.12.2020 05:30;10;3;7
03.12.2020 05:45;20;15;5
03.12.2020 06:00;30;19;11
03.12.2020 06:15;24;18;6
03.12.2020 06:30;48;27;21
03.12.2020 06:45;71;40;31
03.12.2020 07:00;67;37;30
03.12.2020 07:15;172;117;55
03.12.2020 07:30;400;265;135
03.12.2020 07:45;202;113;89
03.12.2020 08:00;127;55;72
03.12.2020 08:15;173;91;82
03.12.2020 08:30;144;76;68
03.12.2020 08:45;174;104;70
03.12.2020 09:00;121;80;41
03.12.2020 09:15;168;93;75
03.12.2020 09:30;110;52;58
03.12.2020 09:45;92;55;37
03.12.2020 10:00;87;58;29
03.12.2020 10:15;96;53;43
03.12.2020 10:30;87;41;46
03.12.2020 10:45;97;54;43
03.12.2020 11:00;110;61;49
03.12.2020 11:15;113;57;56
03.12.2020 11:30;110;51;59
03.12.2020 11:45;100;47;53
03.12.2020 12:00;83;32;51
03.12.2020 12:15;124;75;49
03.12.2020 12:30;135;64;71
03.12.2020 12:45;173;64;109
03.12.2020 13:00;242;68;174
03.12.2020 13:15;183;82;101
03.12.2020 13:30;114;59;55
03.12.2020 13:45;197;103;94
03.12.2020 14:00;220;96;124
03.12.2020 14:15;158;84;74
03.12.2020 14:30;134;72;62
03.12.2020 14:45;152;70;82
03.12.2020 15:00;187;88;99
03.12.2020 15:15;183;98;85
03.12.2020 15:30;289;157;132
03.12.2020 15:45;212;100;112
03.12.2020 16:00;178;87;91
03.12.2020 16:15;191;94;97
03.12.2020 16:30;180;87;93
03.12.2020 16:45;193;98;95
03.12.2020 17:00;204;96;108
03.12.2020 17:15;206;75;131
03.12.2020 17:30;183;75;108
03.12.2020 17:45;160;67;93
03.12.2020 18:00;152;61;91
03.12.2020 18:15;115;45;70
03.12.2020 18:30;140;71;69
03.12.2020 18:45;131;50;81
03.12.2020 19:00;111;43;68
03.12.2020 19:15;94;36;58
03.12.2020 19:30;86;37;49
03.12.2020 19:45;50;19;31
03.12.2020 20:00;66;25;41
03.12.2020 20:15;48;16;32
03.12.2020 20:30;45;16;29
03.12.2020 20:45;25;13;12
03.12.2020 21:00;38;17;21
03.12.2020 21:15;31;12;19
03.12.2020 21:30;31;13;18
03.12.2020 21:45;32;11;21
03.12.2020 22:00;29;16;13
03.12.2020 22:15;31;10;21
03.12.2020 22:30;19;10;9
03.12.2020 22:45;17;5;12
03.12.2020 23:00;11;5;6
03.12.2020 23:15;11;7;4
03.12.2020 23:30;17;5;12
03.12.2020 23:45;14;1;13
04.12.2020 00:00;7;4;3
04.12.2020 00:15;10;4;6
04.12.2020 00:30;6;4;2
04.12.2020 00:45;10;6;4
04.12.2020 01:00;6;4;2
04.12.2020 01:15;6;3;3
04.12.2020 01:30;2;1;1
04.12.2020 01:45;6;5;1
04.12.2020 02:00;2;1;1
04.12.2020 02:15;2;1;1
04.12.2020 02:30;6;4;2
04.12.2020 02:45;0;0;0
04.12.2020 03:00;2;1;1
04.12.2020 03:15;0;0;0
04.12.2020 03:30;2;0;2
04.12.2020 03:45;1;0;1
04.12.2020 04:00;3;2;1
04.12.2020 04:15;0;0;0
04.12.2020 04:30;6;5;1
04.12.2020 04:45;1;1;0
04.12.2020 05:00;2;2;0
04.12.2020 05:15;4;3;1
04.12.2020 05:30;10;5;5
04.12.2020 05:45;16;9;7
04.12.2020 06:00;26;18;8
04.12.2020 06:15;17;10;7
04.12.2020 06:30;40;25;15
04.12.2020 06:45;60;27;33
04.12.2020 07:00;55;26;29
04.12.2020 07:15;151;108;43
04.12.2020 07:30;403;290;113
04.12.2020 07:45;177;91;86
04.12.2020 08:00;119;54;65
04.12.2020 08:15;167;89;78
04.12.2020 08:30;151;74;77
04.12.2020 08:45;170;99;71
04.12.2020 09:00;133;79;54
04.12.2020 09:15;148;88;60
04.12.2020 09:30;113;67;46
04.12.2020 09:45;136;92;44
04.12.2020 10:00;127;76;51
04.12.2020 10:15;97;62;35
04.12.2020 10:30;105;62;43
04.12.2020 10:45;113;59;54
04.12.2020 11:00;113;61;52
04.12.2020 11:15;142;75;67
04.12.2020 11:30;134;59;75
04.12.2020 11:45;135;72;63
04.12.2020 12:00;129;60;69
04.12.2020 12:15;186;78;108
04.12.2020 12:30;172;81;91
04.12.2020 12:45;181;85;96
04.12.2020 13:00;317;99;218
04.12.2020 13:15;215;93;122
04.12.2020 13:30;162;75;87
04.12.2020 13:45;161;74;87
04.12.2020 14:00;193;76;117
04.12.2020 14:15;152;77;75
04.12.2020 14:30;149;58;91
04.12.2020 14:45;179;90;89
04.12.2020 15:00;151;82;69
04.12.2020 15:15;153;76;77
04.12.2020 15:30;173;80;93
04.12.2020 15:45;172;89;83
04.12.2020 16:00;167;88;79
04.12.2020 16:15;143;65;78
04.12.2020 16:30;151;68;83
04.12.2020 16:45;136;51;85
04.12.2020 17:00;167;76;91
04.12.2020 17:15;131;52;79
04.12.2020 17:30;119;58;61
04.12.2020 17:45;123;56;67
04.12.2020 18:00;125;39;86
04.12.2020 18:15;128;61;67
04.12.2020 18:30;121;44;77
04.12.2020 18:45;108;38;70
04.12.2020 19:00;111;40;71
04.12.2020 19:15;100;46;54
04.12.2020 19:30;77;30;47
04.12.2020 19:45;56;28;28
04.12.2020 20:00;59;23;36
04.12.2020 20:15;55;16;39
04.12.2020 20:30;46;21;25
04.12.2020 20:45;54;20;34
04.12.2020 21:00;32;15;17
04.12.2020 21:15;30;15;15
04.12.2020 21:30;26;9;17
04.12.2020 21:45;26;12;14
04.12.2020 22:00;23;7;16
04.12.2020 22:15;25;10;15
04.12.2020 22:30;20;10;10
04.12.2020 22:45;24;9;15
04.12.2020 23:00;24;11;13
04.12.2020 23:15;21;4;17
04.12.2020 23:30;18;10;8
04.12.2020 23:45;25;14;11
05.12.2020 00:00;21;13;8
05.12.2020 00:15;14;3;11
05.12.2020 00:30;11;5;6
05.12.2020 00:45;14;6;8
05.12.2020 01:00;22;12;10
05.12.2020 01:15;17;6;11
05.12.2020 01:30;14;7;7
05.12.2020 01:45;1;0;1
05.12.2020 02:00;10;7;3
05.12.2020 02:15;13;10;3
05.12.2020 02:30;4;3;1
05.12.2020 02:45;9;5;4
05.12.2020 03:00;11;5;6
05.12.2020 03:15;5;2;3
05.12.2020 03:30;3;0;3
05.12.2020 03:45;3;1;2
05.12.2020 04:00;2;1;1
05.12.2020 04:15;4;1;3
05.12.2020 04:30;1;0;1
05.12.2020 04:45;4;2;2
05.12.2020 05:00;0;0;0
05.12.2020 05:15;3;2;1
05.12.2020 05:30;5;5;0
05.12.2020 05:45;8;2;6
05.12.2020 06:00;7;3;4
05.12.2020 06:15;8;4;4
05.12.2020 06:30;7;2;5
05.12.2020 06:45;11;7;4
05.12.2020 07:00;7;1;6
05.12.2020 07:15;6;2;4
05.12.2020 07:30;12;5;7
05.12.2020 07:45;19;11;8
05.12.2020 08:00;15;7;8
05.12.2020 08:15;18;14;4
05.12.2020 08:30;28;15;13
05.12.2020 08:45;32;21;11
05.12.2020 09:00;46;29;17
05.12.2020 09:15;44;21;23
05.12.2020 09:30;67;42;25
05.12.2020 09:45;80;48;32
05.12.2020 10:00;62;34;28
05.12.2020 10:15;83;51;32
05.12.2020 10:30;62;38;24
05.12.2020 10:45;102;54;48
05.12.2020 11:00;89;51;38
05.12.2020 11:15;114;63;51
05.12.2020 11:30;88;46;42
05.12.2020 11:45;113;49;64
05.12.2020 12:00;118;63;55
05.12.2020 12:15;88;41;47
05.12.2020 12:30;114;59;55
05.12.2020 12:45;132;80;52
05.12.2020 13:00;110;53;57
05.12.2020 13:15;93;51;42
05.12.2020 13:30;103;55;48
05.12.2020 13:45;105;52;53
05.12.2020 14:00;124;54;70
05.12.2020 14:15;107;43;64
05.12.2020 14:30;123;70;53
05.12.2020 14:45;112;54;58
05.12.2020 15:00;121;54;67
05.12.2020 15:15;99;53;46
05.12.2020 15:30;108;67;41
05.12.2020 15:45;97;39;58
05.12.2020 16:00;91;39;52
05.12.2020 16:15;91;43;48
05.12.2020 16:30;84;32;52
05.12.2020 16:45;80;33;47
05.12.2020 17:00;82;26;56
05.12.2020 17:15;72;28;44
05.12.2020 17:30;96;47;49
05.12.2020 17:45;65;29;36
05.12.2020 18:00;65;19;46
05.12.2020 18:15;54;25;29
05.12.2020 18:30;59;31;28
05.12.2020 18:45;55;35;20
05.12.2020 19:00;63;18;45
05.12.2020 19:15;63;16;47
05.12.2020 19:30;38;13;25
05.12.2020 19:45;33;15;18
05.12.2020 20:00;36;19;17
05.12.2020 20:15;43;19;24
05.12.2020 20:30;35;17;18
05.12.2020 20:45;14;9;5
05.12.2020 21:00;25;12;13
05.12.2020 21:15;18;9;9
05.12.2020 21:30;14;6;8
05.12.2020 21:45;22;7;15
05.12.2020 22:00;14;8;6
05.12.2020 22:15;26;17;9
05.12.2020 22:30;17;3;14
05.12.2020 22:45;11;2;9
05.12.2020 23:00;14;7;7
05.12.2020 23:15;17;11;6
05.12.2020 23:30;14;8;6
05.12.2020 23:45;17;5;12
06.12.2020 00:00;8;5;3
06.12.2020 00:15;22;9;13
06.12.2020 00:30;16;8;8
06.12.2020 00:45;12;5;7
06.12.2020 01:00;14;6;8
06.12.2020 01:15;21;13;8
06.12.2020 01:30;9;6;3
06.12.2020 01:45;8;4;4
06.12.2020 02:00;7;4;3
06.12.2020 02:15;5;4;1
06.12.2020 02:30;5;1;4
06.12.2020 02:45;3;2;1
06.12.2020 03:00;1;1;0
06.12.2020 03:15;3;3;0
06.12.2020 03:30;4;0;4
06.12.2020 03:45;2;1;1
06.12.2020 04:00;1;1;0
06.12.2020 04:15;2;2;0
06.12.2020 04:30;2;0;2
06.12.2020 04:45;3;2;1
06.12.2020 05:00;1;0;1
06.12.2020 05:15;1;1;0
06.12.2020 05:30;2;1;1
06.12.2020 05:45;5;3;2
06.12.2020 06:00;5;2;3
06.12.2020 06:15;4;4;0
06.12.2020 06:30;3;2;1
06.12.2020 06:45;4;0;4
06.12.2020 07:00;4;3;1
06.12.2020 07:15;2;2;0
06.12.2020 07:30;9;5;4
06.12.2020 07:45;3;2;1
06.12.2020 08:00;9;2;7
06.12.2020 08:15;4;3;1
06.12.2020 08:30;12;7;5
06.12.2020 08:45;10;4;6
06.12.2020 09:00;10;6;4
06.12.2020 09:15;5;4;1
06.12.2020 09:30;14;9;5
06.12.2020 09:45;18;14;4
06.12.2020 10:00;17;9;8
06.12.2020 10:15;9;5;4
06.12.2020 10:30;17;15;2
06.12.2020 10:45;24;14;10
06.12.2020 11:00;41;20;21
06.12.2020 11:15;26;10;16
06.12.2020 11:30;28;9;19
06.12.2020 11:45;30;13;17
06.12.2020 12:00;19;12;7
06.12.2020 12:15;38;22;16
06.12.2020 12:30;35;16;19
06.12.2020 12:45;35;9;26
06.12.2020 13:00;21;11;10
06.12.2020 13:15;30;16;14
06.12.2020 13:30;27;9;18
06.12.2020 13:45;35;23;12
06.12.2020 14:00;37;22;15
06.12.2020 14:15;41;16;25
06.12.2020 14:30;41;17;24
06.12.2020 14:45;37;20;17
06.12.2020 15:00;49;18;31
06.12.2020 15:15;28;16;12
06.12.2020 15:30;27;12;15
06.12.2020 15:45;36;13;23
06.12.2020 16:00;32;17;15
06.12.2020 16:15;35;18;17
06.12.2020 16:30;53;29;24
06.12.2020 16:45;37;17;20
06.12.2020 17:00;25;13;12
06.12.2020 17:15;33;14;19
06.12.2020 17:30;40;15;25
06.12.2020 17:45;25;15;10
06.12.2020 18:00;38;18;20
06.12.2020 18:15;35;18;17
06.12.2020 18:30;29;15;14
06.12.2020 18:45;20;11;9
06.12.2020 19:00;29;10;19
06.12.2020 19:15;27;17;10
06.12.2020 19:30;26;14;12
06.12.2020 19:45;17;8;9
06.12.2020 20:00;24;13;11
06.12.2020 20:15;24;14;10
06.12.2020 20:30;15;5;10
06.12.2020 20:45;8;5;3
06.12.2020 21:00;9;5;4
06.12.2020 21:15;13;4;9
06.12.2020 21:30;9;2;7
06.12.2020 21:45;9;5;4
06.12.2020 22:00;9;3;6
06.12.2020 22:15;8;6;2
06.12.2020 22:30;5;3;2
06.12.2020 22:45;6;5;1
06.12.2020 23:00;7;5;2
06.12.2020 23:15;4;1;3
06.12.2020 23:30;8;7;1
06.12.2020 23:45;7;4;3
07.12.2020 00:00;3;1;2
07.12.2020 00:15;7;5;2
07.12.2020 00:30;2;1;1
07.12.2020 00:45;3;0;3
07.12.2020 01:00;1;1;0
07.12.2020 01:15;3;1;2
07.12.2020 01:30;1;0;1
07.12.2020 01:45;0;0;0
07.12.2020 02:00;3;2;1
07.12.2020 02:15;2;1;1
07.12.2020 02:30;0;0;0
07.12.2020 02:45;0;0;0
07.12.2020 03:00;0;0;0
07.12.2020 03:15;1;0;1
07.12.2020 03:30;0;0;0
07.12.2020 03:45;0;0;0
07.12.2020 04:00;2;1;1
07.12.2020 04:15;0;0;0
07.12.2020 04:30;2;1;1
07.12.2020 04:45;2;2;0
07.12.2020 05:00;3;2;1
07.12.2020 05:15;6;4;2
07.12.2020 05:30;8;6;2
07.12.2020 05:45;20;18;2
07.12.2020 06:00;20;10;10
07.12.2020 06:15;22;18;4
07.12.2020 06:30;36;24;12
07.12.2020 06:45;47;22;25
07.12.2020 07:00;62;30;32
07.12.2020 07:15;170;116;54
07.12.2020 07:30;357;235;122
07.12.2020 07:45;172;84;88
07.12.2020 08:00;111;63;48
07.12.2020 08:15;164;96;68
07.12.2020 08:30;155;81;74
07.12.2020 08:45;151;81;70
07.12.2020 09:00;128;72;56
07.12.2020 09:15;99;57;42
07.12.2020 09:30;109;62;47
07.12.2020 09:45;113;69;44
07.12.2020 10:00;83;47;36
07.12.2020 10:15;59;33;26
07.12.2020 10:30;71;31;40
07.12.2020 10:45;81;37;44
07.12.2020 11:00;105;43;62
07.12.2020 11:15;106;59;47
07.12.2020 11:30;97;48;49
07.12.2020 11:45;92;51;41
07.12.2020 12:00;89;33;56
07.12.2020 12:15;119;51;68
07.12.2020 12:30;126;48;78
07.12.2020 12:45;129;54;75
07.12.2020 13:00;281;96;185
07.12.2020 13:15;157;77;80
07.12.2020 13:30;147;61;86
07.12.2020 13:45;175;93;82
07.12.2020 14:00;168;63;105
07.12.2020 14:15;135;71;64
07.12.2020 14:30;103;57;46
07.12.2020 14:45;128;71;57
07.12.2020 15:00;129;65;64
07.12.2020 15:15;175;87;88
07.12.2020 15:30;258;128;130
07.12.2020 15:45;195;100;95
07.12.2020 16:00;182;90;92
07.12.2020 16:15;155;71;84
07.12.2020 16:30;171;84;87
07.12.2020 16:45;178;95;83
07.12.2020 17:00;149;56;93
07.12.2020 17:15;193;85;108
07.12.2020 17:30;146;78;68
07.12.2020 17:45;141;64;77
07.12.2020 18:00;135;52;83
07.12.2020 18:15;133;56;77
07.12.2020 18:30;108;45;63
07.12.2020 18:45;94;51;43
07.12.2020 19:00;78;27;51
07.12.2020 19:15;81;46;35
07.12.2020 19:30;58;25;33
07.12.2020 19:45;67;38;29
07.12.2020 20:00;68;25;43
07.12.2020 20:15;51;20;31
07.12.2020 20:30;38;21;17
07.12.2020 20:45;35;15;20
07.12.2020 21:00;30;9;21
07.12.2020 21:15;37;18;19
07.12.2020 21:30;28;10;18
07.12.2020 21:45;22;11;11
07.12.2020 22:00;14;7;7
07.12.2020 22:15;24;9;15
07.12.2020 22:30;14;8;6
07.12.2020 22:45;22;7;15
07.12.2020 23:00;7;5;2
07.12.2020 23:15;11;4;7
07.12.2020 23:30;11;5;6
07.12.2020 23:45;9;4;5
08.12.2020 00:00;5;2;3
08.12.2020 00:15;4;3;1
08.12.2020 00:30;3;1;2
08.12.2020 00:45;6;1;5
08.12.2020 01:00;3;1;2
08.12.2020 01:15;2;2;0
08.12.2020 01:30;4;1;3
08.12.2020 01:45;1;1;0
08.12.2020 02:00;3;3;0
08.12.2020 02:15;1;0;1
08.12.2020 02:30;2;1;1
08.12.2020 02:45;0;0;0
08.12.2020 03:00;3;0;3
08.12.2020 03:15;1;1;0
08.12.2020 03:30;4;0;4
08.12.2020 03:45;0;0;0
08.12.2020 04:00;1;1;0
08.12.2020 04:15;4;4;0
08.12.2020 04:30;2;1;1
08.12.2020 04:45;3;3;0
08.12.2020 05:00;2;1;1
08.12.2020 05:15;3;2;1
08.12.2020 05:30;15;10;5
08.12.2020 05:45;20;14;6
08.12.2020 06:00;26;15;11
08.12.2020 06:15;24;20;4
08.12.2020 06:30;45;28;17
08.12.2020 06:45;57;25;32
08.12.2020 07:00;76;38;38
08.12.2020 07:15;133;79;54
08.12.2020 07:30;428;301;127
08.12.2020 07:45;188;102;86
08.12.2020 08:00;138;81;57
08.12.2020 08:15;158;83;75
08.12.2020 08:30;171;89;82
08.12.2020 08:45;174;96;78
08.12.2020 09:00;130;79;51
08.12.2020 09:15;143;85;58
08.12.2020 09:30;119;66;53
08.12.2020 09:45;126;78;48
08.12.2020 10:00;78;53;25
08.12.2020 10:15;100;61;39
08.12.2020 10:30;85;53;32
08.12.2020 10:45;113;63;50
08.12.2020 11:00;106;54;52
08.12.2020 11:15;111;59;52
08.12.2020 11:30;145;63;82
08.12.2020 11:45;108;55;53
08.12.2020 12:00;134;58;76
08.12.2020 12:15;145;58;87
08.12.2020 12:30;121;49;72
08.12.2020 12:45;160;66;94
08.12.2020 13:00;250;79;171
08.12.2020 13:15;155;77;78
08.12.2020 13:30;164;66;98
08.12.2020 13:45;198;110;88
08.12.2020 14:00;140;47;93
08.12.2020 14:15;166;87;79
08.12.2020 14:30;122;60;62
08.12.2020 14:45;145;72;73
08.12.2020 15:00;115;51;64
08.12.2020 15:15;166;80;86
08.12.2020 15:30;302;134;168
08.12.2020 15:45;173;92;81
08.12.2020 16:00;182;79;103
08.12.2020 16:15;168;85;83
08.12.2020 16:30;168;75;93
08.12.2020 16:45;199;87;112
08.12.2020 17:00;184;82;102
08.12.2020 17:15;229;94;135
08.12.2020 17:30;143;64;79
08.12.2020 17:45;140;51;89
08.12.2020 18:00;154;52;102
08.12.2020 18:15;135;53;82
08.12.2020 18:30;120;42;78
08.12.2020 18:45;135;53;82
08.12.2020 19:00;111;35;76
08.12.2020 19:15;74;33;41
08.12.2020 19:30;63;34;29
08.12.2020 19:45;57;27;30
08.12.2020 20:00;56;19;37
08.12.2020 20:15;48;18;30
08.12.2020 20:30;49;13;36
08.12.2020 20:45;31;16;15
08.12.2020 21:00;38;14;24
08.12.2020 21:15;35;17;18
08.12.2020 21:30;28;16;12
08.12.2020 21:45;27;14;13
08.12.2020 22:00;21;9;12
08.12.2020 22:15;17;8;9
08.12.2020 22:30;21;11;10
08.12.2020 22:45;21;7;14
08.12.2020 23:00;21;10;11
08.12.2020 23:15;21;7;14
08.12.2020 23:30;8;2;6
08.12.2020 23:45;17;8;9
09.12.2020 00:00;10;6;4
09.12.2020 00:15;2;1;1
09.12.2020 00:30;3;1;2
09.12.2020 00:45;7;4;3
09.12.2020 01:00;3;0;3
09.12.2020 01:15;3;2;1
09.12.2020 01:30;2;2;0
09.12.2020 01:45;9;4;5
09.12.2020 02:00;2;0;2
09.12.2020 02:15;0;0;0
09.12.2020 02:30;2;0;2
09.12.2020 02:45;0;0;0
09.12.2020 03:00;0;0;0
09.12.2020 03:15;2;1;1
09.12.2020 03:30;1;0;1
09.12.2020 03:45;4;2;2
09.12.2020 04:00;1;1;0
09.12.2020 04:15;0;0;0
09.12.2020 04:30;0;0;0
09.12.2020 04:45;5;4;1
09.12.2020 05:00;2;2;0
09.12.2020 05:15;3;2;1
09.12.2020 05:30;9;6;3
09.12.2020 05:45;18;14;4
09.12.2020 06:00;20;12;8
09.12.2020 06:15;16;14;2
09.12.2020 06:30;45;24;21
09.12.2020 06:45;53;24;29
09.12.2020 07:00;68;34;34
09.12.2020 07:15;154;100;54
09.12.2020 07:30;364;235;129
09.12.2020 07:45;177;99;78
09.12.2020 08:00;118;62;56
09.12.2020 08:15;136;76;60
09.12.2020 08:30;162;97;65
09.12.2020 08:45;154;91;63
09.12.2020 09:00;108;61;47
09.12.2020 09:15;128;88;40
09.12.2020 09:30;93;49;44
09.12.2020 09:45;79;48;31
09.12.2020 10:00;82;45;37
09.12.2020 10:15;59;34;25
09.12.2020 10:30;70;41;29
09.12.2020 10:45;80;51;29
09.12.2020 11:00;91;44;47
09.12.2020 11:15;90;40;50
09.12.2020 11:30;73;34;39
09.12.2020 11:45;106;47;59
09.12.2020 12:00;89;36;53
09.12.2020 12:15;116;47;69
09.12.2020 12:30;132;64;68
09.12.2020 12:45;114;42;72
09.12.2020 13:00;300;120;180
09.12.2020 13:15;151;84;67
09.12.2020 13:30;97;55;42
09.12.2020 13:45;141;79;62
09.12.2020 14:00;107;43;64
09.12.2020 14:15;106;54;52
09.12.2020 14:30;88;43;45
09.12.2020 14:45;87;40;47
09.12.2020 15:00;98;39;59
09.12.2020 15:15;109;44;65
09.12.2020 15:30;189;68;121
09.12.2020 15:45;123;48;75
09.12.2020 16:00;124;49;75
09.12.2020 16:15;123;65;58
09.12.2020 16:30;135;73;62
09.12.2020 16:45;136;77;59
09.12.2020 17:00;149;58;91
09.12.2020 17:15;142;68;74
09.12.2020 17:30;114;49;65
09.12.2020 17:45;138;60;78
09.12.2020 18:00;127;45;82
09.12.2020 18:15;135;60;75
09.12.2020 18:30;98;45;53
09.12.2020 18:45;108;43;65
09.12.2020 19:00;79;36;43
09.12.2020 19:15;89;29;60
09.12.2020 19:30;70;35;35
09.12.2020 19:45;60;26;34
09.12.2020 20:00;60;25;35
09.12.2020 20:15;59;24;35
09.12.2020 20:30;45;20;25
09.12.2020 20:45;45;25;20
09.12.2020 21:00;31;10;21
09.12.2020 21:15;29;11;18
09.12.2020 21:30;26;13;13
09.12.2020 21:45;22;14;8
09.12.2020 22:00;16;10;6
09.12.2020 22:15;15;5;10
09.12.2020 22:30;13;8;5
09.12.2020 22:45;12;2;10
09.12.2020 23:00;26;9;17
09.12.2020 23:15;12;8;4
09.12.2020 23:30;15;10;5
09.12.2020 23:45;7;1;6
10.12.2020 00:00;16;7;9
10.12.2020 00:15;6;3;3
10.12.2020 00:30;6;2;4
10.12.2020 00:45;5;5;0
10.12.2020 01:00;9;5;4
10.12.2020 01:15;3;2;1
10.12.2020 01:30;6;3;3
10.12.2020 01:45;10;4;6
10.12.2020 02:00;8;7;1
10.12.2020 02:15;0;0;0
10.12.2020 02:30;1;1;0
10.12.2020 02:45;1;1;0
10.12.2020 03:00;1;1;0
10.12.2020 03:15;0;0;0
10.12.2020 03:30;1;0;1
10.12.2020 03:45;1;0;1
10.12.2020 04:00;3;1;2
10.12.2020 04:15;0;0;0
10.12.2020 04:30;2;2;0
10.12.2020 04:45;4;4;0
10.12.2020 05:00;3;3;0
10.12.2020 05:15;4;3;1
10.12.2020 05:30;6;1;5
10.12.2020 05:45;23;18;5
10.12.2020 06:00;20;11;9
10.12.2020 06:15;25;17;8
10.12.2020 06:30;35;20;15
10.12.2020 06:45;55;30;25
10.12.2020 07:00;68;33;35
10.12.2020 07:15;181;112;69
10.12.2020 07:30;376;234;142
10.12.2020 07:45;180;110;70
10.12.2020 08:00;147;80;67
10.12.2020 08:15;173;97;76
10.12.2020 08:30;159;86;73
10.12.2020 08:45;186;121;65
10.12.2020 09:00;119;65;54
10.12.2020 09:15;132;83;49
10.12.2020 09:30;125;62;63
10.12.2020 09:45;102;68;34
10.12.2020 10:00;81;48;33
10.12.2020 10:15;77;42;35
10.12.2020 10:30;95;58;37
10.12.2020 10:45;88;49;39
10.12.2020 11:00;120;51;69
10.12.2020 11:15;101;53;48
10.12.2020 11:30;127;54;73
10.12.2020 11:45;132;75;57
10.12.2020 12:00;114;43;71
10.12.2020 12:15;153;82;71
10.12.2020 12:30;140;67;73
10.12.2020 12:45;145;58;87
10.12.2020 13:00;259;77;182
10.12.2020 13:15;166;70;96
10.12.2020 13:30;142;77;65
10.12.2020 13:45;189;100;89
10.12.2020 14:00;191;88;103
10.12.2020 14:15;152;72;80
10.12.2020 14:30;144;76;68
10.12.2020 14:45;141;68;73
10.12.2020 15:00;161;83;78
10.12.2020 15:15;181;99;82
10.12.2020 15:30;231;114;117
10.12.2020 15:45;222;113;109
10.12.2020 16:00;162;70;92
10.12.2020 16:15;182;73;109
10.12.2020 16:30;191;99;92
10.12.2020 16:45;195;97;98
10.12.2020 17:00;199;94;105
10.12.2020 17:15;204;98;106
10.12.2020 17:30;185;79;106
10.12.2020 17:45;149;64;85
10.12.2020 18:00;135;44;91
10.12.2020 18:15;136;55;81
10.12.2020 18:30;120;45;75
10.12.2020 18:45;132;60;72
10.12.2020 19:00;97;34;63
10.12.2020 19:15;103;40;63
10.12.2020 19:30;69;30;39
10.12.2020 19:45;65;28;37
10.12.2020 20:00;63;24;39
10.12.2020 20:15;49;20;29
10.12.2020 20:30;54;24;30
10.12.2020 20:45;52;22;30
10.12.2020 21:00;32;13;19
10.12.2020 21:15;27;8;19
10.12.2020 21:30;43;12;31
10.12.2020 21:45;25;11;14
10.12.2020 22:00;26;12;14
10.12.2020 22:15;18;10;8
10.12.2020 22:30;17;6;11
10.12.2020 22:45;22;10;12
10.12.2020 23:00;18;7;11
10.12.2020 23:15;14;8;6
10.12.2020 23:30;9;3;6
10.12.2020 23:45;12;6;6
11.12.2020 00:00;7;4;3
11.12.2020 00:15;7;5;2
11.12.2020 00:30;9;3;6
11.12.2020 00:45;6;2;4
11.12.2020 01:00;6;0;6
11.12.2020 01:15;3;2;1
11.12.2020 01:30;6;1;5
11.12.2020 01:45;3;2;1
11.12.2020 02:00;0;0;0
11.12.2020 02:15;2;1;1
11.12.2020 02:30;0;0;0
11.12.2020 02:45;0;0;0
11.12.2020 03:00;0;0;0
11.12.2020 03:15;1;1;0
11.12.2020 03:30;3;0;3
11.12.2020 03:45;1;0;1
11.12.2020 04:00;1;0;1
11.12.2020 04:15;1;1;0
11.12.2020 04:30;0;0;0
11.12.2020 04:45;4;3;1
11.12.2020 05:00;4;3;1
11.12.2020 05:15;4;1;3
11.12.2020 05:30;7;3;4
11.12.2020 05:45;22;15;7
11.12.2020 06:00;19;14;5
11.12.2020 06:15;18;13;5
11.12.2020 06:30;37;22;15
11.12.2020 06:45;46;22;24
11.12.2020 07:00;45;22;23
11.12.2020 07:15;167;112;55
11.12.2020 07:30;362;247;115
11.12.2020 07:45;210;124;86
11.12.2020 08:00;143;75;68
11.12.2020 08:15;189;104;85
11.12.2020 08:30;171;90;81
11.12.2020 08:45;186;106;80
11.12.2020 09:00;141;87;54
11.12.2020 09:15;132;92;40
11.12.2020 09:30;126;70;56
11.12.2020 09:45;116;62;54
11.12.2020 10:00;104;69;35
11.12.2020 10:15;129;85;44
11.12.2020 10:30;105;57;48
11.12.2020 10:45;107;54;53
11.12.2020 11:00;123;59;64
11.12.2020 11:15;158;80;78
11.12.2020 11:30;123;60;63
11.12.2020 11:45;138;54;84
11.12.2020 12:00;141;45;96
11.12.2020 12:15;197;101;96
11.12.2020 12:30;165;69;96
11.12.2020 12:45;139;64;75
11.12.2020 13:00;355;109;246
11.12.2020 13:15;189;93;96
11.12.2020 13:30;176;83;93
11.12.2020 13:45;166;70;96
11.12.2020 14:00;205;71;134
11.12.2020 14:15;194;117;77
11.12.2020 14:30;166;93;73
11.12.2020 14:45;193;88;105
11.12.2020 15:00;158;84;74
11.12.2020 15:15;176;104;72
11.12.2020 15:30;179;94;85
11.12.2020 15:45;181;84;97
11.12.2020 16:00;180;82;98
11.12.2020 16:15;160;65;95
11.12.2020 16:30;186;95;91
11.12.2020 16:45;158;73;85
11.12.2020 17:00;153;73;80
11.12.2020 17:15;158;66;92
11.12.2020 17:30;120;50;70
11.12.2020 17:45;147;70;77
11.12.2020 18:00;156;51;105
11.12.2020 18:15;139;62;77
11.12.2020 18:30;103;49;54
11.12.2020 18:45;105;50;55
11.12.2020 19:00;120;32;88
11.12.2020 19:15;96;38;58
11.12.2020 19:30;71;23;48
11.12.2020 19:45;67;26;41
11.12.2020 20:00;70;23;47
11.12.2020 20:15;45;20;25
11.12.2020 20:30;49;23;26
11.12.2020 20:45;42;17;25
11.12.2020 21:00;44;14;30
11.12.2020 21:15;35;14;21
11.12.2020 21:30;24;15;9
11.12.2020 21:45;30;8;22
11.12.2020 22:00;27;12;15
11.12.2020 22:15;35;18;17
11.12.2020 22:30;22;8;14
11.12.2020 22:45;14;2;12
11.12.2020 23:00;22;7;15
11.12.2020 23:15;25;12;13
11.12.2020 23:30;32;14;18
11.12.2020 23:45;29;11;18
12.12.2020 00:00;38;17;21
12.12.2020 00:15;13;6;7
12.12.2020 00:30;7;3;4
12.12.2020 00:45;12;8;4
12.12.2020 01:00;14;6;8
12.12.2020 01:15;9;6;3
12.12.2020 01:30;10;5;5
12.12.2020 01:45;12;9;3
12.12.2020 02:00;10;5;5
12.12.2020 02:15;3;0;3
12.12.2020 02:30;7;4;3
12.12.2020 02:45;7;6;1
12.12.2020 03:00;2;0;2
12.12.2020 03:15;7;5;2
12.12.2020 03:30;5;0;5
12.12.2020 03:45;5;4;1
12.12.2020 04:00;4;3;1
12.12.2020 04:15;2;1;1
12.12.2020 04:30;1;0;1
12.12.2020 04:45;6;5;1
12.12.2020 05:00;1;1;0
12.12.2020 05:15;4;3;1
12.12.2020 05:30;8;5;3
12.12.2020 05:45;5;4;1
12.12.2020 06:00;3;3;0
12.12.2020 06:15;8;5;3
12.12.2020 06:30;7;2;5
12.12.2020 06:45;14;6;8
12.12.2020 07:00;10;4;6
12.12.2020 07:15;13;2;11
12.12.2020 07:30;16;13;3
12.12.2020 07:45;22;15;7
12.12.2020 08:00;11;8;3
12.12.2020 08:15;25;15;10
12.12.2020 08:30;30;20;10
12.12.2020 08:45;53;28;25
12.12.2020 09:00;35;20;15
12.12.2020 09:15;24;13;11
12.12.2020 09:30;50;35;15
12.12.2020 09:45;66;38;28
12.12.2020 10:00;57;34;23
12.12.2020 10:15;61;38;23
12.12.2020 10:30;59;33;26
12.12.2020 10:45;90;61;29
12.12.2020 11:00;64;37;27
12.12.2020 11:15;60;26;34
12.12.2020 11:30;60;34;26
12.12.2020 11:45;96;51;45
12.12.2020 12:00;81;42;39
12.12.2020 12:15;85;40;45
12.12.2020 12:30;90;54;36
12.12.2020 12:45;110;58;52
12.12.2020 13:00;100;63;37
12.12.2020 13:15;114;60;54
12.12.2020 13:30;96;47;49
12.12.2020 13:45;117;70;47
12.12.2020 14:00;111;40;71
12.12.2020 14:15;101;48;53
12.12.2020 14:30;99;45;54
12.12.2020 14:45;119;53;66
12.12.2020 15:00;92;46;46
12.12.2020 15:15;104;53;51
12.12.2020 15:30;105;53;52
12.12.2020 15:45;105;43;62
12.12.2020 16:00;109;60;49
12.12.2020 16:15;121;61;60
12.12.2020 16:30;96;34;62
12.12.2020 16:45;89;37;52
12.12.2020 17:00;101;49;52
12.12.2020 17:15;89;34;55
12.12.2020 17:30;98;47;51
12.12.2020 17:45;68;31;37
12.12.2020 18:00;85;38;47
12.12.2020 18:15;69;25;44
12.12.2020 18:30;57;25;32
12.12.2020 18:45;49;29;20
12.12.2020 19:00;53;25;28
12.12.2020 19:15;53;28;25
12.12.2020 19:30;76;31;45
12.12.2020 19:45;73;34;39
12.12.2020 20:00;44;22;22
12.12.2020 20:15;15;4;11
12.12.2020 20:30;16;3;13
12.12.2020 20:45;9;5;4
12.12.2020 21:00;13;7;6
12.12.2020 21:15;5;1;4
12.12.2020 21:30;5;5;0
12.12.2020 21:45;4;1;3
12.12.2020 22:00;6;5;1
12.12.2020 22:15;3;0;3
12.12.2020 22:30;6;3;3
12.12.2020 22:45;3;1;2
12.12.2020 23:00;2;1;1
12.12.2020 23:15;0;0;0
12.12.2020 23:30;4;1;3
12.12.2020 23:45;4;0;4
13.12.2020 00:00;1;1;0
13.12.2020 00:15;1;1;0
13.12.2020 00:30;6;2;4
13.12.2020 00:45;0;0;0
13.12.2020 01:00;1;0;1
13.12.2020 01:15;0;0;0
13.12.2020 01:30;1;0;1
13.12.2020 01:45;0;0;0
13.12.2020 02:00;0;0;0
13.12.2020 02:15;2;0;2
13.12.2020 02:30;1;1;0
13.12.2020 02:45;0;0;0
13.12.2020 03:00;1;1;0
13.12.2020 03:15;0;0;0
13.12.2020 03:30;0;0;0
13.12.2020 03:45;0;0;0
13.12.2020 04:00;1;0;1
13.12.2020 04:15;0;0;0
13.12.2020 04:30;0;0;0
13.12.2020 04:45;1;1;0
13.12.2020 05:00;1;1;0
13.12.2020 05:15;2;1;1
13.12.2020 05:30;4;1;3
13.12.2020 05:45;3;1;2
13.12.2020 06:00;3;2;1
13.12.2020 06:15;6;5;1
13.12.2020 06:30;5;1;4
13.12.2020 06:45;1;1;0
13.12.2020 07:00;2;1;1
13.12.2020 07:15;3;2;1
13.12.2020 07:30;3;1;2
13.12.2020 07:45;8;4;4
13.12.2020 08:00;4;3;1
13.12.2020 08:15;9;4;5
13.12.2020 08:30;8;4;4
13.12.2020 08:45;7;4;3
13.12.2020 09:00;17;8;9
13.12.2020 09:15;27;13;14
13.12.2020 09:30;27;17;10
13.12.2020 09:45;23;14;9
13.12.2020 10:00;18;10;8
13.12.2020 10:15;17;10;7
13.12.2020 10:30;37;21;16
13.12.2020 10:45;36;17;19
13.12.2020 11:00;44;23;21
13.12.2020 11:15;25;2;23
13.12.2020 11:30;34;18;16
13.12.2020 11:45;29;17;12
13.12.2020 12:00;34;19;15
13.12.2020 12:15;35;21;14
13.12.2020 12:30;50;24;26
13.12.2020 12:45;40;21;19
13.12.2020 13:00;39;19;20
13.12.2020 13:15;48;21;27
13.12.2020 13:30;64;32;32
13.12.2020 13:45;62;30;32
13.12.2020 14:00;47;22;25
13.12.2020 14:15;55;27;28
13.12.2020 14:30;53;25;28
13.12.2020 14:45;55;34;21
13.12.2020 15:00;85;37;48
13.12.2020 15:15;65;32;33
13.12.2020 15:30;56;31;25
13.12.2020 15:45;75;38;37
13.12.2020 16:00;68;28;40
13.12.2020 16:15;68;27;41
13.12.2020 16:30;75;28;47
13.12.2020 16:45;68;39;29
13.12.2020 17:00;58;27;31
13.12.2020 17:15;67;27;40
13.12.2020 17:30;48;23;25
13.12.2020 17:45;56;22;34
13.12.2020 18:00;49;27;22
13.12.2020 18:15;41;24;17
13.12.2020 18:30;41;28;13
13.12.2020 18:45;38;18;20
13.12.2020 19:00;31;15;16
13.12.2020 19:15;36;17;19
13.12.2020 19:30;50;32;18
13.12.2020 19:45;63;28;35
13.12.2020 20:00;26;14;12
13.12.2020 20:15;12;8;4
13.12.2020 20:30;14;4;10
13.12.2020 20:45;7;3;4
13.12.2020 21:00;7;4;3
13.12.2020 21:15;9;4;5
13.12.2020 21:30;3;1;2
13.12.2020 21:45;1;1;0
13.12.2020 22:00;4;0;4
13.12.2020 22:15;5;1;4
13.12.2020 22:30;2;1;1
13.12.2020 22:45;1;1;0
13.12.2020 23:00;3;2;1
13.12.2020 23:15;1;0;1
13.12.2020 23:30;1;0;1
13.12.2020 23:45;1;1;0
14.12.2020 00:00;1;0;1
14.12.2020 00:15;1;0;1
14.12.2020 00:30;2;0;2
14.12.2020 00:45;0;0;0
14.12.2020 01:00;0;0;0
14.12.2020 01:15;1;1;0
14.12.2020 01:30;1;0;1
14.12.2020 01:45;1;1;0
14.12.2020 02:00;5;5;0
14.12.2020 02:15;2;2;0
14.12.2020 02:30;0;0;0
14.12.2020 02:45;0;0;0
14.12.2020 03:00;0;0;0
14.12.2020 03:15;0;0;0
14.12.2020 03:30;0;0;0
14.12.2020 03:45;0;0;0
14.12.2020 04:00;0;0;0
14.12.2020 04:15;2;0;2
14.12.2020 04:30;0;0;0
14.12.2020 04:45;1;1;0
14.12.2020 05:00;2;2;0
14.12.2020 05:15;5;3;2
14.12.2020 05:30;14;5;9
14.12.2020 05:45;18;14;4
14.12.2020 06:00;20;13;7
14.12.2020 06:15;30;20;10
14.12.2020 06:30;47;26;21
14.12.2020 06:45;52;31;21
14.12.2020 07:00;79;42;37
14.12.2020 07:15;165;116;49
14.12.2020 07:30;384;258;126
14.12.2020 07:45;205;120;85
14.12.2020 08:00;117;57;60
14.12.2020 08:15;154;87;67
14.12.2020 08:30;185;111;74
14.12.2020 08:45;188;111;77
14.12.2020 09:00;145;96;49
14.12.2020 09:15;154;95;59
14.12.2020 09:30;132;83;49
14.12.2020 09:45;150;106;44
14.12.2020 10:00;129;80;49
14.12.2020 10:15;127;66;61
14.12.2020 10:30;114;64;50
14.12.2020 10:45;112;55;57
14.12.2020 11:00;127;65;62
14.12.2020 11:15;144;64;80
14.12.2020 11:30;129;70;59
14.12.2020 11:45;160;90;70
14.12.2020 12:00;135;56;79
14.12.2020 12:15;152;57;95
14.12.2020 12:30;186;84;102
14.12.2020 12:45;180;78;102
14.12.2020 13:00;295;103;192
14.12.2020 13:15;161;75;86
14.12.2020 13:30;157;85;72
14.12.2020 13:45;205;107;98
14.12.2020 14:00;196;86;110
14.12.2020 14:15;156;76;80
14.12.2020 14:30;149;71;78
14.12.2020 14:45;217;103;114
14.12.2020 15:00;164;78;86
14.12.2020 15:15;191;83;108
14.12.2020 15:30;264;122;142
14.12.2020 15:45;236;115;121
14.12.2020 16:00;211;98;113
14.12.2020 16:15;245;133;112
14.12.2020 16:30;192;94;98
14.12.2020 16:45;243;116;127
14.12.2020 17:00;192;73;119
14.12.2020 17:15;243;99;144
14.12.2020 17:30;194;92;102
14.12.2020 17:45;175;80;95
14.12.2020 18:00;149;51;98
14.12.2020 18:15;160;63;97
14.12.2020 18:30;138;51;87
14.12.2020 18:45;134;42;92
14.12.2020 19:00;103;33;70
14.12.2020 19:15;100;31;69
14.12.2020 19:30;116;46;70
14.12.2020 19:45;81;31;50
14.12.2020 20:00;71;34;37
14.12.2020 20:15;40;14;26
14.12.2020 20:30;16;5;11
14.12.2020 20:45;16;8;8
14.12.2020 21:00;4;1;3
14.12.2020 21:15;22;5;17
14.12.2020 21:30;13;5;8
14.12.2020 21:45;1;0;1
14.12.2020 22:00;6;4;2
14.12.2020 22:15;8;2;6
14.12.2020 22:30;1;1;0
14.12.2020 22:45;1;0;1
14.12.2020 23:00;1;0;1
14.12.2020 23:15;3;1;2
14.12.2020 23:30;2;0;2
14.12.2020 23:45;0;0;0
15.12.2020 00:00;1;0;1
15.12.2020 00:15;1;1;0
15.12.2020 00:30;0;0;0
15.12.2020 00:45;0;0;0
15.12.2020 01:00;0;0;0
15.12.2020 01:15;0;0;0
15.12.2020 01:30;2;1;1
15.12.2020 01:45;2;1;1
15.12.2020 02:00;2;2;0
15.12.2020 02:15;0;0;0
15.12.2020 02:30;0;0;0
15.12.2020 02:45;0;0;0
15.12.2020 03:00;0;0;0
15.12.2020 03:15;0;0;0
15.12.2020 03:30;1;0;1
15.12.2020 03:45;1;0;1
15.12.2020 04:00;1;0;1
15.12.2020 04:15;0;0;0
15.12.2020 04:30;0;0;0
15.12.2020 04:45;4;4;0
15.12.2020 05:00;0;0;0
15.12.2020 05:15;3;3;0
15.12.2020 05:30;10;6;4
15.12.2020 05:45;28;20;8
15.12.2020 06:00;22;16;6
15.12.2020 06:15;23;13;10
15.12.2020 06:30;53;29;24
15.12.2020 06:45;52;27;25
15.12.2020 07:00;73;39;34
15.12.2020 07:15;153;105;48
15.12.2020 07:30;384;261;123
15.12.2020 07:45;194;101;93
15.12.2020 08:00;115;66;49
15.12.2020 08:15;176;86;90
15.12.2020 08:30;169;100;69
15.12.2020 08:45;160;101;59
15.12.2020 09:00;121;75;46
15.12.2020 09:15;168;113;55
15.12.2020 09:30;138;86;52
15.12.2020 09:45;126;77;49
15.12.2020 10:00;140;88;52
15.12.2020 10:15;131;73;58
15.12.2020 10:30;124;64;60
15.12.2020 10:45;134;75;59
15.12.2020 11:00;163;88;75
15.12.2020 11:15;154;91;63
15.12.2020 11:30;148;69;79
15.12.2020 11:45;156;74;82
15.12.2020 12:00;168;74;94
15.12.2020 12:15;182;78;104
15.12.2020 12:30;184;87;97
15.12.2020 12:45;180;79;101
15.12.2020 13:00;256;89;167
15.12.2020 13:15;221;96;125
15.12.2020 13:30;173;71;102
15.12.2020 13:45;204;89;115
15.12.2020 14:00;202;78;124
15.12.2020 14:15;166;82;84
15.12.2020 14:30;165;84;81
15.12.2020 14:45;156;81;75
15.12.2020 15:00;192;110;82
15.12.2020 15:15;195;93;102
15.12.2020 15:30;260;138;122
15.12.2020 15:45;261;126;135
15.12.2020 16:00;237;124;113
15.12.2020 16:15;234;114;120
15.12.2020 16:30;224;100;124
15.12.2020 16:45;236;113;123
15.12.2020 17:00;261;105;156
15.12.2020 17:15;256;110;146
15.12.2020 17:30;234;98;136
15.12.2020 17:45;190;66;124
15.12.2020 18:00;167;59;108
15.12.2020 18:15;158;72;86
15.12.2020 18:30;153;41;112
15.12.2020 18:45;128;51;77
15.12.2020 19:00;132;42;90
15.12.2020 19:15;122;33;89
15.12.2020 19:30;115;55;60
15.12.2020 19:45;114;43;71
15.12.2020 20:00;62;30;32
15.12.2020 20:15;33;12;21
15.12.2020 20:30;20;8;12
15.12.2020 20:45;15;7;8
15.12.2020 21:00;10;3;7
15.12.2020 21:15;12;7;5
15.12.2020 21:30;14;5;9
15.12.2020 21:45;6;3;3
15.12.2020 22:00;9;6;3
15.12.2020 22:15;6;4;2
15.12.2020 22:30;1;0;1
15.12.2020 22:45;3;1;2
15.12.2020 23:00;5;1;4
15.12.2020 23:15;4;0;4
15.12.2020 23:30;2;2;0
15.12.2020 23:45;2;0;2
16.12.2020 00:00;6;1;5
16.12.2020 00:15;0;0;0
16.12.2020 00:30;1;0;1
16.12.2020 00:45;0;0;0
16.12.2020 01:00;0;0;0
16.12.2020 01:15;1;1;0
16.12.2020 01:30;1;1;0
16.12.2020 01:45;1;1;0
16.12.2020 02:00;1;1;0
16.12.2020 02:15;0;0;0
16.12.2020 02:30;0;0;0
16.12.2020 02:45;0;0;0
16.12.2020 03:00;1;1;0
16.12.2020 03:15;0;0;0
16.12.2020 03:30;2;1;1
16.12.2020 03:45;1;1;0
16.12.2020 04:00;2;0;2
16.12.2020 04:15;0;0;0
16.12.2020 04:30;1;0;1
16.12.2020 04:45;4;3;1
16.12.2020 05:00;1;1;0
16.12.2020 05:15;2;0;2
16.12.2020 05:30;7;4;3
16.12.2020 05:45;29;20;9
16.12.2020 06:00;19;12;7
16.12.2020 06:15;24;16;8
16.12.2020 06:30;45;22;23
16.12.2020 06:45;45;28;17
16.12.2020 07:00;55;30;25
16.12.2020 07:15;62;32;30
16.12.2020 07:30;76;42;34
16.12.2020 07:45;135;84;51
16.12.2020 08:00;96;56;40
16.12.2020 08:15;110;66;44
16.12.2020 08:30;115;69;46
16.12.2020 08:45;137;82;55
16.12.2020 09:00;85;51;34
16.12.2020 09:15;99;50;49
16.12.2020 09:30;72;35;37
16.12.2020 09:45;83;47;36
16.12.2020 10:00;83;41;42
16.12.2020 10:15;75;41;34
16.12.2020 10:30;90;53;37
16.12.2020 10:45;79;38;41
16.12.2020 11:00;82;36;46
16.12.2020 11:15;95;46;49
16.12.2020 11:30;89;32;57
16.12.2020 11:45;99;44;55
16.12.2020 12:00;87;39;48
16.12.2020 12:15;105;40;65
16.12.2020 12:30;113;62;51
16.12.2020 12:45;97;45;52
16.12.2020 13:00;89;41;48
16.12.2020 13:15;84;43;41
16.12.2020 13:30;90;41;49
16.12.2020 13:45;133;67;66
16.12.2020 14:00;101;46;55
16.12.2020 14:15;107;49;58
16.12.2020 14:30;99;47;52
16.12.2020 14:45;133;57;76
16.12.2020 15:00;131;71;60
16.12.2020 15:15;128;52;76
16.12.2020 15:30;137;67;70
16.12.2020 15:45;122;57;65
16.12.2020 16:00;151;66;85
16.12.2020 16:15;136;60;76
16.12.2020 16:30;122;52;70
16.12.2020 16:45;135;68;67
16.12.2020 17:00;131;66;65
16.12.2020 17:15;158;63;95
16.12.2020 17:30;116;49;67
16.12.2020 17:45;129;57;72
16.12.2020 18:00;120;55;65
16.12.2020 18:15;101;39;62
16.12.2020 18:30;88;41;47
16.12.2020 18:45;96;40;56
16.12.2020 19:00;67;32;35
16.12.2020 19:15;70;26;44
16.12.2020 19:30;74;34;40
16.12.2020 19:45;109;50;59
16.12.2020 20:00;56;28;28
16.12.2020 20:15;28;14;14
16.12.2020 20:30;20;9;11
16.12.2020 20:45;16;8;8
16.12.2020 21:00;10;4;6
16.12.2020 21:15;13;6;7
16.12.2020 21:30;13;8;5
16.12.2020 21:45;5;3;2
16.12.2020 22:00;3;1;2
16.12.2020 22:15;5;2;3
16.12.2020 22:30;2;0;2
16.12.2020 22:45;6;3;3
16.12.2020 23:00;3;1;2
16.12.2020 23:15;0;0;0
16.12.2020 23:30;3;0;3
16.12.2020 23:45;3;1;2
17.12.2020 00:00;3;1;2
17.12.2020 00:15;0;0;0
17.12.2020 00:30;0;0;0
17.12.2020 00:45;1;1;0
17.12.2020 01:00;1;0;1
17.12.2020 01:15;0;0;0
17.12.2020 01:30;1;1;0
17.12.2020 01:45;2;2;0
17.12.2020 02:00;1;1;0
17.12.2020 02:15;0;0;0
17.12.2020 02:30;0;0;0
17.12.2020 02:45;0;0;0
17.12.2020 03:00;0;0;0
17.12.2020 03:15;0;0;0
17.12.2020 03:30;1;0;1
17.12.2020 03:45;1;0;1
17.12.2020 04:00;0;0;0
17.12.2020 04:15;3;3;0
17.12.2020 04:30;1;0;1
17.12.2020 04:45;3;2;1
17.12.2020 05:00;1;1;0
17.12.2020 05:15;5;4;1
17.12.2020 05:30;7;4;3
17.12.2020 05:45;25;13;12
17.12.2020 06:00;18;13;5
17.12.2020 06:15;29;23;6
17.12.2020 06:30;35;21;14
17.12.2020 06:45;45;25;20
17.12.2020 07:00;62;27;35
17.12.2020 07:15;59;33;26
17.12.2020 07:30;91;58;33
17.12.2020 07:45;120;70;50
17.12.2020 08:00;96;60;36
17.12.2020 08:15;106;66;40
17.12.2020 08:30;115;62;53
17.12.2020 08:45;109;67;42
17.12.2020 09:00;90;47;43
17.12.2020 09:15;83;45;38
17.12.2020 09:30;81;37;44
17.12.2020 09:45;72;42;30
17.12.2020 10:00;70;41;29
17.12.2020 10:15;76;31;45
17.12.2020 10:30;96;55;41
17.12.2020 10:45;70;27;43
17.12.2020 11:00;76;44;32
17.12.2020 11:15;82;46;36
17.12.2020 11:30;70;37;33
17.12.2020 11:45;102;54;48
17.12.2020 12:00;101;41;60
17.12.2020 12:15;107;49;58
17.12.2020 12:30;115;52;63
17.12.2020 12:45;117;51;66
17.12.2020 13:00;92;45;47
17.12.2020 13:15;120;61;59
17.12.2020 13:30;128;74;54
17.12.2020 13:45;119;60;59
17.12.2020 14:00;103;46;57
17.12.2020 14:15;122;64;58
17.12.2020 14:30;103;54;49
17.12.2020 14:45;121;51;70
17.12.2020 15:00;130;66;64
17.12.2020 15:15;130;59;71
17.12.2020 15:30;163;74;89
17.12.2020 15:45;131;64;67
17.12.2020 16:00;162;64;98
17.12.2020 16:15;172;88;84
17.12.2020 16:30;127;63;64
17.12.2020 16:45;160;79;81
17.12.2020 17:00;146;61;85
17.12.2020 17:15;133;70;63
17.12.2020 17:30;145;65;80
17.12.2020 17:45;114;50;64
17.12.2020 18:00;113;40;73
17.12.2020 18:15;112;51;61
17.12.2020 18:30;100;45;55
17.12.2020 18:45;80;41;39
17.12.2020 19:00;69;23;46
17.12.2020 19:15;69;25;44
17.12.2020 19:30;69;28;41
17.12.2020 19:45;99;46;53
17.12.2020 20:00;62;30;32
17.12.2020 20:15;24;10;14
17.12.2020 20:30;21;7;14
17.12.2020 20:45;12;8;4
17.12.2020 21:00;11;5;6
17.12.2020 21:15;9;1;8
17.12.2020 21:30;10;4;6
17.12.2020 21:45;5;1;4
17.12.2020 22:00;7;0;7
17.12.2020 22:15;3;2;1
17.12.2020 22:30;1;0;1
17.12.2020 22:45;2;0;2
17.12.2020 23:00;3;3;0
17.12.2020 23:15;2;1;1
17.12.2020 23:30;1;0;1
17.12.2020 23:45;3;0;3
18.12.2020 00:00;5;5;0
18.12.2020 00:15;4;1;3
18.12.2020 00:30;1;1;0
18.12.2020 00:45;1;0;1
18.12.2020 01:00;1;1;0
18.12.2020 01:15;0;0;0
18.12.2020 01:30;2;2;0
18.12.2020 01:45;3;2;1
18.12.2020 02:00;0;0;0
18.12.2020 02:15;1;1;0
18.12.2020 02:30;1;0;1
18.12.2020 02:45;0;0;0
18.12.2020 03:00;0;0;0
18.12.2020 03:15;0;0;0
18.12.2020 03:30;1;0;1
18.12.2020 03:45;0;0;0
18.12.2020 04:00;0;0;0
18.12.2020 04:15;1;1;0
18.12.2020 04:30;1;0;1
18.12.2020 04:45;4;4;0
18.12.2020 05:00;1;0;1
18.12.2020 05:15;3;1;2
18.12.2020 05:30;10;6;4
18.12.2020 05:45;21;15;6
18.12.2020 06:00;13;9;4
18.12.2020 06:15;18;13;5
18.12.2020 06:30;42;24;18
18.12.2020 06:45;34;14;20
18.12.2020 07:00;42;30;12
18.12.2020 07:15;69;36;33
18.12.2020 07:30;79;48;31
18.12.2020 07:45;128;83;45
18.12.2020 08:00;78;54;24
18.12.2020 08:15;91;57;34
18.12.2020 08:30;86;50;36
18.12.2020 08:45;131;84;47
18.12.2020 09:00;99;55;44
18.12.2020 09:15;73;43;30
18.12.2020 09:30;80;43;37
18.12.2020 09:45;118;65;53
18.12.2020 10:00;82;39;43
18.12.2020 10:15;91;54;37
18.12.2020 10:30;87;44;43
18.12.2020 10:45;104;49;55
18.12.2020 11:00;81;43;38
18.12.2020 11:15;118;62;56
18.12.2020 11:30;92;46;46
18.12.2020 11:45;100;49;51
18.12.2020 12:00;119;40;79
18.12.2020 12:15;101;44;57
18.12.2020 12:30;119;57;62
18.12.2020 12:45;98;46;52
18.12.2020 13:00;104;43;61
18.12.2020 13:15;101;45;56
18.12.2020 13:30;143;67;76
18.12.2020 13:45;119;56;63
18.12.2020 14:00;108;50;58
18.12.2020 14:15;103;54;49
18.12.2020 14:30;121;63;58
18.12.2020 14:45;115;49;66
18.12.2020 15:00;107;55;52
18.12.2020 15:15;130;66;64
18.12.2020 15:30;111;49;62
18.12.2020 15:45;131;67;64
18.12.2020 16:00;115;45;70
18.12.2020 16:15;113;49;64
18.12.2020 16:30;101;38;63
18.12.2020 16:45;126;57;69
18.12.2020 17:00;117;50;67
18.12.2020 17:15;104;36;68
18.12.2020 17:30;82;30;52
18.12.2020 17:45;96;44;52
18.12.2020 18:00;84;47;37
18.12.2020 18:15;69;41;28
18.12.2020 18:30;86;30;56
18.12.2020 18:45;68;28;40
18.12.2020 19:00;53;20;33
18.12.2020 19:15;58;29;29
18.12.2020 19:30;44;17;27
18.12.2020 19:45;102;52;50
18.12.2020 20:00;33;19;14
18.12.2020 20:15;22;10;12
18.12.2020 20:30;9;2;7
18.12.2020 20:45;11;3;8
18.12.2020 21:00;2;1;1
18.12.2020 21:15;13;5;8
18.12.2020 21:30;6;3;3
18.12.2020 21:45;2;0;2
18.12.2020 22:00;5;2;3
18.12.2020 22:15;3;3;0
18.12.2020 22:30;1;0;1
18.12.2020 22:45;7;4;3
18.12.2020 23:00;4;3;1
18.12.2020 23:15;3;1;2
18.12.2020 23:30;4;3;1
18.12.2020 23:45;3;1;2
19.12.2020 00:00;0;0;0
19.12.2020 00:15;2;1;1
19.12.2020 00:30;1;0;1
19.12.2020 00:45;0;0;0
19.12.2020 01:00;1;0;1
19.12.2020 01:15;0;0;0
19.12.2020 01:30;1;1;0
19.12.2020 01:45;0;0;0
19.12.2020 02:00;1;1;0
19.12.2020 02:15;0;0;0
19.12.2020 02:30;2;2;0
19.12.2020 02:45;1;1;0
19.12.2020 03:00;2;2;0
19.12.2020 03:15;0;0;0
19.12.2020 03:30;1;0;1
19.12.2020 03:45;0;0;0
19.12.2020 04:00;0;0;0
19.12.2020 04:15;0;0;0
19.12.2020 04:30;1;1;0
19.12.2020 04:45;3;3;0
19.12.2020 05:00;2;1;1
19.12.2020 05:15;2;1;1
19.12.2020 05:30;5;2;3
19.12.2020 05:45;10;8;2
19.12.2020 06:00;6;5;1
19.12.2020 06:15;9;5;4
19.12.2020 06:30;8;5;3
19.12.2020 06:45;11;7;4
19.12.2020 07:00;11;2;9
19.12.2020 07:15;15;8;7
19.12.2020 07:30;10;4;6
19.12.2020 07:45;20;10;10
19.12.2020 08:00;17;14;3
19.12.2020 08:15;23;19;4
19.12.2020 08:30;33;16;17
19.12.2020 08:45;31;18;13
19.12.2020 09:00;30;21;9
19.12.2020 09:15;41;19;22
19.12.2020 09:30;46;24;22
19.12.2020 09:45;56;25;31
19.12.2020 10:00;49;20;29
19.12.2020 10:15;53;26;27
19.12.2020 10:30;70;42;28
19.12.2020 10:45;55;31;24
19.12.2020 11:00;76;39;37
19.12.2020 11:15;73;39;34
19.12.2020 11:30;71;37;34
19.12.2020 11:45;68;32;36
19.12.2020 12:00;75;32;43
19.12.2020 12:15;73;43;30
19.12.2020 12:30;71;40;31
19.12.2020 12:45;80;43;37
19.12.2020 13:00;105;50;55
19.12.2020 13:15;86;44;42
19.12.2020 13:30;59;25;34
19.12.2020 13:45;94;45;49
19.12.2020 14:00;80;42;38
19.12.2020 14:15;100;52;48
19.12.2020 14:30;66;28;38
19.12.2020 14:45;80;31;49
19.12.2020 15:00;91;29;62
19.12.2020 15:15;82;45;37
19.12.2020 15:30;83;49;34
19.12.2020 15:45;91;46;45
19.12.2020 16:00;66;32;34
19.12.2020 16:15;81;32;49
19.12.2020 16:30;70;31;39
19.12.2020 16:45;89;42;47
19.12.2020 17:00;70;32;38
19.12.2020 17:15;53;20;33
19.12.2020 17:30;67;29;38
19.12.2020 17:45;58;29;29
19.12.2020 18:00;66;25;41
19.12.2020 18:15;45;17;28
19.12.2020 18:30;40;25;15
19.12.2020 18:45;43;21;22
19.12.2020 19:00;44;17;27
19.12.2020 19:15;43;22;21
19.12.2020 19:30;46;20;26
19.12.2020 19:45;57;29;28
19.12.2020 20:00;30;10;20
19.12.2020 20:15;21;11;10
19.12.2020 20:30;5;3;2
19.12.2020 20:45;3;2;1
19.12.2020 21:00;5;3;2
19.12.2020 21:15;3;2;1
19.12.2020 21:30;4;0;4
19.12.2020 21:45;4;2;2
19.12.2020 22:00;5;2;3
19.12.2020 22:15;7;4;3
19.12.2020 22:30;3;1;2
19.12.2020 22:45;4;2;2
19.12.2020 23:00;0;0;0
19.12.2020 23:15;1;1;0
19.12.2020 23:30;6;4;2
19.12.2020 23:45;1;0;1
20.12.2020 00:00;1;0;1
20.12.2020 00:15;0;0;0
20.12.2020 00:30;1;0;1
20.12.2020 00:45;0;0;0
20.12.2020 01:00;4;1;3
20.12.2020 01:15;0;0;0
20.12.2020 01:30;0;0;0
20.12.2020 01:45;1;1;0
20.12.2020 02:00;0;0;0
20.12.2020 02:15;0;0;0
20.12.2020 02:30;0;0;0
20.12.2020 02:45;0;0;0
20.12.2020 03:00;3;1;2
20.12.2020 03:15;1;0;1
20.12.2020 03:30;0;0;0
20.12.2020 03:45;1;1;0
20.12.2020 04:00;0;0;0
20.12.2020 04:15;0;0;0
20.12.2020 04:30;1;1;0
20.12.2020 04:45;3;2;1
20.12.2020 05:00;0;0;0
20.12.2020 05:15;1;1;0
20.12.2020 05:30;2;1;1
20.12.2020 05:45;4;1;3
20.12.2020 06:00;6;5;1
20.12.2020 06:15;4;2;2
20.12.2020 06:30;5;3;2
20.12.2020 06:45;0;0;0
20.12.2020 07:00;1;0;1
20.12.2020 07:15;2;1;1
20.12.2020 07:30;5;1;4
20.12.2020 07:45;4;2;2
20.12.2020 08:00;11;3;8
20.12.2020 08:15;5;3;2
20.12.2020 08:30;12;4;8
20.12.2020 08:45;12;5;7
20.12.2020 09:00;19;12;7
20.12.2020 09:15;14;6;8
20.12.2020 09:30;25;12;13
20.12.2020 09:45;27;15;12
20.12.2020 10:00;23;14;9
20.12.2020 10:15;22;9;13
20.12.2020 10:30;25;12;13
20.12.2020 10:45;37;19;18
20.12.2020 11:00;47;17;30
20.12.2020 11:15;37;15;22
20.12.2020 11:30;33;14;19
20.12.2020 11:45;46;22;24
20.12.2020 12:00;53;28;25
20.12.2020 12:15;51;23;28
20.12.2020 12:30;45;21;24
20.12.2020 12:45;47;24;23
20.12.2020 13:00;42;18;24
20.12.2020 13:15;58;22;36
20.12.2020 13:30;50;34;16
20.12.2020 13:45;67;35;32
20.12.2020 14:00;57;33;24
20.12.2020 14:15;62;28;34
20.12.2020 14:30;67;24;43
20.12.2020 14:45;58;27;31
20.12.2020 15:00;78;31;47
20.12.2020 15:15;54;23;31
20.12.2020 15:30;61;25;36
20.12.2020 15:45;65;39;26
20.12.2020 16:00;52;28;24
20.12.2020 16:15;56;34;22
20.12.2020 16:30;61;30;31
20.12.2020 16:45;60;35;25
20.12.2020 17:00;56;23;33
20.12.2020 17:15;49;22;27
20.12.2020 17:30;37;18;19
20.12.2020 17:45;47;28;19
20.12.2020 18:00;57;22;35
20.12.2020 18:15;35;12;23
20.12.2020 18:30;31;13;18
20.12.2020 18:45;40;18;22
20.12.2020 19:00;25;12;13
20.12.2020 19:15;36;23;13
20.12.2020 19:30;28;13;15
20.12.2020 19:45;59;36;23
20.12.2020 20:00;26;11;15
20.12.2020 20:15;9;4;5
20.12.2020 20:30;14;5;9
20.12.2020 20:45;3;3;0
20.12.2020 21:00;8;4;4
20.12.2020 21:15;3;1;2
20.12.2020 21:30;0;0;0
20.12.2020 21:45;3;1;2
20.12.2020 22:00;0;0;0
20.12.2020 22:15;2;1;1
20.12.2020 22:30;2;0;2
20.12.2020 22:45;1;0;1
20.12.2020 23:00;0;0;0
20.12.2020 23:15;0;0;0
20.12.2020 23:30;1;1;0
20.12.2020 23:45;1;0;1
21.12.2020 00:00;0;0;0
21.12.2020 00:15;2;0;2
21.12.2020 00:30;2;1;1
21.12.2020 00:45;0;0;0
21.12.2020 01:00;3;2;1
21.12.2020 01:15;0;0;0
21.12.2020 01:30;0;0;0
21.12.2020 01:45;0;0;0
21.12.2020 02:00;0;0;0
21.12.2020 02:15;0;0;0
21.12.2020 02:30;0;0;0
21.12.2020 02:45;0;0;0
21.12.2020 03:00;0;0;0
21.12.2020 03:15;0;0;0
21.12.2020 03:30;1;0;1
21.12.2020 03:45;1;1;0
21.12.2020 04:00;0;0;0
21.12.2020 04:15;0;0;0
21.12.2020 04:30;5;3;2
21.12.2020 04:45;0;0;0
21.12.2020 05:00;4;4;0
21.12.2020 05:15;2;1;1
21.12.2020 05:30;9;4;5
21.12.2020 05:45;18;13;5
21.12.2020 06:00;18;10;8
21.12.2020 06:15;23;18;5
21.12.2020 06:30;30;18;12
21.12.2020 06:45;30;16;14
21.12.2020 07:00;40;22;18
21.12.2020 07:15;38;25;13
21.12.2020 07:30;66;44;22
21.12.2020 07:45;90;49;41
21.12.2020 08:00;61;35;26
21.12.2020 08:15;84;54;30
21.12.2020 08:30;72;32;40
21.12.2020 08:45;89;57;32
21.12.2020 09:00;86;54;32
21.12.2020 09:15;58;37;21
21.12.2020 09:30;87;47;40
21.12.2020 09:45;85;49;36
21.12.2020 10:00;75;41;34
21.12.2020 10:15;78;49;29
21.12.2020 10:30;84;48;36
21.12.2020 10:45;80;48;32
21.12.2020 11:00;84;35;49
21.12.2020 11:15;89;44;45
21.12.2020 11:30;94;46;48
21.12.2020 11:45;95;51;44
21.12.2020 12:00;84;38;46
21.12.2020 12:15;101;44;57
21.12.2020 12:30;84;32;52
21.12.2020 12:45;87;34;53
21.12.2020 13:00;104;51;53
21.12.2020 13:15;95;39;56
21.12.2020 13:30;87;49;38
21.12.2020 13:45;104;55;49
21.12.2020 14:00;101;46;55
21.12.2020 14:15;101;54;47
21.12.2020 14:30;106;47;59
21.12.2020 14:45;107;59;48
21.12.2020 15:00;100;48;52
21.12.2020 15:15;136;69;67
21.12.2020 15:30;113;48;65
21.12.2020 15:45;119;67;52
21.12.2020 16:00;101;54;47
21.12.2020 16:15;156;77;79
21.12.2020 16:30;138;68;70
21.12.2020 16:45;118;60;58
21.12.2020 17:00;124;37;87
21.12.2020 17:15;105;47;58
21.12.2020 17:30;106;44;62
21.12.2020 17:45;94;35;59
21.12.2020 18:00;89;29;60
21.12.2020 18:15;81;29;52
21.12.2020 18:30;59;21;38
21.12.2020 18:45;48;18;30
21.12.2020 19:00;44;10;34
21.12.2020 19:15;56;21;35
21.12.2020 19:30;50;22;28
21.12.2020 19:45;54;26;28
21.12.2020 20:00;36;15;21
21.12.2020 20:15;13;6;7
21.12.2020 20:30;5;1;4
21.12.2020 20:45;11;4;7
21.12.2020 21:00;12;5;7
21.12.2020 21:15;7;4;3
21.12.2020 21:30;3;2;1
21.12.2020 21:45;13;9;4
21.12.2020 22:00;3;1;2
21.12.2020 22:15;2;0;2
21.12.2020 22:30;2;0;2
21.12.2020 22:45;0;0;0
21.12.2020 23:00;0;0;0
21.12.2020 23:15;4;2;2
21.12.2020 23:30;1;1;0
21.12.2020 23:45;1;0;1
22.12.2020 00:00;0;0;0
22.12.2020 00:15;0;0;0
22.12.2020 00:30;3;2;1
22.12.2020 00:45;0;0;0
22.12.2020 01:00;0;0;0
22.12.2020 01:15;0;0;0
22.12.2020 01:30;0;0;0
22.12.2020 01:45;1;1;0
22.12.2020 02:00;0;0;0
22.12.2020 02:15;0;0;0
22.12.2020 02:30;0;0;0
22.12.2020 02:45;0;0;0
22.12.2020 03:00;0;0;0
22.12.2020 03:15;1;0;1
22.12.2020 03:30;1;0;1
22.12.2020 03:45;0;0;0
22.12.2020 04:00;3;1;2
22.12.2020 04:15;0;0;0
22.12.2020 04:30;4;4;0
22.12.2020 04:45;5;5;0
22.12.2020 05:00;1;1;0
22.12.2020 05:15;4;0;4
22.12.2020 05:30;10;6;4
22.12.2020 05:45;17;12;5
22.12.2020 06:00;17;11;6
22.12.2020 06:15;20;13;7
22.12.2020 06:30;18;12;6
22.12.2020 06:45;42;26;16
22.12.2020 07:00;34;24;10
22.12.2020 07:15;48;31;17
22.12.2020 07:30;46;28;18
22.12.2020 07:45;90;55;35
22.12.2020 08:00;83;53;30
22.12.2020 08:15;77;44;33
22.12.2020 08:30;77;48;29
22.12.2020 08:45;94;62;32
22.12.2020 09:00;77;48;29
22.12.2020 09:15;73;40;33
22.12.2020 09:30;100;57;43
22.12.2020 09:45;95;67;28
22.12.2020 10:00;104;56;48
22.12.2020 10:15;94;56;38
22.12.2020 10:30;97;54;43
22.12.2020 10:45;120;58;62
22.12.2020 11:00;89;46;43
22.12.2020 11:15;110;56;54
22.12.2020 11:30;125;67;58
22.12.2020 11:45;101;46;55
22.12.2020 12:00;103;42;61
22.12.2020 12:15;113;48;65
22.12.2020 12:30;101;41;60
22.12.2020 12:45;88;41;47
22.12.2020 13:00;77;32;45
22.12.2020 13:15;98;41;57
22.12.2020 13:30;116;51;65
22.12.2020 13:45;84;35;49
22.12.2020 14:00;143;75;68
22.12.2020 14:15;116;60;56
22.12.2020 14:30;124;54;70
22.12.2020 14:45;149;70;79
22.12.2020 15:00;141;63;78
22.12.2020 15:15;123;63;60
22.12.2020 15:30;128;56;72
22.12.2020 15:45;140;61;79
22.12.2020 16:00;89;42;47
22.12.2020 16:15;106;50;56
22.12.2020 16:30;149;73;76
22.12.2020 16:45;131;63;68
22.12.2020 17:00;137;55;82
22.12.2020 17:15;92;41;51
22.12.2020 17:30;96;34;62
22.12.2020 17:45;108;54;54
22.12.2020 18:00;67;29;38
22.12.2020 18:15;58;27;31
22.12.2020 18:30;59;19;40
22.12.2020 18:45;56;23;33
22.12.2020 19:00;53;21;32
22.12.2020 19:15;45;18;27
22.12.2020 19:30;56;30;26
22.12.2020 19:45;64;37;27
22.12.2020 20:00;39;18;21
22.12.2020 20:15;22;11;11
22.12.2020 20:30;15;7;8
22.12.2020 20:45;3;1;2
22.12.2020 21:00;16;7;9
22.12.2020 21:15;5;3;2
22.12.2020 21:30;4;3;1
22.12.2020 21:45;6;0;6
22.12.2020 22:00;4;3;1
22.12.2020 22:15;6;0;6
22.12.2020 22:30;3;2;1
22.12.2020 22:45;2;1;1
22.12.2020 23:00;4;1;3
22.12.2020 23:15;1;1;0
22.12.2020 23:30;3;2;1
22.12.2020 23:45;0;0;0
23.12.2020 00:00;1;1;0
23.12.2020 00:15;1;1;0
23.12.2020 00:30;1;0;1
23.12.2020 00:45;2;0;2
23.12.2020 01:00;4;0;4
23.12.2020 01:15;0;0;0
23.12.2020 01:30;0;0;0
23.12.2020 01:45;2;2;0
23.12.2020 02:00;0;0;0
23.12.2020 02:15;0;0;0
23.12.2020 02:30;1;0;1
23.12.2020 02:45;0;0;0
23.12.2020 03:00;0;0;0
23.12.2020 03:15;1;0;1
23.12.2020 03:30;1;0;1
23.12.2020 03:45;2;2;0
23.12.2020 04:00;0;0;0
23.12.2020 04:15;0;0;0
23.12.2020 04:30;1;1;0
23.12.2020 04:45;3;3;0
23.12.2020 05:00;1;1;0
23.12.2020 05:15;2;0;2
23.12.2020 05:30;7;2;5
23.12.2020 05:45;15;13;2
23.12.2020 06:00;11;6;5
23.12.2020 06:15;14;11;3
23.12.2020 06:30;20;15;5
23.12.2020 06:45;32;21;11
23.12.2020 07:00;34;17;17
23.12.2020 07:15;40;17;23
23.12.2020 07:30;48;33;15
23.12.2020 07:45;64;32;32
23.12.2020 08:00;57;34;23
23.12.2020 08:15;65;38;27
23.12.2020 08:30;47;25;22
23.12.2020 08:45;70;39;31
23.12.2020 09:00;55;27;28
23.12.2020 09:15;69;40;29
23.12.2020 09:30;64;31;33
23.12.2020 09:45;77;38;39
23.12.2020 10:00;95;50;45
23.12.2020 10:15;78;46;32
23.12.2020 10:30;68;32;36
23.12.2020 10:45;106;50;56
23.12.2020 11:00;75;45;30
23.12.2020 11:15;80;37;43
23.12.2020 11:30;135;61;74
23.12.2020 11:45;94;52;42
23.12.2020 12:00;124;57;67
23.12.2020 12:15;115;54;61
23.12.2020 12:30;115;57;58
23.12.2020 12:45;98;42;56
23.12.2020 13:00;94;48;46
23.12.2020 13:15;82;32;50
23.12.2020 13:30;92;45;47
23.12.2020 13:45;103;59;44
23.12.2020 14:00;108;50;58
23.12.2020 14:15;91;37;54
23.12.2020 14:30;93;39;54
23.12.2020 14:45;90;32;58
23.12.2020 15:00;95;40;55
23.12.2020 15:15;86;40;46
23.12.2020 15:30;102;57;45
23.12.2020 15:45;117;55;62
23.12.2020 16:00;97;54;43
23.12.2020 16:15;98;47;51
23.12.2020 16:30;100;52;48
23.12.2020 16:45;91;44;47
23.12.2020 17:00;87;42;45
23.12.2020 17:15;97;43;54
23.12.2020 17:30;68;32;36
23.12.2020 17:45;73;39;34
23.12.2020 18:00;53;22;31
23.12.2020 18:15;54;25;29
23.12.2020 18:30;51;18;33
23.12.2020 18:45;38;13;25
23.12.2020 19:00;38;13;25
23.12.2020 19:15;45;26;19
23.12.2020 19:30;53;24;29
23.12.2020 19:45;64;27;37
23.12.2020 20:00;34;19;15
23.12.2020 20:15;11;5;6
23.12.2020 20:30;8;5;3
23.12.2020 20:45;7;2;5
23.12.2020 21:00;7;2;5
23.12.2020 21:15;5;1;4
23.12.2020 21:30;8;3;5
23.12.2020 21:45;2;1;1
23.12.2020 22:00;5;0;5
23.12.2020 22:15;2;0;2
23.12.2020 22:30;5;3;2
23.12.2020 22:45;1;0;1
23.12.2020 23:00;2;1;1
23.12.2020 23:15;1;0;1
23.12.2020 23:30;2;2;0
23.12.2020 23:45;3;2;1
24.12.2020 00:00;0;0;0
24.12.2020 00:15;2;2;0
24.12.2020 00:30;2;1;1
24.12.2020 00:45;1;1;0
24.12.2020 01:00;0;0;0
24.12.2020 01:15;0;0;0
24.12.2020 01:30;0;0;0
24.12.2020 01:45;2;2;0
24.12.2020 02:00;1;1;0
24.12.2020 02:15;3;3;0
24.12.2020 02:30;1;0;1
24.12.2020 02:45;0;0;0
24.12.2020 03:00;1;0;1
24.12.2020 03:15;0;0;0
24.12.2020 03:30;0;0;0
24.12.2020 03:45;0;0;0
24.12.2020 04:00;0;0;0
24.12.2020 04:15;0;0;0
24.12.2020 04:30;2;2;0
24.12.2020 04:45;7;5;2
24.12.2020 05:00;1;0;1
24.12.2020 05:15;0;0;0
24.12.2020 05:30;1;1;0
24.12.2020 05:45;6;4;2
24.12.2020 06:00;11;8;3
24.12.2020 06:15;9;4;5
24.12.2020 06:30;4;2;2
24.12.2020 06:45;15;9;6
24.12.2020 07:00;8;6;2
24.12.2020 07:15;15;12;3
24.12.2020 07:30;18;10;8
24.12.2020 07:45;25;23;2
24.12.2020 08:00;27;22;5
24.12.2020 08:15;32;23;9
24.12.2020 08:30;43;23;20
24.12.2020 08:45;37;21;16
24.12.2020 09:00;37;18;19
24.12.2020 09:15;36;13;23
24.12.2020 09:30;58;40;18
24.12.2020 09:45;44;17;27
24.12.2020 10:00;67;31;36
24.12.2020 10:15;79;39;40
24.12.2020 10:30;63;38;25
24.12.2020 10:45;88;50;38
24.12.2020 11:00;89;45;44
24.12.2020 11:15;89;40;49
24.12.2020 11:30;76;23;53
24.12.2020 11:45;49;26;23
24.12.2020 12:00;65;22;43
24.12.2020 12:15;70;31;39
24.12.2020 12:30;65;27;38
24.12.2020 12:45;55;23;32
24.12.2020 13:00;70;35;35
24.12.2020 13:15;35;14;21
24.12.2020 13:30;44;25;19
24.12.2020 13:45;35;18;17
24.12.2020 14:00;39;15;24
24.12.2020 14:15;51;23;28
24.12.2020 14:30;36;19;17
24.12.2020 14:45;28;16;12
24.12.2020 15:00;26;13;13
24.12.2020 15:15;31;13;18
24.12.2020 15:30;32;10;22
24.12.2020 15:45;29;14;15
24.12.2020 16:00;35;16;19
24.12.2020 16:15;30;12;18
24.12.2020 16:30;30;9;21
24.12.2020 16:45;38;14;24
24.12.2020 17:00;30;23;7
24.12.2020 17:15;20;10;10
24.12.2020 17:30;21;13;8
24.12.2020 17:45;18;8;10
24.12.2020 18:00;14;9;5
24.12.2020 18:15;7;1;6
24.12.2020 18:30;14;10;4
24.12.2020 18:45;4;3;1
24.12.2020 19:00;6;2;4
24.12.2020 19:15;10;3;7
24.12.2020 19:30;8;4;4
24.12.2020 19:45;11;5;6
24.12.2020 20:00;2;0;2
24.12.2020 20:15;5;1;4
24.12.2020 20:30;8;2;6
24.12.2020 20:45;12;7;5
24.12.2020 21:00;5;2;3
24.12.2020 21:15;14;8;6
24.12.2020 21:30;6;5;1
24.12.2020 21:45;10;6;4
24.12.2020 22:00;6;3;3
24.12.2020 22:15;8;7;1
24.12.2020 22:30;4;4;0
24.12.2020 22:45;5;2;3
24.12.2020 23:00;3;1;2
24.12.2020 23:15;9;2;7
24.12.2020 23:30;8;3;5
24.12.2020 23:45;11;5;6
25.12.2020 00:00;7;3;4
25.12.2020 00:15;9;3;6
25.12.2020 00:30;6;2;4
25.12.2020 00:45;3;2;1
25.12.2020 01:00;3;0;3
25.12.2020 01:15;5;5;0
25.12.2020 01:30;0;0;0
25.12.2020 01:45;4;2;2
25.12.2020 02:00;2;1;1
25.12.2020 02:15;2;1;1
25.12.2020 02:30;2;2;0
25.12.2020 02:45;2;1;1
25.12.2020 03:00;2;0;2
25.12.2020 03:15;5;0;5
25.12.2020 03:30;0;0;0
25.12.2020 03:45;0;0;0
25.12.2020 04:00;0;0;0
25.12.2020 04:15;2;0;2
25.12.2020 04:30;1;1;0
25.12.2020 04:45;1;1;0
25.12.2020 05:00;0;0;0
25.12.2020 05:15;0;0;0
25.12.2020 05:30;1;0;1
25.12.2020 05:45;3;3;0
25.12.2020 06:00;4;3;1
25.12.2020 06:15;4;2;2
25.12.2020 06:30;5;3;2
25.12.2020 06:45;7;2;5
25.12.2020 07:00;0;0;0
25.12.2020 07:15;4;1;3
25.12.2020 07:30;1;0;1
25.12.2020 07:45;3;2;1
25.12.2020 08:00;0;0;0
25.12.2020 08:15;2;1;1
25.12.2020 08:30;4;1;3
25.12.2020 08:45;5;3;2
25.12.2020 09:00;5;5;0
25.12.2020 09:15;6;4;2
25.12.2020 09:30;6;4;2
25.12.2020 09:45;10;3;7
25.12.2020 10:00;7;2;5
25.12.2020 10:15;19;8;11
25.12.2020 10:30;9;6;3
25.12.2020 10:45;17;9;8
25.12.2020 11:00;15;5;10
25.12.2020 11:15;22;16;6
25.12.2020 11:30;23;6;17
25.12.2020 11:45;11;3;8
25.12.2020 12:00;13;9;4
25.12.2020 12:15;14;10;4
25.12.2020 12:30;20;13;7
25.12.2020 12:45;12;3;9
25.12.2020 13:00;17;8;9
25.12.2020 13:15;13;6;7
25.12.2020 13:30;17;10;7
25.12.2020 13:45;21;10;11
25.12.2020 14:00;21;10;11
25.12.2020 14:15;16;5;11
25.12.2020 14:30;9;3;6
25.12.2020 14:45;18;7;11
25.12.2020 15:00;30;17;13
25.12.2020 15:15;18;8;10
25.12.2020 15:30;23;16;7
25.12.2020 15:45;28;11;17
25.12.2020 16:00;30;12;18
25.12.2020 16:15;20;9;11
25.12.2020 16:30;33;17;16
25.12.2020 16:45;22;12;10
25.12.2020 17:00;19;9;10
25.12.2020 17:15;28;12;16
25.12.2020 17:30;15;11;4
25.12.2020 17:45;20;15;5
25.12.2020 18:00;17;10;7
25.12.2020 18:15;11;6;5
25.12.2020 18:30;15;7;8
25.12.2020 18:45;9;5;4
25.12.2020 19:00;11;2;9
25.12.2020 19:15;11;6;5
25.12.2020 19:30;9;6;3
25.12.2020 19:45;11;3;8
25.12.2020 20:00;13;5;8
25.12.2020 20:15;9;5;4
25.12.2020 20:30;7;5;2
25.12.2020 20:45;15;7;8
25.12.2020 21:00;6;4;2
25.12.2020 21:15;8;2;6
25.12.2020 21:30;2;2;0
25.12.2020 21:45;5;2;3
25.12.2020 22:00;1;1;0
25.12.2020 22:15;12;7;5
25.12.2020 22:30;5;1;4
25.12.2020 22:45;5;3;2
25.12.2020 23:00;6;6;0
25.12.2020 23:15;7;4;3
25.12.2020 23:30;5;2;3
25.12.2020 23:45;3;2;1
26.12.2020 00:00;3;0;3
26.12.2020 00:15;0;0;0
26.12.2020 00:30;3;1;2
26.12.2020 00:45;1;1;0
26.12.2020 01:00;5;2;3
26.12.2020 01:15;5;2;3
26.12.2020 01:30;1;0;1
26.12.2020 01:45;3;1;2
26.12.2020 02:00;0;0;0
26.12.2020 02:15;1;0;1
26.12.2020 02:30;0;0;0
26.12.2020 02:45;1;0;1
26.12.2020 03:00;0;0;0
26.12.2020 03:15;0;0;0
26.12.2020 03:30;3;2;1
26.12.2020 03:45;0;0;0
26.12.2020 04:00;0;0;0
26.12.2020 04:15;0;0;0
26.12.2020 04:30;1;1;0
26.12.2020 04:45;1;1;0
26.12.2020 05:00;0;0;0
26.12.2020 05:15;0;0;0
26.12.2020 05:30;2;0;2
26.12.2020 05:45;2;1;1
26.12.2020 06:00;3;2;1
26.12.2020 06:15;1;0;1
26.12.2020 06:30;4;2;2
26.12.2020 06:45;6;3;3
26.12.2020 07:00;2;0;2
26.12.2020 07:15;3;1;2
26.12.2020 07:30;5;2;3
26.12.2020 07:45;4;0;4
26.12.2020 08:00;3;2;1
26.12.2020 08:15;1;0;1
26.12.2020 08:30;5;5;0
26.12.2020 08:45;5;0;5
26.12.2020 09:00;10;4;6
26.12.2020 09:15;9;4;5
26.12.2020 09:30;10;2;8
26.12.2020 09:45;21;11;10
26.12.2020 10:00;14;7;7
26.12.2020 10:15;21;7;14
26.12.2020 10:30;19;5;14
26.12.2020 10:45;16;8;8
26.12.2020 11:00;21;7;14
26.12.2020 11:15;25;10;15
26.12.2020 11:30;22;9;13
26.12.2020 11:45;19;10;9
26.12.2020 12:00;45;22;23
26.12.2020 12:15;28;8;20
26.12.2020 12:30;35;11;24
26.12.2020 12:45;44;21;23
26.12.2020 13:00;41;20;21
26.12.2020 13:15;48;13;35
26.12.2020 13:30;33;19;14
26.12.2020 13:45;62;20;42
26.12.2020 14:00;46;21;25
26.12.2020 14:15;42;25;17
26.12.2020 14:30;75;49;26
26.12.2020 14:45;44;24;20
26.12.2020 15:00;51;22;29
26.12.2020 15:15;45;24;21
26.12.2020 15:30;32;22;10
26.12.2020 15:45;53;23;30
26.12.2020 16:00;43;23;20
26.12.2020 16:15;26;15;11
26.12.2020 16:30;30;18;12
26.12.2020 16:45;48;27;21
26.12.2020 17:00;33;14;19
26.12.2020 17:15;26;13;13
26.12.2020 17:30;29;15;14
26.12.2020 17:45;31;14;17
26.12.2020 18:00;20;12;8
26.12.2020 18:15;20;9;11
26.12.2020 18:30;13;4;9
26.12.2020 18:45;14;8;6
26.12.2020 19:00;17;10;7
26.12.2020 19:15;14;7;7
26.12.2020 19:30;20;14;6
26.12.2020 19:45;22;15;7
26.12.2020 20:00;12;5;7
26.12.2020 20:15;12;2;10
26.12.2020 20:30;11;3;8
26.12.2020 20:45;9;2;7
26.12.2020 21:00;4;1;3
26.12.2020 21:15;3;2;1
26.12.2020 21:30;6;1;5
26.12.2020 21:45;3;1;2
26.12.2020 22:00;2;2;0
26.12.2020 22:15;6;0;6
26.12.2020 22:30;4;2;2
26.12.2020 22:45;4;3;1
26.12.2020 23:00;2;1;1
26.12.2020 23:15;6;1;5
26.12.2020 23:30;10;6;4
26.12.2020 23:45;9;8;1
27.12.2020 00:00;5;5;0
27.12.2020 00:15;4;1;3
27.12.2020 00:30;1;1;0
27.12.2020 00:45;4;3;1
27.12.2020 01:00;3;1;2
27.12.2020 01:15;4;3;1
27.12.2020 01:30;0;0;0
27.12.2020 01:45;1;0;1
27.12.2020 02:00;0;0;0
27.12.2020 02:15;2;2;0
27.12.2020 02:30;0;0;0
27.12.2020 02:45;0;0;0
27.12.2020 03:00;2;2;0
27.12.2020 03:15;0;0;0
27.12.2020 03:30;0;0;0
27.12.2020 03:45;2;2;0
27.12.2020 04:00;0;0;0
27.12.2020 04:15;4;4;0
27.12.2020 04:30;1;1;0
27.12.2020 04:45;4;4;0
27.12.2020 05:00;1;1;0
27.12.2020 05:15;1;1;0
27.12.2020 05:30;1;0;1
27.12.2020 05:45;2;1;1
27.12.2020 06:00;1;1;0
27.12.2020 06:15;3;2;1
27.12.2020 06:30;3;2;1
27.12.2020 06:45;4;1;3
27.12.2020 07:00;0;0;0
27.12.2020 07:15;1;1;0
27.12.2020 07:30;2;0;2
27.12.2020 07:45;3;3;0
27.12.2020 08:00;4;2;2
27.12.2020 08:15;6;5;1
27.12.2020 08:30;4;3;1
27.12.2020 08:45;4;1;3
27.12.2020 09:00;9;6;3
27.12.2020 09:15;5;4;1
27.12.2020 09:30;14;5;9
27.12.2020 09:45;19;9;10
27.12.2020 10:00;7;5;2
27.12.2020 10:15;20;14;6
27.12.2020 10:30;13;10;3
27.12.2020 10:45;19;9;10
27.12.2020 11:00;32;16;16
27.12.2020 11:15;19;6;13
27.12.2020 11:30;22;4;18
27.12.2020 11:45;22;7;15
27.12.2020 12:00;21;15;6
27.12.2020 12:15;27;17;10
27.12.2020 12:30;23;8;15
27.12.2020 12:45;36;13;23
27.12.2020 13:00;25;7;18
27.12.2020 13:15;24;19;5
27.12.2020 13:30;30;17;13
27.12.2020 13:45;49;21;28
27.12.2020 14:00;36;18;18
27.12.2020 14:15;39;9;30
27.12.2020 14:30;31;17;14
27.12.2020 14:45;42;20;22
27.12.2020 15:00;37;22;15
27.12.2020 15:15;42;16;26
27.12.2020 15:30;42;20;22
27.12.2020 15:45;43;20;23
27.12.2020 16:00;47;32;15
27.12.2020 16:15;31;19;12
27.12.2020 16:30;28;16;12
27.12.2020 16:45;38;22;16
27.12.2020 17:00;44;29;15
27.12.2020 17:15;28;14;14
27.12.2020 17:30;31;13;18
27.12.2020 17:45;24;15;9
27.12.2020 18:00;27;12;15
27.12.2020 18:15;19;10;9
27.12.2020 18:30;21;14;7
27.12.2020 18:45;19;4;15
27.12.2020 19:00;17;5;12
27.12.2020 19:15;18;11;7
27.12.2020 19:30;18;15;3
27.12.2020 19:45;32;16;16
27.12.2020 20:00;16;11;5
27.12.2020 20:15;8;3;5
27.12.2020 20:30;6;1;5
27.12.2020 20:45;1;0;1
27.12.2020 21:00;4;0;4
27.12.2020 21:15;3;2;1
27.12.2020 21:30;0;0;0
27.12.2020 21:45;7;3;4
27.12.2020 22:00;1;1;0
27.12.2020 22:15;2;0;2
27.12.2020 22:30;4;3;1
27.12.2020 22:45;1;0;1
27.12.2020 23:00;4;1;3
27.12.2020 23:15;2;2;0
27.12.2020 23:30;3;0;3
27.12.2020 23:45;0;0;0
28.12.2020 00:00;0;0;0
28.12.2020 00:15;1;1;0
28.12.2020 00:30;3;2;1
28.12.2020 00:45;1;1;0
28.12.2020 01:00;0;0;0
28.12.2020 01:15;1;1;0
28.12.2020 01:30;0;0;0
28.12.2020 01:45;1;1;0
28.12.2020 02:00;1;1;0
28.12.2020 02:15;0;0;0
28.12.2020 02:30;0;0;0
28.12.2020 02:45;0;0;0
28.12.2020 03:00;1;0;1
28.12.2020 03:15;2;1;1
28.12.2020 03:30;0;0;0
28.12.2020 03:45;1;1;0
28.12.2020 04:00;0;0;0
28.12.2020 04:15;0;0;0
28.12.2020 04:30;1;0;1
28.12.2020 04:45;4;1;3
28.12.2020 05:00;1;1;0
28.12.2020 05:15;3;0;3
28.12.2020 05:30;6;4;2
28.12.2020 05:45;9;6;3
28.12.2020 06:00;10;7;3
28.12.2020 06:15;15;12;3
28.12.2020 06:30;21;14;7
28.12.2020 06:45;18;9;9
28.12.2020 07:00;18;12;6
28.12.2020 07:15;18;12;6
28.12.2020 07:30;29;22;7
28.12.2020 07:45;35;22;13
28.12.2020 08:00;23;14;9
28.12.2020 08:15;29;20;9
28.12.2020 08:30;31;12;19
28.12.2020 08:45;43;30;13
28.12.2020 09:00;29;17;12
28.12.2020 09:15;33;20;13
28.12.2020 09:30;43;24;19
28.12.2020 09:45;29;15;14
28.12.2020 10:00;39;26;13
28.12.2020 10:15;28;21;7
28.12.2020 10:30;31;21;10
28.12.2020 10:45;37;19;18
28.12.2020 11:00;45;24;21
28.12.2020 11:15;36;18;18
28.12.2020 11:30;52;27;25
28.12.2020 11:45;28;12;16
28.12.2020 12:00;41;22;19
28.12.2020 12:15;37;13;24
28.12.2020 12:30;43;18;25
28.12.2020 12:45;48;18;30
28.12.2020 13:00;53;20;33
28.12.2020 13:15;44;18;26
28.12.2020 13:30;39;19;20
28.12.2020 13:45;51;28;23
28.12.2020 14:00;51;22;29
28.12.2020 14:15;39;21;18
28.12.2020 14:30;45;25;20
28.12.2020 14:45;51;28;23
28.12.2020 15:00;47;18;29
28.12.2020 15:15;38;18;20
28.12.2020 15:30;48;17;31
28.12.2020 15:45;50;23;27
28.12.2020 16:00;50;25;25
28.12.2020 16:15;60;31;29
28.12.2020 16:30;54;24;30
28.12.2020 16:45;60;28;32
28.12.2020 17:00;68;35;33
28.12.2020 17:15;52;18;34
28.12.2020 17:30;55;21;34
28.12.2020 17:45;49;25;24
28.12.2020 18:00;33;17;16
28.12.2020 18:15;47;26;21
28.12.2020 18:30;36;12;24
28.12.2020 18:45;29;12;17
28.12.2020 19:00;34;11;23
28.12.2020 19:15;28;12;16
28.12.2020 19:30;29;12;17
28.12.2020 19:45;48;30;18
28.12.2020 20:00;23;11;12
28.12.2020 20:15;8;2;6
28.12.2020 20:30;4;1;3
28.12.2020 20:45;3;2;1
28.12.2020 21:00;5;2;3
28.12.2020 21:15;7;3;4
28.12.2020 21:30;2;1;1
28.12.2020 21:45;3;1;2
28.12.2020 22:00;4;2;2
28.12.2020 22:15;3;3;0
28.12.2020 22:30;0;0;0
28.12.2020 22:45;1;1;0
28.12.2020 23:00;2;0;2
28.12.2020 23:15;7;5;2
28.12.2020 23:30;0;0;0
28.12.2020 23:45;0;0;0
29.12.2020 00:00;1;0;1
29.12.2020 00:15;2;0;2
29.12.2020 00:30;1;1;0
29.12.2020 00:45;2;2;0
29.12.2020 01:00;2;1;1
29.12.2020 01:15;0;0;0
29.12.2020 01:30;1;1;0
29.12.2020 01:45;1;0;1
29.12.2020 02:00;0;0;0
29.12.2020 02:15;3;1;2
29.12.2020 02:30;0;0;0
29.12.2020 02:45;0;0;0
29.12.2020 03:00;1;1;0
29.12.2020 03:15;2;0;2
29.12.2020 03:30;0;0;0
29.12.2020 03:45;0;0;0
29.12.2020 04:00;1;1;0
29.12.2020 04:15;0;0;0
29.12.2020 04:30;5;1;4
29.12.2020 04:45;2;2;0
29.12.2020 05:00;1;1;0
29.12.2020 05:15;1;1;0
29.12.2020 05:30;1;0;1
29.12.2020 05:45;12;9;3
29.12.2020 06:00;13;8;5
29.12.2020 06:15;20;16;4
29.12.2020 06:30;16;12;4
29.12.2020 06:45;20;9;11
29.12.2020 07:00;11;5;6
29.12.2020 07:15;25;14;11
29.12.2020 07:30;25;13;12
29.12.2020 07:45;34;21;13
29.12.2020 08:00;22;13;9
29.12.2020 08:15;33;20;13
29.12.2020 08:30;35;24;11
29.12.2020 08:45;37;22;15
29.12.2020 09:00;33;22;11
29.12.2020 09:15;44;25;19
29.12.2020 09:30;56;35;21
29.12.2020 09:45;57;41;16
29.12.2020 10:00;66;36;30
29.12.2020 10:15;54;32;22
29.12.2020 10:30;62;39;23
29.12.2020 10:45;82;40;42
29.12.2020 11:00;70;38;32
29.12.2020 11:15;76;33;43
29.12.2020 11:30;81;44;37
29.12.2020 11:45;79;31;48
29.12.2020 12:00;57;32;25
29.12.2020 12:15;71;18;53
29.12.2020 12:30;78;37;41
29.12.2020 12:45;83;41;42
29.12.2020 13:00;77;33;44
29.12.2020 13:15;74;23;51
29.12.2020 13:30;77;38;39
29.12.2020 13:45;89;44;45
29.12.2020 14:00;79;31;48
29.12.2020 14:15;105;46;59
29.12.2020 14:30;107;60;47
29.12.2020 14:45;113;52;61
29.12.2020 15:00;85;33;52
29.12.2020 15:15;87;47;40
29.12.2020 15:30;101;62;39
29.12.2020 15:45;104;40;64
29.12.2020 16:00;98;53;45
29.12.2020 16:15;83;39;44
29.12.2020 16:30;97;45;52
29.12.2020 16:45;78;36;42
29.12.2020 17:00;58;25;33
29.12.2020 17:15;53;31;22
29.12.2020 17:30;39;12;27
29.12.2020 17:45;40;24;16
29.12.2020 18:00;23;6;17
29.12.2020 18:15;37;14;23
29.12.2020 18:30;29;14;15
29.12.2020 18:45;35;17;18
29.12.2020 19:00;37;11;26
29.12.2020 19:15;28;13;15
29.12.2020 19:30;34;16;18
29.12.2020 19:45;61;33;28
29.12.2020 20:00;19;10;9
29.12.2020 20:15;14;5;9
29.12.2020 20:30;7;1;6
29.12.2020 20:45;5;3;2
29.12.2020 21:00;3;1;2
29.12.2020 21:15;4;3;1
29.12.2020 21:30;3;2;1
29.12.2020 21:45;2;0;2
29.12.2020 22:00;3;0;3
29.12.2020 22:15;0;0;0
29.12.2020 22:30;3;2;1
29.12.2020 22:45;0;0;0
29.12.2020 23:00;2;1;1
29.12.2020 23:15;2;0;2
29.12.2020 23:30;1;0;1
29.12.2020 23:45;0;0;0
30.12.2020 00:00;1;1;0
30.12.2020 00:15;2;0;2
30.12.2020 00:30;1;1;0
30.12.2020 00:45;2;1;1
30.12.2020 01:00;0;0;0
30.12.2020 01:15;2;2;0
30.12.2020 01:30;0;0;0
30.12.2020 01:45;0;0;0
30.12.2020 02:00;1;1;0
30.12.2020 02:15;0;0;0
30.12.2020 02:30;0;0;0
30.12.2020 02:45;1;1;0
30.12.2020 03:00;1;0;1
30.12.2020 03:15;1;0;1
30.12.2020 03:30;1;0;1
30.12.2020 03:45;0;0;0
30.12.2020 04:00;1;1;0
30.12.2020 04:15;3;1;2
30.12.2020 04:30;0;0;0
30.12.2020 04:45;0;0;0
30.12.2020 05:00;1;1;0
30.12.2020 05:15;1;1;0
30.12.2020 05:30;3;0;3
30.12.2020 05:45;18;13;5
30.12.2020 06:00;9;5;4
30.12.2020 06:15;14;10;4
30.12.2020 06:30;11;6;5
30.12.2020 06:45;11;8;3
30.12.2020 07:00;26;16;10
30.12.2020 07:15;23;12;11
30.12.2020 07:30;20;13;7
30.12.2020 07:45;31;22;9
30.12.2020 08:00;25;12;13
30.12.2020 08:15;29;18;11
30.12.2020 08:30;32;17;15
30.12.2020 08:45;43;28;15
30.12.2020 09:00;21;12;9
30.12.2020 09:15;32;19;13
30.12.2020 09:30;47;23;24
30.12.2020 09:45;42;17;25
30.12.2020 10:00;40;22;18
30.12.2020 10:15;43;20;23
30.12.2020 10:30;67;36;31
30.12.2020 10:45;61;30;31
30.12.2020 11:00;84;39;45
30.12.2020 11:15;62;21;41
30.12.2020 11:30;70;35;35
30.12.2020 11:45;68;36;32
30.12.2020 12:00;73;32;41
30.12.2020 12:15;67;23;44
30.12.2020 12:30;92;44;48
30.12.2020 12:45;85;38;47
30.12.2020 13:00;71;31;40
30.12.2020 13:15;64;32;32
30.12.2020 13:30;86;37;49
30.12.2020 13:45;107;41;66
30.12.2020 14:00;71;32;39
30.12.2020 14:15;77;52;25
30.12.2020 14:30;100;50;50
30.12.2020 14:45;87;40;47
30.12.2020 15:00;98;48;50
30.12.2020 15:15;94;48;46
30.12.2020 15:30;87;43;44
30.12.2020 15:45;94;50;44
30.12.2020 16:00;81;36;45
30.12.2020 16:15;80;41;39
30.12.2020 16:30;82;30;52
30.12.2020 16:45;87;41;46
30.12.2020 17:00;84;39;45
30.12.2020 17:15;59;25;34
30.12.2020 17:30;40;20;20
30.12.2020 17:45;70;29;41
30.12.2020 18:00;51;25;26
30.12.2020 18:15;48;20;28
30.12.2020 18:30;37;8;29
30.12.2020 18:45;53;20;33
30.12.2020 19:00;40;16;24
30.12.2020 19:15;44;17;27
30.12.2020 19:30;54;24;30
30.12.2020 19:45;71;43;28
30.12.2020 20:00;30;14;16
30.12.2020 20:15;14;4;10
30.12.2020 20:30;9;3;6
30.12.2020 20:45;6;0;6
30.12.2020 21:00;2;2;0
30.12.2020 21:15;5;2;3
30.12.2020 21:30;4;0;4
30.12.2020 21:45;1;1;0
30.12.2020 22:00;5;2;3
30.12.2020 22:15;4;1;3
30.12.2020 22:30;4;1;3
30.12.2020 22:45;1;1;0
30.12.2020 23:00;0;0;0
30.12.2020 23:15;1;1;0
30.12.2020 23:30;2;2;0
30.12.2020 23:45;0;0;0
31.12.2020 00:00;1;0;1
31.12.2020 00:15;2;2;0
31.12.2020 00:30;2;1;1
31.12.2020 00:45;0;0;0
31.12.2020 01:00;1;0;1
31.12.2020 01:15;1;1;0
31.12.2020 01:30;2;2;0
31.12.2020 01:45;1;1;0
31.12.2020 02:00;0;0;0
31.12.2020 02:15;0;0;0
31.12.2020 02:30;0;0;0
31.12.2020 02:45;3;2;1
31.12.2020 03:00;1;0;1
31.12.2020 03:15;1;0;1
31.12.2020 03:30;1;0;1
31.12.2020 03:45;0;0;0
31.12.2020 04:00;0;0;0
31.12.2020 04:15;3;2;1
31.12.2020 04:30;0;0;0
31.12.2020 04:45;2;0;2
31.12.2020 05:00;2;2;0
31.12.2020 05:15;0;0;0
31.12.2020 05:30;8;4;4
31.12.2020 05:45;8;5;3
31.12.2020 06:00;7;3;4
31.12.2020 06:15;4;3;1
31.12.2020 06:30;7;4;3
31.12.2020 06:45;8;5;3
31.12.2020 07:00;8;6;2
31.12.2020 07:15;10;6;4
31.12.2020 07:30;13;6;7
31.12.2020 07:45;16;10;6
31.12.2020 08:00;18;15;3
31.12.2020 08:15;21;10;11
31.12.2020 08:30;24;13;11
31.12.2020 08:45;20;10;10
31.12.2020 09:00;27;15;12
31.12.2020 09:15;32;14;18
31.12.2020 09:30;41;24;17
31.12.2020 09:45;63;39;24
31.12.2020 10:00;65;39;26
31.12.2020 10:15;58;32;26
31.12.2020 10:30;73;43;30
31.12.2020 10:45;72;37;35
31.12.2020 11:00;66;28;38
31.12.2020 11:15;80;34;46
31.12.2020 11:30;78;30;48
31.12.2020 11:45;77;41;36
31.12.2020 12:00;64;27;37
31.12.2020 12:15;81;43;38
31.12.2020 12:30;81;30;51
31.12.2020 12:45;69;28;41
31.12.2020 13:00;64;28;36
31.12.2020 13:15;71;28;43
31.12.2020 13:30;74;25;49
31.12.2020 13:45;60;27;33
31.12.2020 14:00;50;19;31
31.12.2020 14:15;83;35;48
31.12.2020 14:30;51;20;31
31.12.2020 14:45;66;38;28
31.12.2020 15:00;63;29;34
31.12.2020 15:15;60;34;26
31.12.2020 15:30;57;29;28
31.12.2020 15:45;56;33;23
31.12.2020 16:00;67;40;27
31.12.2020 16:15;64;30;34
31.12.2020 16:30;51;27;24
31.12.2020 16:45;43;23;20
31.12.2020 17:00;40;22;18
31.12.2020 17:15;34;19;15
31.12.2020 17:30;32;16;16
31.12.2020 17:45;45;22;23
31.12.2020 18:00;34;17;17
31.12.2020 18:15;33;16;17
31.12.2020 18:30;34;9;25
31.12.2020 18:45;36;20;16
31.12.2020 19:00;32;15;17
31.12.2020 19:15;37;19;18
31.12.2020 19:30;52;40;12
31.12.2020 19:45;53;32;21
31.12.2020 20:00;21;12;9
31.12.2020 20:15;5;1;4
31.12.2020 20:30;5;2;3
31.12.2020 20:45;1;1;0
31.12.2020 21:00;3;1;2
31.12.2020 21:15;4;4;0
31.12.2020 21:30;1;1;0
31.12.2020 21:45;5;4;1
31.12.2020 22:00;4;0;4
31.12.2020 22:15;4;2;2
31.12.2020 22:30;2;2;0
31.12.2020 22:45;1;0;1
31.12.2020 23:00;1;1;0
31.12.2020 23:15;0;0;0
31.12.2020 23:30;4;4;0
31.12.2020 23:45;0;0;0
